0 0 0 0 0 0 0 0 0 0 0 0 0 0 0 0 0 0 0 0 0 0 0 0 0 0 0 0 0 0 0 0 0 0 0 0 0 0 0 0 0 0 0 0 0 0 0 0 0 0
0 0 0 0 0 0 0 0 0 0 0 0 0 0 0 0 0 0 0 0 0 0 0 0 0 0 0 0 0 0 0 0 0 0 0 0 0 0 0 0 0 0 0 0 0 0 0 0 0 0
0 0 0 0 0 0 0 0 0 0 0 0 0 0 0 0 0 0 0 0 0 0 0 0 0 0 0 0 0 0 0 0 0 0 0 0 0 0 0 0 0 0 0 0 0 0 0 0 0 0
0 0 0 0 0 0 0 0 0 0 0 0 0 0 0 0 0 0 0 0 0 0 0 0 0 0 0 0 0 0 0 0 0 0 0 0 0 0 0 0 0 0 0 0 0 0 0 0 0 0
0 0 0 0 0 0 0 0 0 0 0 0 0 0 0 0 0 0 0 0 0 0 0 0 0 0 0 0 0 0 0 0 0 0 0 0 0 0 0 0 0 0 0 0 0 0 0 0 0 0
0 0 0 0 0 0 0 0 0 0 0 0 0 0 0 0 0 0 0 0 0 0 0 0 0 0 0 0 0 0 0 0 0 0 0 0 0 0 0 0 0 0 0 0 0 0 0 0 0 0
0 0 0 0 0 0 0 0 0 0 0 0 0 0 0 0 0 0 0 0 0 0 0 0 0 0 0 0 0 0 0 0 0 0 0 0 0 0 0 0 0 0 0 0 0 0 0 0 0 0
0 0 0 0 0 0 0 0 0 0 0 0 0 0 0 0 0 0 0 0 0 0 0 0 0 0 0 0 0 0 0 0 0 0 0 0 0 0 0 0 0 0 0 0 0 0 0 0 0 0
0 0 0 0 0 0 0 0 0 0 0 0 0 0 0 0 0 0 0 0 0 0 0 0 0 0 0 0 0 0 0 0 0 0 0 0 0 0 0 0 0 0 0 0 0 0 0 0 0 0
0 0 0 0 0 0 0 0 0 95 3 3 0 0 0 0 0 0 0 0 0 0 0 0 0 0 0 88 88 88 88 88 88 88 0 0 0 0 0 0 0 0 0 0 0 0 0 0 0 0
0 0 0 0 66 66 66 66 66 95 46 56 0 0 0 0 0 0 0 0 0 0 0 0 88 88 88 88 98 98 98 98 98 88 0 0 0 0 14 0 0 0 0 0 0 0 0 0 0 0
0 66 66 66 66 9 9 9 9 9 46 29 29 0 0 0 0 0 0 0 0 0 0 88 88 98 98 98 98 86 69 69 98 88 88 54 54 89 14 0 0 0 0 0 0 0 0 0 0 0
0 66 9 9 9 9 50 50 50 87 87 87 29 29 29 29 29 29 0 0 0 0 0 88 98 98 52 52 52 52 13 69 98 88 88 98 14 14 14 14 0 0 0 0 0 0 0 0 0 0
0 37 50 50 50 50 50 37 37 37 37 87 87 87 87 87 87 29 29 0 0 0 0 88 98 52 52 13 13 13 13 69 98 88 88 98 16 16 16 14 0 0 0 0 0 0 0 0 0 0
0 37 37 37 37 37 37 37 37 59 37 37 37 37 37 37 87 87 29 0 0 38 88 88 98 52 13 13 69 69 69 69 98 98 98 98 16 48 16 14 0 0 0 0 0 0 0 0 0 0
0 0 0 0 0 0 0 0 37 59 59 59 59 59 59 37 37 87 29 0 0 38 2 98 98 52 13 69 69 98 98 98 98 16 16 16 16 92 34 14 79 0 0 0 0 0 0 0 0 0
0 0 0 0 0 0 0 0 25 0 0 0 0 0 59 59 37 87 29 29 0 38 2 96 52 52 13 69 16 16 16 98 16 16 92 92 92 92 34 67 67 0 0 0 0 0 0 0 0 0
0 0 0 0 0 0 0 0 0 0 0 0 0 0 0 59 37 87 87 29 0 38 38 96 52 13 13 69 69 69 16 16 16 92 92 34 34 34 34 90 90 90 90 90 0 0 0 0 0 0
0 0 0 0 0 0 0 0 0 0 0 0 0 0 0 59 37 37 87 29 0 0 38 96 52 13 13 13 63 11 11 16 16 92 34 34 64 64 64 64 64 64 64 90 90 90 0 0 0 0
0 0 0 0 0 0 0 0 0 0 0 0 0 0 0 59 59 37 87 29 38 38 38 96 52 52 52 52 63 10 92 92 92 92 34 34 45 45 45 45 45 45 64 64 64 90 0 0 0 0
0 0 0 0 0 0 0 0 0 0 0 0 59 59 59 59 59 37 87 29 29 94 96 96 96 96 96 52 63 10 32 34 34 34 34 34 45 76 76 76 76 45 45 45 64 90 0 0 0 0
0 0 0 0 0 0 0 0 0 0 59 59 59 37 37 37 37 37 87 87 49 49 49 52 52 52 52 52 63 10 32 45 45 45 45 45 45 76 90 90 76 76 76 76 90 90 0 0 0 0
0 0 0 0 0 0 0 0 0 59 59 37 37 37 73 73 73 97 97 97 97 97 49 49 23 6 70 70 70 10 74 45 76 76 76 76 76 76 90 90 90 90 90 90 90 0 0 0 0 0
0 0 0 0 0 0 0 0 0 59 33 33 73 73 73 44 44 44 44 44 44 97 97 28 23 6 5 5 5 5 74 35 76 90 90 90 90 90 90 0 0 0 0 0 0 0 0 0 0 0
0 0 0 0 0 0 0 0 0 59 33 72 44 44 44 44 72 72 72 72 44 44 44 28 28 6 1 60 60 60 60 35 76 90 0 0 0 0 0 0 0 0 0 0 0 0 0 0 0 0
0 0 0 0 0 0 0 0 0 59 33 72 72 72 72 72 72 33 33 72 72 65 4 4 28 6 1 60 47 47 35 35 76 90 0 0 0 0 0 0 0 0 0 0 0 0 0 0 0 0
0 0 0 0 0 0 0 0 0 59 33 33 33 33 33 33 33 33 33 33 68 65 4 17 17 6 1 60 60 47 47 47 76 90 53 20 0 0 0 0 0 0 0 0 0 0 0 0 0 0
0 0 0 0 0 0 0 0 0 59 59 59 59 59 59 59 59 59 59 33 68 65 4 17 43 6 1 1 60 60 60 47 82 90 71 20 27 0 0 0 0 0 0 0 0 0 0 0 0 0
0 0 0 0 0 0 0 0 0 0 0 0 0 0 0 0 0 0 59 33 99 65 84 17 17 17 57 1 1 1 60 47 82 82 82 82 27 0 0 0 0 0 0 0 0 0 0 0 0 0
0 0 0 0 0 0 0 0 0 0 0 0 0 0 0 0 0 0 75 75 99 30 84 31 31 31 57 55 12 1 60 47 47 18 85 78 27 0 0 0 0 0 0 0 0 0 0 0 0 0
0 0 0 0 0 0 0 0 0 0 0 0 0 0 75 75 75 75 75 99 99 30 93 93 40 12 12 12 12 1 60 60 47 36 85 78 0 0 0 0 0 0 0 0 0 0 0 0 0 0
0 0 0 0 0 0 0 0 0 0 0 0 0 0 75 99 99 99 99 99 26 30 42 42 40 40 40 40 40 1 1 15 47 41 85 21 0 0 0 0 0 0 0 0 0 0 0 0 0 0
0 0 0 0 0 0 0 0 0 0 0 0 0 0 75 99 26 26 26 26 26 26 26 42 42 42 42 42 42 42 1 1 1 41 85 21 21 0 0 0 0 0 0 0 0 0 0 0 0 0
0 0 0 0 0 0 0 0 0 0 75 75 75 75 75 99 26 77 77 77 77 77 77 77 77 77 77 51 22 22 22 22 22 22 85 58 21 0 0 0 0 0 0 0 0 0 0 0 0 0
0 0 0 0 0 0 0 0 0 0 75 80 99 99 99 99 26 77 77 0 0 0 0 0 0 0 77 19 19 19 19 19 19 22 22 58 21 81 0 0 0 0 0 0 0 0 0 0 0 0
0 0 0 0 0 0 0 0 0 0 75 80 61 26 26 26 26 26 77 0 0 0 0 0 0 0 0 0 0 0 0 0 19 19 22 62 62 62 0 0 0 0 0 0 0 0 0 0 0 0
0 0 0 0 0 0 0 0 0 0 75 80 80 80 80 80 80 26 77 0 0 0 0 0 0 0 0 0 0 0 0 0 0 19 22 22 22 22 0 0 0 0 0 0 0 0 0 0 0 0
0 0 0 0 0 0 0 0 0 0 75 75 75 75 7 80 80 26 77 0 0 0 0 0 0 0 0 0 0 0 0 0 0 19 19 19 19 22 0 0 0 0 0 0 0 0 0 0 0 0
0 0 0 0 0 0 0 0 0 0 0 8 24 80 80 80 26 26 77 0 0 0 0 0 0 0 0 0 0 0 0 0 0 0 0 0 19 22 0 0 0 0 0 0 0 0 0 0 0 0
0 0 0 0 0 0 0 0 0 0 0 0 24 91 26 26 26 77 77 0 0 0 0 0 0 0 0 0 0 0 0 0 0 0 0 0 19 22 0 0 0 0 0 0 0 0 0 0 0 0
0 0 0 0 0 0 0 0 0 0 0 0 0 91 26 83 83 77 0 0 0 0 0 0 0 0 0 0 0 0 0 0 0 0 0 0 19 22 0 0 0 0 0 0 0 0 0 0 0 0
0 0 0 0 0 0 0 0 0 0 0 0 0 91 26 39 83 77 0 0 0 0 0 0 0 0 0 0 0 0 0 0 0 0 0 0 19 22 22 0 0 0 0 0 0 0 0 0 0 0
0 0 0 0 0 0 0 0 0 0 0 0 0 91 26 26 91 77 0 0 0 0 0 0 0 0 0 0 0 0 0 0 0 0 0 0 19 19 22 22 0 0 0 0 0 0 0 0 0 0
0 0 0 0 0 0 0 0 0 0 0 0 0 91 91 91 91 0 0 0 0 0 0 0 0 0 0 0 0 0 0 0 0 0 0 0 0 19 100 22 0 0 0 0 0 0 0 0 0 0
0 0 0 0 0 0 0 0 0 0 0 0 0 0 0 0 0 0 0 0 0 0 0 0 0 0 0 0 0 0 0 0 0 0 0 0 0 19 19 0 0 0 0 0 0 0 0 0 0 0
0 0 0 0 0 0 0 0 0 0 0 0 0 0 0 0 0 0 0 0 0 0 0 0 0 0 0 0 0 0 0 0 0 0 0 0 0 0 0 0 0 0 0 0 0 0 0 0 0 0
0 0 0 0 0 0 0 0 0 0 0 0 0 0 0 0 0 0 0 0 0 0 0 0 0 0 0 0 0 0 0 0 0 0 0 0 0 0 0 0 0 0 0 0 0 0 0 0 0 0
0 0 0 0 0 0 0 0 0 0 0 0 0 0 0 0 0 0 0 0 0 0 0 0 0 0 0 0 0 0 0 0 0 0 0 0 0 0 0 0 0 0 0 0 0 0 0 0 0 0
0 0 0 0 0 0 0 0 0 0 0 0 0 0 0 0 0 0 0 0 0 0 0 0 0 0 0 0 0 0 0 0 0 0 0 0 0 0 0 0 0 0 0 0 0 0 0 0 0 0
0 0 0 0 0 0 0 0 0 0 0 0 0 0 0 0 0 0 0 0 0 0 0 0 0 0 0 0 0 0 0 0 0 0 0 0 0 0 0 0 0 0 0 0 0 0 0 0 0 0
