0 0 0 0 0 0 0 0 0 0 0 0 0 0 0 0 0 0 0 0 0 0 0 0 0 0 0 0 0 0 0 0 0 0 0 0 0 0 0 0 0 0 0 0 0 0 0 0 0 0
0 0 0 0 0 0 0 0 0 0 0 0 0 0 0 0 0 0 0 0 0 0 13 13 78 78 0 0 0 0 0 0 0 0 0 0 0 0 0 0 0 0 0 0 0 0 0 0 0 0
0 0 0 0 0 0 0 0 0 0 0 0 0 0 0 0 0 0 0 0 0 0 13 16 34 78 0 0 0 0 0 0 0 0 0 0 0 0 0 0 0 0 0 0 0 0 0 0 0 0
0 0 0 0 0 0 0 0 0 0 0 0 0 0 0 0 0 0 0 0 0 0 13 16 34 78 78 0 0 0 0 0 0 0 0 0 0 0 0 0 0 0 0 0 0 0 0 0 0 0
0 0 0 0 0 0 0 0 0 0 0 0 0 0 0 0 0 0 0 0 0 0 13 16 34 34 78 0 0 0 0 0 0 0 0 0 0 0 0 0 0 0 0 0 0 0 0 0 0 0
0 0 0 0 0 0 0 0 0 0 0 0 0 0 0 0 0 0 0 13 13 13 13 16 16 34 78 0 0 0 0 78 78 90 90 90 90 90 0 0 0 0 0 0 0 0 0 0 0 0
0 0 0 0 0 0 0 0 0 0 0 0 0 0 0 0 0 0 0 13 16 16 16 16 16 34 78 0 0 0 0 78 9 9 98 98 98 90 0 0 0 0 0 0 0 0 0 0 0 0
0 0 0 0 0 0 0 0 0 0 0 0 0 0 0 0 0 0 0 13 16 73 73 16 16 34 78 0 0 0 0 78 9 62 93 93 98 90 0 0 0 0 0 0 0 0 0 0 0 0
0 0 0 0 0 0 0 0 0 0 0 0 0 0 0 0 0 0 0 13 16 73 51 9 16 34 78 78 0 0 0 78 9 62 62 93 98 90 90 0 0 0 0 0 0 0 0 0 0 0
0 0 0 0 0 0 0 0 0 0 0 0 0 0 0 0 0 0 0 13 16 73 51 9 9 34 34 78 0 0 0 78 9 9 62 93 98 98 21 0 0 0 0 0 0 0 0 0 0 0
0 0 0 0 0 0 0 0 0 0 0 0 0 0 0 0 0 40 40 13 16 73 51 51 9 9 34 78 78 78 78 78 78 9 62 93 93 93 21 0 0 0 0 0 0 0 0 0 0 0
0 0 0 0 0 0 0 0 0 0 0 0 0 0 0 10 72 72 16 16 16 73 51 32 44 9 34 34 78 78 9 9 9 9 62 93 53 93 21 0 0 0 0 0 0 0 0 0 0 0
0 0 0 0 0 0 0 0 0 0 0 0 0 0 0 10 61 72 73 67 73 73 51 32 44 9 9 34 78 78 9 62 62 62 62 62 93 93 21 0 0 0 0 0 0 0 0 0 0 0
0 0 0 0 0 0 0 0 0 0 0 0 0 0 0 0 61 92 73 73 73 51 51 32 44 44 9 34 78 78 9 84 93 93 93 93 93 21 21 0 0 0 0 0 0 0 0 0 0 0
0 0 0 0 0 0 0 0 0 0 0 0 0 0 0 0 26 92 92 73 73 51 32 32 57 44 9 34 78 9 9 84 25 25 25 21 21 21 29 0 0 0 0 0 0 0 0 0 0 0
0 0 0 0 0 0 0 0 0 0 0 0 0 0 0 0 26 26 92 92 92 92 32 84 44 44 9 8 78 9 84 84 84 84 25 25 11 15 29 0 0 0 0 0 0 0 0 0 0 0
0 0 0 0 0 0 0 0 0 0 0 0 0 0 0 0 0 26 26 26 26 92 32 84 84 84 9 8 9 9 84 86 86 86 22 20 11 0 0 0 0 0 0 0 0 0 0 0 0 0
0 0 0 0 0 0 0 0 0 0 0 0 0 0 0 0 0 80 80 80 26 92 32 32 32 84 9 9 9 84 84 86 22 22 22 20 0 0 0 0 0 0 0 0 0 0 0 0 0 0
0 0 0 0 0 0 0 0 0 0 0 0 0 0 0 0 0 80 26 26 26 92 92 92 32 84 9 9 84 84 86 86 22 20 20 20 0 0 0 0 0 0 0 0 0 0 0 0 0 0
0 0 0 0 0 0 0 0 0 0 0 0 0 0 0 0 0 80 55 50 92 92 92 92 32 84 84 84 84 86 86 22 22 20 0 0 0 0 0 0 0 0 0 0 0 0 0 0 0 0
0 0 0 0 0 0 0 0 0 0 0 0 0 0 0 0 0 80 55 47 47 1 32 32 32 32 32 32 84 86 22 22 20 20 0 0 0 0 0 0 0 0 0 0 0 0 0 0 0 0
0 0 0 0 0 0 0 0 0 0 0 0 0 0 0 0 0 80 55 55 70 1 63 63 63 37 38 86 86 86 22 20 20 20 0 0 0 0 20 20 20 20 20 20 0 0 0 0 0 0
0 0 0 0 0 0 0 0 0 0 0 0 0 0 0 0 0 80 80 28 70 1 70 42 42 37 37 37 79 22 22 22 22 20 20 20 0 0 20 22 22 22 87 20 0 0 0 0 0 0
0 0 0 0 0 0 0 0 0 0 0 0 0 0 0 0 0 0 80 28 70 70 70 68 74 74 74 37 69 69 69 69 22 22 22 20 20 20 20 22 69 69 58 20 0 0 0 0 0 0
0 0 0 0 0 0 0 0 0 0 0 0 0 0 0 0 0 0 80 28 28 28 28 68 77 77 74 37 69 4 4 69 69 69 22 22 20 20 22 22 69 58 58 56 0 0 0 0 0 0
0 0 0 0 0 0 0 0 0 0 0 0 0 0 0 0 0 0 80 80 80 80 28 28 28 77 74 37 69 4 4 4 4 69 69 22 22 22 22 69 69 58 56 56 0 0 0 0 0 0
0 0 0 0 0 0 0 0 0 0 0 0 0 0 0 0 0 0 0 0 0 80 80 80 28 77 74 37 69 4 14 14 4 4 69 22 22 69 69 69 58 58 56 0 0 0 0 0 0 0
0 0 0 0 0 0 0 0 0 0 0 0 0 0 0 0 0 0 0 0 0 0 80 28 28 77 74 37 23 4 14 14 14 4 69 69 69 69 58 58 58 56 56 0 0 0 0 0 0 0
0 0 0 0 0 0 0 0 0 0 0 0 0 0 0 0 0 0 0 0 0 0 80 28 77 77 74 74 30 4 14 19 14 4 4 4 69 6 58 58 56 56 0 0 0 0 0 0 0 0
0 0 0 0 0 0 0 0 0 0 0 0 0 0 80 80 80 80 80 80 80 80 80 28 77 91 91 30 30 14 14 19 14 14 14 4 69 69 69 58 82 0 0 0 0 0 0 0 0 0
0 0 0 0 0 0 0 0 0 0 0 100 100 100 80 28 28 28 28 28 28 28 28 28 77 91 96 30 19 19 19 19 19 19 14 4 69 24 69 88 82 0 0 0 0 0 0 0 0 0
0 0 0 0 0 0 0 0 0 0 0 100 83 28 28 28 77 77 77 77 77 77 77 77 77 91 96 71 71 71 71 71 71 19 14 4 69 24 36 88 82 0 0 0 0 0 0 0 0 0
0 0 0 0 0 0 0 0 0 0 0 100 83 52 3 3 77 91 91 91 91 77 77 91 91 91 96 39 0 0 0 0 71 19 14 4 41 24 36 94 82 0 0 0 0 0 0 0 0 0
0 0 0 0 0 0 0 0 0 0 0 99 99 52 7 97 91 91 96 96 91 91 77 91 96 96 96 39 0 0 0 0 71 19 14 4 24 24 36 94 94 0 0 0 0 0 0 0 0 0
0 0 0 0 0 0 0 0 0 0 0 99 7 7 7 97 96 96 96 96 96 91 77 91 96 39 39 39 0 0 0 0 71 19 14 4 36 36 36 12 94 94 0 0 0 0 0 0 0 0
0 0 0 0 0 0 0 0 0 0 99 99 65 48 60 60 60 49 39 39 96 91 91 91 96 39 0 0 0 0 0 0 71 19 14 4 4 4 43 43 43 94 0 0 0 0 0 0 0 0
0 76 99 99 99 99 0 0 0 0 99 65 65 48 54 54 75 75 39 39 96 96 96 96 96 39 0 0 0 0 0 0 71 19 14 14 14 4 43 89 43 94 94 0 0 0 0 0 0 0
0 64 65 65 65 99 99 99 99 99 99 65 33 48 2 54 54 75 95 39 39 39 39 39 39 39 0 0 0 0 0 0 71 19 19 4 4 4 43 89 43 43 94 0 0 0 0 0 0 0
0 64 64 64 65 65 65 99 99 65 65 65 33 2 2 2 54 75 95 0 0 0 0 0 0 0 0 0 0 0 0 0 71 19 5 4 43 43 43 89 89 43 94 0 0 0 0 0 0 0
0 0 0 64 64 64 65 65 65 65 64 64 64 2 0 2 54 75 95 0 0 0 0 0 0 0 0 0 0 0 71 71 71 19 19 18 18 89 89 89 89 43 94 94 94 94 0 0 0 0
0 0 0 0 0 64 64 64 64 64 64 0 64 31 0 2 54 75 95 95 0 0 0 0 0 0 0 0 0 71 71 46 46 46 59 59 59 59 27 27 89 43 43 43 43 94 0 0 0 0
0 0 0 0 0 0 0 0 0 0 0 0 0 0 0 2 54 75 75 95 0 0 0 0 0 0 0 71 71 71 81 46 59 59 59 0 0 0 0 27 89 89 89 89 43 94 0 0 0 0
0 0 0 0 0 0 0 0 0 0 0 0 0 0 0 17 54 54 75 95 0 0 0 0 0 0 0 71 59 71 71 59 59 0 0 0 0 0 0 27 27 27 27 89 43 94 0 0 0 0
0 0 0 0 0 0 0 0 0 0 0 0 0 0 0 17 75 75 75 95 0 0 0 0 0 0 0 71 59 59 59 59 0 0 0 0 0 0 0 0 0 0 27 89 43 94 0 0 0 0
0 0 0 0 0 0 0 0 0 0 0 0 0 0 0 17 66 95 95 95 0 0 0 0 0 0 71 71 0 0 0 0 0 0 0 0 0 0 0 0 0 0 27 89 43 35 0 0 0 0
0 0 0 0 0 0 0 0 0 0 0 0 0 0 0 95 95 95 0 0 0 0 0 0 0 71 85 71 0 0 0 0 0 0 0 0 0 0 0 0 0 0 27 89 43 35 45 0 0 0
0 0 0 0 0 0 0 0 0 0 0 0 0 0 0 0 0 0 0 0 0 0 0 0 0 71 71 71 0 0 0 0 0 0 0 0 0 0 0 0 0 0 27 89 89 27 45 0 0 0
0 0 0 0 0 0 0 0 0 0 0 0 0 0 0 0 0 0 0 0 0 0 0 0 0 0 0 0 0 0 0 0 0 0 0 0 0 0 0 0 0 0 27 27 27 27 0 0 0 0
0 0 0 0 0 0 0 0 0 0 0 0 0 0 0 0 0 0 0 0 0 0 0 0 0 0 0 0 0 0 0 0 0 0 0 0 0 0 0 0 0 0 0 0 0 0 0 0 0 0
0 0 0 0 0 0 0 0 0 0 0 0 0 0 0 0 0 0 0 0 0 0 0 0 0 0 0 0 0 0 0 0 0 0 0 0 0 0 0 0 0 0 0 0 0 0 0 0 0 0
