0 0 0 0 0 0 0 0 0 0 0 0 0 0 0 0 0 0 0 0 0 0 0 0 0 0 0 0 0 0 0 0 0 0 0 0 0 0 0 0 0 0 0 0 0 0 0 0 0 0
0 0 0 0 0 85 85 0 0 0 0 0 0 0 0 0 0 0 0 0 0 0 0 0 0 0 0 0 0 0 0 0 0 0 0 0 0 0 0 0 0 0 0 0 0 0 0 0 0 0
0 0 0 54 70 11 85 0 0 0 0 0 0 0 0 0 0 0 0 0 0 0 0 0 0 0 0 0 0 0 0 0 0 0 0 0 0 0 0 0 0 0 0 0 0 0 0 0 0 0
0 0 0 0 70 70 85 0 0 0 0 0 0 0 0 0 0 0 0 0 0 0 0 0 0 0 0 0 0 0 0 0 0 0 0 0 0 0 0 26 26 25 25 0 0 0 0 0 0 0
0 0 0 0 0 70 85 0 0 0 0 0 0 0 0 0 0 0 0 0 0 0 0 0 0 0 0 0 0 0 0 0 0 0 0 0 0 0 0 26 51 53 25 25 0 0 0 0 0 0
0 0 0 0 0 70 85 0 0 0 0 0 0 0 0 0 0 0 0 0 0 0 0 0 0 0 0 0 0 0 0 0 0 0 0 0 0 0 0 26 51 53 53 25 0 0 0 0 0 0
0 0 0 0 0 70 85 0 0 0 0 0 0 0 0 0 0 0 0 0 0 0 0 0 0 0 0 0 0 0 0 0 0 0 0 0 0 0 0 26 51 51 53 25 28 0 0 0 0 0
0 0 0 0 0 70 85 0 0 0 0 0 0 0 0 0 0 0 0 0 0 0 0 0 0 0 0 0 0 0 0 0 0 0 0 0 26 26 26 26 26 51 53 93 28 0 0 0 0 0
0 0 0 0 0 70 85 0 0 0 0 0 0 0 0 0 0 0 0 0 0 0 0 0 0 0 0 0 0 0 0 0 0 0 0 0 26 51 51 51 51 51 53 93 0 0 0 0 0 0
0 0 0 0 0 70 85 0 0 0 0 0 0 0 0 0 0 0 0 0 0 0 0 0 0 0 0 0 0 0 0 0 0 72 72 72 26 51 53 53 53 53 53 93 0 0 0 0 0 0
0 0 0 0 0 70 85 0 0 0 0 0 0 0 0 0 0 0 0 0 0 0 0 0 0 0 0 0 0 0 72 72 72 72 73 73 73 51 62 88 88 93 93 93 0 0 0 0 0 0
0 0 0 0 0 70 85 0 0 0 0 0 0 0 0 0 0 0 0 0 0 0 0 0 0 0 0 0 72 72 72 73 73 73 73 80 80 80 62 62 88 24 0 0 0 0 0 0 0 0
0 0 0 0 0 70 85 85 0 0 0 0 0 0 0 0 0 0 0 0 0 0 0 0 0 0 0 0 72 73 73 73 37 8 80 80 71 80 80 62 88 24 0 0 0 0 0 0 0 0
0 0 0 0 0 70 70 85 0 0 0 0 0 0 0 0 0 0 0 0 0 0 0 0 0 0 0 0 72 73 30 30 30 30 80 71 71 71 71 86 88 24 0 0 0 0 0 0 0 0
0 0 0 0 0 0 70 85 0 0 0 0 0 85 85 85 85 85 85 0 0 0 0 0 0 0 0 0 72 73 30 80 80 80 80 71 64 64 64 86 68 68 0 0 0 0 0 0 0 0
0 0 0 0 0 0 70 85 85 85 85 85 85 85 70 70 70 70 85 85 85 0 0 0 0 0 72 72 72 73 30 80 71 71 71 71 64 84 84 84 84 0 0 0 0 0 0 0 0 0
0 0 0 0 0 0 70 70 70 70 70 70 70 70 70 0 0 45 45 36 40 0 0 0 3 72 72 73 73 73 30 80 71 64 64 64 64 84 84 84 84 84 84 0 0 0 0 0 0 0
0 0 0 0 0 0 0 0 0 0 0 0 0 0 0 0 0 14 42 36 40 30 30 30 3 73 73 73 30 30 30 80 71 64 84 84 84 84 84 64 64 64 84 0 0 0 0 0 0 0
0 0 0 0 0 0 0 0 0 0 0 0 0 0 0 0 0 14 42 44 44 44 69 30 30 73 30 30 30 80 80 80 71 64 84 64 64 64 64 64 9 64 84 0 0 0 0 0 0 0
0 0 0 0 0 0 0 0 0 0 0 0 0 0 0 0 0 14 42 42 4 75 75 75 30 30 30 75 99 99 78 91 71 64 64 64 71 71 71 71 71 64 84 0 0 0 0 0 0 0
0 0 0 0 0 0 0 0 0 0 0 0 0 0 0 0 0 14 14 42 42 42 42 75 30 30 75 75 19 19 50 91 71 71 71 71 71 23 23 23 61 64 84 0 0 0 0 0 0 0
0 0 0 0 0 0 0 0 0 0 0 0 0 0 0 0 0 0 14 67 67 67 42 75 75 75 75 19 19 50 50 91 23 23 23 23 23 23 35 47 61 84 84 0 0 0 0 0 0 0
0 0 0 0 0 0 0 0 0 0 0 0 0 0 0 0 0 0 0 67 42 42 42 42 75 19 19 19 50 50 91 91 23 35 35 35 35 35 35 61 61 84 0 0 84 84 84 84 0 0
0 0 0 0 0 0 0 0 0 0 0 0 0 0 0 0 0 0 0 67 34 100 100 100 75 19 50 50 50 91 91 23 23 35 18 18 18 18 29 29 18 84 84 0 84 18 18 84 0 0
0 0 0 0 0 0 0 67 67 67 67 67 67 67 67 67 67 67 67 67 83 83 20 100 32 19 50 87 87 87 87 87 35 35 18 18 18 18 18 18 18 18 84 84 84 18 35 21 0 0
0 67 67 67 67 67 67 67 83 83 83 83 83 83 83 83 83 83 83 83 83 83 20 32 32 13 50 17 17 17 17 17 35 35 35 35 35 35 35 35 35 18 18 18 18 18 35 21 0 0
0 67 83 83 83 67 67 83 83 1 1 1 1 1 1 1 1 1 1 1 1 83 20 41 43 13 17 17 43 43 43 17 17 17 27 35 96 96 96 96 35 35 35 35 35 35 35 21 0 0
0 67 83 1 83 83 83 83 1 1 57 57 57 57 57 57 57 57 57 57 1 83 56 41 43 43 43 43 43 41 43 43 43 60 27 35 96 31 31 96 96 96 96 82 31 21 21 21 0 0
0 57 1 1 1 1 1 1 1 57 57 0 0 0 0 0 0 0 0 57 1 1 56 41 41 41 41 41 41 41 55 43 43 60 27 35 96 31 31 31 31 31 31 31 31 0 0 0 0 0
0 57 57 57 57 57 57 57 57 57 0 0 0 0 0 0 0 0 0 57 57 57 56 56 41 55 55 55 55 55 55 43 60 60 27 35 96 96 96 96 0 0 0 0 0 0 0 0 0 0
0 0 0 0 0 0 0 0 0 0 0 0 0 0 0 0 0 0 0 0 57 56 56 56 41 55 49 2 43 43 43 43 60 27 27 35 35 35 35 96 0 0 0 0 0 0 0 0 0 0
0 0 0 0 0 0 0 0 0 0 0 0 0 0 0 0 57 57 57 57 57 56 41 41 41 55 49 2 43 60 60 60 60 27 27 27 27 27 63 96 0 0 0 0 0 0 0 0 0 0
0 0 0 0 0 0 0 0 0 0 0 0 0 0 0 97 97 56 56 56 56 56 41 55 55 55 49 2 43 60 6 6 60 98 98 98 98 27 27 96 96 0 0 0 0 0 0 0 0 0
0 0 0 0 0 0 0 0 0 0 0 0 0 0 0 89 92 92 12 41 41 41 41 55 49 49 49 2 43 90 43 6 60 15 15 15 98 98 27 27 96 0 0 0 0 0 0 0 0 0
0 0 0 0 0 0 0 0 0 0 0 0 0 0 0 89 92 41 41 41 52 52 52 55 49 0 49 2 43 43 43 6 16 16 81 15 15 98 98 27 96 0 0 0 0 0 0 0 0 0
0 0 0 0 0 0 0 0 0 89 89 89 89 89 89 89 92 41 52 52 52 52 48 48 49 0 49 2 2 2 2 2 2 81 81 81 15 15 98 27 96 96 0 0 0 0 0 0 0 0
0 0 0 0 0 0 0 0 0 89 92 92 92 92 92 92 92 41 52 52 58 52 33 49 49 0 49 49 49 49 49 49 76 76 74 81 81 15 15 94 94 96 10 0 0 0 0 0 0 0
0 0 0 0 0 0 0 0 0 89 92 39 39 39 77 77 77 41 59 52 58 52 33 5 0 0 0 0 0 0 0 0 0 0 74 74 81 81 81 81 65 96 66 0 0 0 0 0 0 0
0 0 0 89 89 89 89 89 89 89 92 39 39 39 77 52 52 52 52 52 58 52 33 5 0 0 0 0 0 0 0 0 0 0 0 74 74 81 65 65 65 65 66 0 0 0 0 0 0 0
0 0 0 89 92 92 92 92 92 92 92 39 77 77 77 52 58 58 58 58 58 52 33 5 0 0 0 0 0 0 0 0 0 0 0 0 74 81 81 81 81 0 0 0 0 0 0 0 0 0
0 0 0 89 92 39 39 39 39 39 39 39 77 52 52 52 58 0 0 0 58 52 33 5 0 0 0 0 0 0 0 0 0 0 0 0 74 74 74 74 81 0 0 0 0 0 0 0 0 0
0 0 0 89 92 39 0 0 0 0 0 39 77 52 58 58 58 0 0 0 58 52 33 5 0 0 0 0 0 0 0 0 0 0 0 0 0 0 0 74 81 0 0 0 0 0 0 0 0 0
0 0 0 89 92 39 0 0 0 0 0 39 77 52 58 0 0 0 0 0 58 52 33 5 0 0 0 0 0 0 0 0 0 0 0 0 0 0 0 74 81 81 81 81 79 0 0 0 0 0
0 0 0 95 39 39 0 0 0 0 0 39 39 58 58 0 0 0 0 0 58 52 33 5 0 0 0 0 0 0 0 0 0 0 0 0 0 0 0 74 74 74 74 46 79 0 0 0 0 0
0 0 0 95 0 0 0 0 0 0 0 0 0 0 0 0 0 0 0 0 58 52 33 5 0 0 0 0 0 0 0 0 0 0 0 0 0 0 0 0 0 0 38 38 79 0 0 0 0 0
0 0 0 95 0 0 0 0 0 0 0 0 0 0 0 0 0 0 0 0 58 52 33 5 0 0 0 0 0 0 0 0 0 0 0 0 0 0 0 0 0 0 0 0 0 0 0 0 0 0
0 0 95 95 95 0 0 0 0 0 0 0 0 0 0 0 0 0 0 0 5 33 33 5 0 0 0 0 0 0 0 0 0 0 0 0 0 0 0 0 0 0 0 0 0 0 0 0 0 0
0 0 95 7 95 0 0 0 0 0 0 0 0 0 0 0 0 0 0 0 5 5 5 5 0 0 0 0 0 0 0 0 0 0 0 0 0 0 0 0 0 0 0 0 0 0 0 0 0 0
0 0 22 95 95 0 0 0 0 0 0 0 0 0 0 0 0 0 0 0 0 0 0 0 0 0 0 0 0 0 0 0 0 0 0 0 0 0 0 0 0 0 0 0 0 0 0 0 0 0
0 0 0 0 0 0 0 0 0 0 0 0 0 0 0 0 0 0 0 0 0 0 0 0 0 0 0 0 0 0 0 0 0 0 0 0 0 0 0 0 0 0 0 0 0 0 0 0 0 0
