0 0 0 0 0 0 0 0 0 0 0 0 0 0 0 0 0 0 0 0 0 0 0 0 0 0 0 0 0 0 0 0 0 0 0 0 0 0 0 0 0 0 0 0 0 0 0 0 0 0
0 0 0 0 0 0 0 0 0 0 0 0 0 0 0 0 0 0 0 0 0 0 0 0 0 0 0 0 0 0 0 0 0 0 0 0 0 0 0 0 0 0 0 0 0 0 0 0 0 0
0 0 0 0 0 0 0 0 0 0 0 0 0 0 0 0 0 0 0 0 0 0 0 0 0 0 0 0 0 0 0 0 0 0 0 0 0 0 0 0 0 0 0 0 0 0 0 0 0 0
0 0 0 0 0 0 0 0 0 0 0 0 0 0 0 0 0 0 0 0 0 0 0 0 0 0 0 0 0 0 0 0 0 0 0 0 0 0 0 0 0 0 0 0 0 0 0 0 0 0
0 0 0 0 0 0 0 28 28 28 28 0 0 0 0 0 0 0 0 0 0 0 0 0 0 0 0 0 0 0 0 0 0 0 0 0 0 0 0 0 0 0 0 0 0 0 0 0 0 0
0 0 0 0 0 0 28 28 27 27 28 0 0 0 0 0 0 0 0 0 0 0 0 0 0 0 0 0 0 0 0 0 0 0 0 0 0 0 0 0 0 0 0 0 0 0 0 0 0 0
0 0 0 0 0 0 48 61 64 27 28 0 0 0 0 0 0 0 0 0 0 0 0 0 0 0 0 0 0 0 0 0 0 0 83 83 38 38 38 0 0 0 0 0 0 0 0 0 0 0
0 0 0 0 0 88 88 61 64 27 28 28 0 0 0 0 0 0 0 0 0 0 0 0 0 0 0 0 0 83 83 83 83 83 83 12 12 24 38 0 0 0 0 0 0 0 0 0 0 0
0 0 0 0 0 88 72 61 64 27 27 28 0 0 0 0 0 0 0 0 0 0 0 0 0 0 0 0 83 83 12 12 12 12 12 12 98 55 38 0 0 0 0 0 0 0 0 0 0 0
0 0 0 0 0 88 72 99 64 64 27 28 28 0 0 0 0 0 0 0 0 0 0 0 0 0 0 15 15 80 12 98 98 98 98 98 98 55 0 0 0 0 0 0 0 0 0 0 0 0
0 0 0 0 0 88 72 72 72 64 27 27 28 28 28 28 0 0 0 0 0 0 0 0 0 15 15 15 98 98 98 98 55 55 55 55 55 55 0 0 0 0 0 0 0 0 0 0 0 0
0 0 0 0 0 88 88 88 72 64 64 27 27 27 27 28 28 0 0 0 0 0 0 0 0 15 75 94 94 67 67 55 55 0 0 0 0 0 0 0 0 0 0 0 0 0 0 0 0 0
0 0 0 0 0 0 0 88 72 72 64 64 64 64 27 27 28 0 0 0 0 0 0 0 26 15 75 74 74 52 67 55 0 0 0 0 0 0 0 0 0 0 0 0 0 0 0 0 0 0
0 0 0 0 0 0 0 88 88 72 72 72 72 64 64 27 28 16 32 32 0 0 0 0 26 6 75 74 52 52 67 55 55 0 0 0 0 0 0 0 0 0 0 0 0 0 0 0 0 0
0 0 0 0 0 0 0 0 88 88 88 88 14 14 64 27 27 16 16 6 0 0 0 0 26 6 75 74 52 67 67 67 55 0 0 0 0 0 0 0 0 0 0 0 0 0 0 0 0 0
0 0 0 0 0 0 0 0 0 0 0 88 50 14 87 87 56 56 30 6 0 0 0 0 26 6 75 74 52 52 52 67 55 0 0 0 0 0 44 44 44 44 0 0 0 0 0 0 0 0
0 0 0 0 0 0 0 0 0 0 0 88 50 49 49 87 75 75 75 6 0 26 26 26 26 6 75 74 74 74 34 86 55 55 55 55 55 55 55 33 33 39 0 0 0 0 0 0 0 0
0 0 0 0 0 0 0 0 0 0 0 88 50 49 58 58 58 58 75 6 0 26 6 6 6 6 75 75 74 34 34 86 86 86 86 86 86 86 55 86 53 39 0 0 0 0 0 0 0 0
0 0 0 0 0 0 0 0 0 0 0 88 50 49 58 81 5 58 75 6 6 26 6 75 75 75 75 75 74 34 86 86 39 39 39 39 39 86 86 86 39 39 0 0 0 0 0 0 0 0
0 0 0 0 0 0 0 88 88 88 88 88 50 49 49 5 5 58 75 75 6 6 6 75 74 74 74 74 74 34 86 39 39 0 0 0 39 39 39 39 39 0 0 0 0 0 0 0 0 0
0 0 0 0 0 50 50 88 50 50 50 50 50 50 50 50 5 58 58 75 75 75 75 75 74 34 34 34 34 34 86 39 0 0 0 0 0 0 0 0 0 0 0 0 0 0 0 0 0 0
0 0 0 0 50 71 50 50 50 0 0 0 0 0 0 50 5 5 58 75 75 74 74 74 74 76 37 37 34 86 86 39 0 0 0 0 0 0 0 0 0 0 0 0 0 0 0 0 0 0
0 0 0 0 50 50 50 0 0 0 0 0 0 0 0 50 50 5 58 58 58 74 58 58 58 76 91 25 34 86 39 39 90 0 0 0 0 0 0 0 0 0 0 0 0 0 0 0 0 0
0 0 0 0 0 0 0 0 0 0 0 0 0 0 0 0 50 5 5 5 58 58 58 69 69 69 69 69 69 86 39 29 29 29 0 0 0 0 0 0 0 0 0 0 0 0 0 0 0 0
0 0 0 0 0 0 0 0 0 0 0 0 0 0 0 0 50 50 50 5 5 69 69 69 59 59 59 11 11 86 17 17 1 29 0 0 0 0 0 0 0 0 0 0 0 0 0 0 0 0
0 0 0 0 0 0 0 0 0 0 0 0 0 0 0 0 0 77 50 31 5 40 45 20 20 20 84 84 4 4 4 68 68 29 0 0 0 0 0 0 0 0 0 0 0 0 0 0 0 0
0 0 0 0 0 0 0 0 0 0 0 0 0 0 0 0 0 77 9 31 43 40 95 20 96 20 20 84 4 4 97 97 68 29 29 29 29 29 29 29 29 29 29 0 0 0 0 0 0 0
0 0 0 0 0 0 0 0 0 0 0 0 0 0 0 9 9 9 9 43 43 40 96 96 96 92 20 84 84 4 4 97 68 68 68 68 68 68 68 68 68 68 29 29 29 0 0 0 0 0
0 0 0 0 0 0 0 0 0 0 0 0 0 0 0 9 43 43 43 43 40 40 7 35 35 92 20 20 84 84 3 97 97 97 97 97 97 97 97 97 97 68 68 68 29 23 0 0 0 0
0 0 0 0 0 0 0 0 0 0 0 0 0 0 0 9 43 40 40 40 40 7 7 78 19 19 19 20 82 97 97 97 10 10 10 10 10 10 10 10 97 97 97 97 10 23 0 0 0 0
0 0 0 0 0 0 0 0 0 0 0 0 0 0 0 9 43 40 7 7 7 7 47 78 78 78 19 20 82 82 82 82 82 82 13 23 23 23 23 10 10 10 10 10 10 23 0 0 0 0
0 0 0 0 0 0 0 0 0 0 0 0 0 0 9 9 43 40 7 7 70 7 47 47 47 78 19 20 20 20 20 20 60 85 13 23 0 0 23 23 23 23 23 23 23 23 0 0 0 0
0 0 0 0 0 0 0 0 0 0 0 0 0 0 9 21 43 40 57 7 70 7 47 47 47 78 19 19 19 19 19 8 60 85 13 23 0 0 0 0 0 0 0 0 0 0 0 0 0 0
0 0 0 0 0 0 0 0 0 0 0 0 0 0 9 21 2 2 57 7 70 7 47 47 47 78 78 78 19 85 19 19 19 85 13 23 0 0 0 0 0 0 0 0 0 0 0 0 0 0
0 0 0 0 0 0 0 0 0 0 0 0 0 0 9 21 21 57 57 7 70 7 47 47 47 47 47 78 19 85 85 85 85 85 13 23 0 0 0 0 0 0 0 0 0 0 0 0 0 0
0 0 0 0 0 0 0 0 0 0 0 0 0 0 9 93 93 57 7 7 70 7 47 47 47 47 47 78 19 19 85 85 85 13 13 100 100 79 62 62 62 0 0 0 0 0 0 0 0 0
0 0 0 0 0 0 0 0 0 0 18 63 93 93 93 93 57 57 7 70 70 7 47 47 47 47 47 78 78 19 19 19 85 85 85 85 51 51 51 51 62 0 0 0 0 0 0 0 0 0
0 0 0 0 0 0 0 0 0 0 18 42 42 41 57 57 57 7 7 70 70 7 47 47 47 47 47 47 78 78 78 19 36 36 36 36 36 66 66 51 62 62 0 0 0 0 0 0 0 0
0 0 0 0 0 0 0 0 0 0 0 0 65 41 54 7 7 7 70 70 70 7 47 47 47 47 47 47 47 47 78 19 66 66 66 66 66 66 66 51 51 62 62 0 0 0 0 0 0 0
0 0 0 0 0 0 0 0 0 0 0 0 65 65 65 65 70 70 70 0 70 7 47 47 47 47 47 47 47 47 78 70 70 73 0 0 0 0 66 66 51 51 62 0 0 0 0 0 0 0
0 0 0 0 0 0 0 0 0 0 0 0 0 0 0 0 0 0 0 0 70 7 47 47 47 47 47 47 47 47 78 70 0 0 0 0 0 0 0 66 66 51 62 0 0 0 0 0 0 0
0 0 0 0 0 0 0 0 0 0 0 0 0 0 0 0 0 0 0 0 70 7 7 7 7 47 47 47 47 47 78 70 0 0 0 0 0 0 0 0 66 51 62 62 0 0 0 0 0 0
0 0 0 0 0 0 0 0 0 0 0 0 0 0 0 0 0 0 0 0 70 70 70 70 7 47 47 47 47 47 78 70 0 0 0 0 0 0 0 0 66 51 51 62 62 0 0 0 0 0
0 0 0 0 0 0 0 0 0 0 0 0 0 0 0 0 0 0 0 0 0 0 0 70 7 7 7 47 47 78 78 70 0 0 0 0 0 0 0 0 66 89 51 51 62 0 0 0 0 0
0 0 0 0 0 0 0 0 0 0 0 0 0 0 0 0 0 0 0 0 0 0 0 70 70 70 7 7 7 70 70 70 0 0 0 0 0 0 0 0 22 89 89 51 62 0 0 0 0 0
0 0 0 0 0 0 0 0 0 0 0 0 0 0 0 0 0 0 0 0 0 0 0 0 0 70 70 70 70 70 0 0 0 0 0 0 0 0 0 0 22 22 89 51 62 0 0 0 0 0
0 0 0 0 0 0 0 0 0 0 0 0 0 0 0 0 0 0 0 0 0 0 0 0 0 0 0 0 0 46 0 0 0 0 0 0 0 0 0 0 0 22 89 89 22 0 0 0 0 0
0 0 0 0 0 0 0 0 0 0 0 0 0 0 0 0 0 0 0 0 0 0 0 0 0 0 0 0 0 0 0 0 0 0 0 0 0 0 0 0 0 22 22 22 22 0 0 0 0 0
0 0 0 0 0 0 0 0 0 0 0 0 0 0 0 0 0 0 0 0 0 0 0 0 0 0 0 0 0 0 0 0 0 0 0 0 0 0 0 0 0 0 0 0 0 0 0 0 0 0
0 0 0 0 0 0 0 0 0 0 0 0 0 0 0 0 0 0 0 0 0 0 0 0 0 0 0 0 0 0 0 0 0 0 0 0 0 0 0 0 0 0 0 0 0 0 0 0 0 0
