0 0 0 0 0 0 0 0 0 0 0 0 0 0 0 0 0 0 0 0 0 0 0 0 0 0 0 0 0 0 0 0 0 0 0 0 0 0 0 0 0 0 0 0 0 0 0 0 0 0
0 0 0 0 0 0 0 0 0 0 0 0 0 0 0 0 0 0 0 0 0 0 0 0 0 0 0 0 0 0 0 0 0 0 0 0 0 0 0 0 0 0 0 0 0 0 0 0 0 0
0 0 0 0 0 0 0 0 0 0 0 0 0 0 0 0 0 0 0 0 0 0 0 0 0 0 0 0 0 0 0 0 0 0 0 0 0 0 0 0 0 0 0 0 0 0 0 0 0 0
0 0 0 0 0 0 0 0 0 0 0 0 0 0 0 0 0 0 0 0 0 0 0 0 0 0 0 0 0 0 0 0 0 0 0 0 0 0 0 0 0 0 0 0 0 0 0 0 0 0
0 0 0 0 0 0 0 0 0 0 0 0 0 0 0 0 0 0 0 0 0 0 0 0 0 0 0 0 0 0 0 0 0 0 0 0 0 0 0 0 0 0 0 0 0 0 0 0 0 0
0 0 0 0 0 0 0 0 0 0 0 0 0 0 0 0 0 0 0 0 0 0 0 0 0 0 0 0 0 0 0 0 0 0 0 0 53 53 0 0 0 0 0 0 0 0 0 0 0 0
0 0 0 0 0 0 0 0 0 0 0 0 0 0 0 0 0 0 0 0 0 0 0 0 0 0 0 0 0 0 0 0 0 0 0 59 59 38 38 0 0 0 0 0 0 0 0 0 0 0
0 0 0 0 0 0 0 0 0 0 0 0 0 0 0 0 0 0 0 0 0 0 0 0 0 0 0 0 0 0 0 0 0 0 59 59 31 30 38 0 0 0 0 0 0 0 0 0 0 0
0 0 0 0 0 0 0 0 0 0 0 0 0 0 0 0 0 0 0 0 0 0 0 0 0 0 0 0 0 0 0 0 0 0 59 31 31 38 38 0 0 0 0 0 0 0 0 0 0 0
0 0 0 0 0 0 0 0 0 0 0 0 0 0 0 0 0 0 0 0 0 0 0 0 0 0 0 0 0 0 0 0 0 0 59 31 38 38 0 0 0 0 0 0 0 0 0 0 0 0
0 0 0 0 0 0 0 0 0 0 0 0 0 0 0 0 0 0 0 0 0 0 0 0 0 0 0 0 0 0 0 0 0 0 59 31 38 0 0 0 0 0 0 0 0 0 0 0 0 0
0 0 0 0 0 0 0 0 0 0 0 0 0 0 0 0 0 0 0 0 0 0 0 0 0 0 0 0 0 0 0 0 0 0 59 31 38 0 0 0 0 0 0 0 0 0 0 0 0 0
0 0 0 0 0 0 0 0 0 0 0 0 0 0 0 0 0 0 0 0 0 0 0 0 0 88 88 88 88 88 88 88 88 0 59 31 38 0 0 0 0 0 0 0 0 0 0 0 0 0
0 0 0 0 0 0 0 0 0 0 0 0 0 0 0 0 0 0 0 0 0 0 0 0 88 88 61 61 61 61 61 61 88 59 59 31 38 0 0 0 0 0 0 0 0 0 0 0 0 0
0 0 0 0 0 0 0 0 0 0 0 0 0 0 0 0 0 90 63 63 0 0 0 0 88 61 61 68 68 68 68 61 61 61 19 31 38 0 0 0 0 0 0 0 0 0 0 0 0 0
0 0 0 0 0 0 0 0 0 0 0 0 0 0 0 0 0 10 10 63 63 0 0 88 88 61 68 68 35 35 68 68 68 68 19 31 38 0 0 0 0 0 0 0 0 0 0 0 0 0
0 0 0 0 0 0 0 0 0 0 0 0 0 0 0 0 0 39 23 23 99 99 0 88 61 61 68 35 35 35 35 35 48 31 31 31 38 0 0 0 0 0 0 0 0 0 0 0 0 0
0 7 7 7 7 7 7 7 7 7 7 7 7 7 7 7 7 39 39 44 44 99 1 88 61 68 68 35 32 32 32 86 86 86 38 38 38 0 0 0 0 0 0 0 0 0 0 0 0 0
0 7 21 21 21 21 21 21 21 21 21 21 21 21 21 7 65 65 9 9 44 99 99 88 61 68 35 35 32 96 96 96 92 92 92 0 0 0 0 0 0 0 0 0 0 0 0 0 0 0
0 7 21 85 33 33 33 33 33 33 33 33 33 33 21 21 21 49 49 9 44 44 99 88 61 68 35 35 32 96 92 92 92 15 15 15 15 15 0 0 0 0 0 0 0 0 0 0 0 0
0 7 43 85 25 43 43 43 43 43 43 43 43 33 33 33 33 33 33 33 33 44 99 88 61 68 68 35 32 96 96 96 96 96 96 96 96 15 15 15 15 15 15 0 0 0 0 0 0 0
0 0 43 43 43 43 0 0 0 0 0 0 43 43 43 43 43 43 43 43 33 44 99 88 61 61 68 35 32 32 32 32 32 32 32 32 96 96 96 96 96 96 4 0 0 0 0 0 0 0
0 0 0 0 0 0 0 0 0 0 0 0 0 0 0 0 0 43 43 33 33 44 61 61 61 61 68 35 93 93 93 93 93 93 93 32 32 32 32 32 32 98 4 0 0 0 0 0 0 0
0 0 0 0 0 0 0 0 0 0 0 0 0 0 0 0 0 43 33 33 13 13 13 13 61 68 68 35 35 3 3 3 3 3 93 93 93 93 93 50 26 98 4 0 0 0 0 0 0 0
0 0 0 0 0 0 0 0 0 0 0 0 0 0 0 0 0 43 97 13 13 80 27 13 68 68 75 75 72 72 72 72 72 3 3 3 3 3 3 6 26 98 4 0 0 0 0 0 0 0
0 0 0 0 0 0 0 0 0 0 0 0 0 0 0 0 0 62 97 55 34 80 76 76 76 76 76 2 72 8 8 8 72 12 12 12 12 3 6 6 52 98 4 0 0 0 0 0 0 0
0 0 0 0 0 0 0 0 0 0 0 0 0 0 0 0 0 62 16 55 24 24 24 24 24 24 18 2 72 72 8 8 29 12 11 11 12 3 6 52 52 51 4 0 0 0 0 0 0 0
0 0 0 0 0 0 0 0 0 0 0 0 0 0 0 0 0 62 16 42 42 42 42 42 42 70 18 2 2 72 72 8 29 12 11 11 12 3 6 52 51 51 0 0 0 0 0 0 0 0
0 0 0 0 0 0 0 0 0 0 0 0 0 0 0 0 0 62 37 37 37 37 37 37 37 70 18 18 2 2 14 8 29 12 11 11 12 12 11 52 51 0 0 0 0 0 0 0 0 0
0 0 0 0 0 0 0 0 0 0 0 0 0 0 0 0 0 62 62 62 62 62 62 37 37 70 70 18 18 94 14 8 29 12 11 11 11 11 11 51 51 0 0 0 0 0 0 0 0 0
0 0 0 0 0 0 0 0 0 0 0 0 0 0 0 0 0 62 62 62 62 62 62 37 73 73 64 64 64 14 14 8 29 12 11 11 11 11 11 11 51 0 0 0 0 0 0 0 0 0
0 0 0 0 0 0 66 62 62 62 62 62 62 62 62 62 62 62 37 37 37 37 37 37 78 36 36 36 69 69 69 8 29 12 12 12 12 12 12 11 51 51 51 51 51 0 0 0 0 0
0 0 0 0 0 0 84 37 37 37 37 37 37 37 37 37 37 37 37 87 87 67 67 67 78 40 40 60 60 60 69 8 29 29 29 29 29 29 12 11 11 11 11 11 51 0 0 0 0 0
0 0 0 0 0 0 84 84 84 84 84 84 84 84 84 84 84 84 87 87 67 67 20 54 54 54 40 40 40 60 69 8 8 8 8 8 29 8 46 11 46 46 46 11 51 0 0 0 0 0
0 0 0 0 0 0 0 0 0 0 0 0 0 0 0 0 41 41 41 67 67 20 20 0 0 0 0 0 40 60 69 69 95 91 91 8 8 8 46 46 46 100 100 82 51 0 0 0 0 0
0 0 0 0 0 0 0 0 0 0 0 0 0 0 0 0 41 67 67 67 20 20 0 0 0 0 0 0 40 60 60 91 91 91 91 79 100 100 100 100 100 100 82 82 74 0 0 0 0 0
0 0 0 0 0 0 0 0 0 0 0 0 0 0 41 41 41 67 20 20 20 0 0 0 0 0 0 0 40 89 57 57 57 57 91 82 82 82 82 82 82 82 82 74 74 0 0 0 0 0
0 0 0 0 0 0 0 0 0 0 0 0 41 41 41 67 67 67 20 0 0 0 0 0 0 0 0 0 40 89 89 89 89 57 91 82 74 74 74 74 74 74 74 74 0 0 0 0 0 0
0 0 0 0 0 0 0 0 0 0 0 0 41 67 67 67 20 20 20 0 0 0 0 0 0 0 0 0 40 40 40 40 57 57 91 82 74 74 0 0 0 0 0 0 0 0 0 0 0 0
0 0 0 0 0 0 0 0 0 0 0 0 41 67 20 20 20 0 0 0 0 0 0 0 0 0 0 0 0 0 0 56 57 91 91 82 82 74 74 0 0 0 0 0 0 0 0 0 0 0
0 0 0 0 0 0 0 0 0 0 0 0 41 67 20 0 0 0 0 0 0 0 0 0 0 0 0 0 0 0 0 0 57 91 47 47 82 82 74 74 74 74 74 74 74 0 0 0 0 0
0 0 0 0 0 0 0 0 41 41 41 41 41 67 20 0 0 0 0 0 0 0 0 0 0 0 0 0 0 0 0 0 58 91 71 47 47 82 74 82 82 82 82 83 74 0 0 0 0 0
0 0 0 0 0 0 0 0 41 28 67 67 67 67 20 0 0 0 0 0 0 0 0 0 0 0 0 0 0 0 0 0 58 58 71 71 47 82 82 82 77 77 77 77 74 74 74 0 0 0
0 0 0 0 0 0 0 0 41 45 45 20 20 20 20 0 0 0 0 0 0 0 0 0 0 0 0 0 0 0 0 0 0 0 0 71 47 47 47 81 77 0 0 77 77 77 74 0 0 0
0 0 0 0 0 0 0 0 17 17 20 20 0 0 0 0 0 0 0 0 0 0 0 0 0 0 0 0 0 0 0 0 0 0 0 71 71 71 71 81 22 0 0 0 0 77 74 0 0 0
0 0 0 0 0 0 0 0 0 0 0 0 0 0 0 0 0 0 0 0 0 0 0 0 0 0 0 0 0 0 0 0 0 0 0 0 0 0 71 71 71 0 0 0 0 77 74 74 0 0
0 0 0 0 0 0 0 0 0 0 0 0 0 0 0 0 0 0 0 0 0 0 0 0 0 0 0 0 0 0 0 0 0 0 0 0 0 0 0 0 0 0 0 0 0 77 77 74 0 0
0 0 0 0 0 0 0 0 0 0 0 0 0 0 0 0 0 0 0 0 0 0 0 0 0 0 0 0 0 0 0 0 0 0 0 0 0 0 0 0 0 0 0 0 0 0 77 5 77 0
0 0 0 0 0 0 0 0 0 0 0 0 0 0 0 0 0 0 0 0 0 0 0 0 0 0 0 0 0 0 0 0 0 0 0 0 0 0 0 0 0 0 0 0 0 0 77 77 77 0
0 0 0 0 0 0 0 0 0 0 0 0 0 0 0 0 0 0 0 0 0 0 0 0 0 0 0 0 0 0 0 0 0 0 0 0 0 0 0 0 0 0 0 0 0 0 0 0 0 0
