0 0 0 0 0 0 0 0 0 0 0 0 0 0 0 0 0 0 0 0 0 0 0 0 0 0 0 0 0 0 0 0 0 0 0 0 0 0 0 0 0 0 0 0 0 0 0 0 0 0
0 0 0 0 0 0 0 0 0 0 0 0 0 0 0 0 0 0 0 0 0 0 0 0 0 0 0 0 0 0 0 0 0 0 0 0 0 0 0 0 0 0 0 0 0 0 0 0 0 0
0 0 0 0 0 0 0 0 0 0 0 0 0 0 0 0 0 0 0 0 0 0 0 0 0 0 0 0 0 0 0 0 0 0 0 0 0 0 0 0 0 0 0 0 0 0 0 0 0 0
0 0 0 0 0 0 0 0 0 0 0 0 0 0 0 0 0 0 0 0 0 0 0 0 0 0 0 0 0 0 0 0 0 0 0 0 0 0 0 0 0 0 0 0 0 0 0 0 0 0
0 0 0 0 0 0 0 0 0 0 0 0 0 0 0 0 0 0 0 0 0 0 0 0 20 20 36 36 0 0 0 0 0 0 0 0 0 0 0 0 0 0 0 0 0 0 0 0 0 0
0 0 0 0 0 0 0 1 1 54 54 54 0 0 0 0 0 0 0 0 0 0 0 0 20 90 24 36 36 0 0 0 0 0 0 0 0 0 0 0 0 0 0 0 0 0 0 0 0 0
0 0 0 0 0 0 0 1 59 17 17 54 54 0 0 0 0 0 0 0 0 0 0 0 20 90 24 24 36 0 0 0 0 0 0 0 0 0 0 0 0 0 0 0 38 38 34 0 0 0
0 0 0 0 0 0 0 1 59 59 17 17 54 0 0 0 0 0 0 0 0 0 0 0 20 90 90 24 36 36 36 0 0 0 0 0 0 0 0 38 38 38 38 38 38 91 66 0 0 0
0 0 0 0 0 0 0 1 1 59 59 17 54 0 0 0 0 0 0 0 0 0 0 0 20 90 83 24 24 24 36 0 0 0 0 0 0 0 0 38 91 91 91 91 91 91 66 0 0 0
0 0 0 0 0 0 0 0 74 74 59 17 54 54 54 0 0 0 0 0 0 0 0 0 20 90 90 90 90 24 36 0 0 0 0 0 0 0 0 38 91 66 66 66 66 66 66 0 0 0
0 0 0 0 0 0 0 0 0 23 59 17 17 17 54 0 0 0 0 0 0 0 0 0 20 90 90 90 90 24 36 0 0 0 0 0 0 0 0 38 91 66 0 0 0 0 0 0 0 0
0 0 0 0 0 0 0 0 0 23 59 59 59 17 54 54 0 0 0 0 0 0 0 0 20 90 27 27 90 24 36 0 0 0 0 0 0 0 38 38 91 66 0 0 0 0 0 0 0 0
0 0 0 0 0 0 0 0 0 23 23 23 59 17 17 54 0 0 0 0 0 0 0 0 20 90 27 76 24 24 36 36 36 36 47 0 0 0 38 91 91 66 0 0 0 0 0 0 0 0
0 0 0 0 0 0 0 0 0 0 0 23 59 59 17 54 0 0 0 0 0 0 0 0 20 90 27 76 24 24 36 58 58 10 47 47 0 38 38 91 66 66 0 0 0 0 0 0 0 0
0 0 0 0 0 0 0 0 0 0 0 23 23 59 17 54 54 54 0 0 0 0 0 0 20 90 27 76 76 24 24 24 97 10 92 38 38 38 91 91 66 66 0 0 0 0 0 0 0 0
0 0 0 0 0 0 0 0 0 0 0 0 23 59 17 17 17 54 0 0 0 0 0 0 20 90 27 76 70 28 41 97 97 92 92 91 91 91 91 44 44 66 0 0 0 0 0 0 0 0
0 0 0 0 0 0 0 0 0 0 0 0 23 59 59 59 17 54 88 88 88 88 20 0 20 90 27 76 70 70 41 97 97 18 91 91 64 64 64 64 65 66 0 0 0 0 0 0 0 0
0 0 0 0 0 0 0 0 0 0 0 0 23 23 11 59 17 17 88 33 22 93 20 0 20 90 27 76 76 70 18 18 18 18 64 64 64 82 82 82 65 57 0 0 0 0 0 0 0 0
0 0 0 0 0 0 0 0 0 0 0 0 0 23 11 5 5 17 17 33 13 93 20 20 20 90 27 76 76 70 70 70 70 64 64 31 82 82 94 82 9 57 0 0 0 0 0 0 0 0
0 0 0 0 0 0 0 0 0 0 0 0 0 23 11 11 79 79 17 60 13 93 93 20 20 90 27 76 70 70 32 32 25 25 25 31 32 32 94 72 9 0 0 0 0 0 0 0 0 0
0 0 0 0 0 0 0 0 0 0 0 0 0 23 23 11 21 79 84 60 13 13 93 93 93 93 27 76 70 32 32 32 32 32 25 25 55 32 94 94 9 19 0 0 0 0 0 0 0 0
0 0 0 0 0 0 0 0 0 0 0 0 0 0 23 77 21 35 84 60 60 13 13 13 13 13 13 76 70 32 19 19 19 32 32 32 32 32 19 94 94 19 0 0 0 0 0 0 0 0
0 0 0 0 0 0 0 0 0 0 0 0 0 0 0 77 80 35 84 84 60 60 60 60 60 60 76 76 70 32 32 19 19 19 19 19 19 19 19 19 95 19 0 0 0 0 0 0 0 0
0 0 0 0 0 0 0 0 0 0 0 0 0 0 0 0 80 35 35 43 43 43 43 43 43 60 60 86 70 70 32 19 0 0 0 0 0 0 0 19 19 19 0 0 0 0 0 0 0 0
0 0 0 0 0 0 0 0 0 0 0 0 0 0 0 0 80 80 80 80 80 43 43 43 43 43 75 86 46 70 32 19 0 0 0 0 0 0 0 0 0 0 0 0 0 0 0 0 0 0
0 0 0 0 0 0 0 0 0 0 0 0 0 0 0 0 0 0 0 0 80 43 75 75 75 75 75 29 29 70 32 19 0 0 0 0 0 0 0 0 0 0 0 0 0 0 0 0 0 0
0 0 0 0 0 0 0 0 0 0 0 0 0 0 0 0 0 0 0 0 80 43 75 61 29 75 29 29 70 70 32 19 0 0 0 0 0 0 0 0 0 0 0 0 0 0 0 0 0 0
0 0 0 0 0 0 0 0 0 0 0 0 0 0 0 0 0 0 0 0 80 43 75 71 29 29 29 70 70 3 32 19 0 0 0 0 0 0 0 0 0 0 0 0 0 0 0 0 0 0
0 0 0 0 0 0 0 0 0 0 0 0 0 0 0 0 0 0 0 0 80 43 26 71 71 71 29 70 51 3 19 19 0 0 0 0 0 0 0 0 0 0 0 0 0 0 0 0 0 0
0 0 0 0 0 0 0 0 0 0 0 0 0 0 0 0 0 0 0 0 80 67 26 26 26 71 29 15 51 48 48 19 7 7 0 0 0 0 0 0 0 0 0 0 0 0 0 0 0 0
0 0 0 0 0 0 0 0 0 0 0 0 0 0 0 80 80 80 80 80 80 67 67 16 50 71 51 51 51 78 81 81 81 7 0 0 0 0 0 0 0 0 0 0 0 0 0 0 0 0
0 0 0 0 0 0 0 0 0 0 0 0 80 80 80 80 67 67 67 67 67 67 16 16 16 71 62 62 62 78 78 78 14 7 63 0 0 0 0 0 0 0 0 0 0 0 0 0 0 0
0 0 0 0 0 0 96 96 96 96 0 0 80 67 67 67 67 16 16 16 16 16 16 56 62 62 62 56 62 53 53 89 14 4 63 0 0 0 0 0 0 0 0 0 0 0 0 0 0 0
0 0 0 0 0 0 96 40 40 80 80 80 80 67 16 16 16 16 85 99 56 56 56 56 56 56 56 56 42 42 53 2 2 2 63 0 0 0 0 0 0 0 0 0 0 0 0 0 0 0
0 0 0 0 0 0 96 30 67 67 67 67 67 67 16 100 100 100 85 99 56 39 39 42 42 42 42 42 42 68 53 45 45 2 63 63 63 0 0 0 0 0 0 0 0 0 0 0 0 0
0 0 0 0 0 0 96 96 96 96 96 67 16 16 16 100 39 39 85 99 56 56 39 42 0 0 0 0 0 68 68 68 45 2 2 2 63 0 0 0 0 0 0 0 0 0 0 0 0 0
0 0 0 0 0 0 0 0 0 0 96 37 100 100 100 100 39 39 85 99 99 56 39 42 0 0 0 0 0 0 0 0 45 73 73 2 63 0 0 0 0 0 0 0 0 0 0 0 0 0
0 0 0 0 0 0 0 0 0 0 96 49 49 39 39 39 39 39 85 85 99 56 39 42 0 0 0 0 0 0 0 0 0 0 73 2 63 0 0 0 0 0 0 0 0 0 0 0 0 0
0 0 0 0 0 0 0 0 0 0 6 6 52 52 0 0 0 39 39 85 99 56 39 42 12 0 0 0 0 0 0 0 0 0 73 2 63 63 0 0 0 0 0 0 0 0 0 0 0 0
0 0 0 0 0 0 0 0 0 0 0 0 0 0 0 0 0 0 39 39 56 56 39 8 12 0 0 0 0 0 0 0 0 0 73 2 2 63 0 63 63 63 63 63 63 0 0 0 0 0
0 0 0 0 0 0 0 0 0 0 0 0 0 0 0 0 0 0 0 39 39 39 39 0 0 0 0 0 0 0 0 0 0 0 73 73 2 63 63 63 2 2 2 2 87 0 0 0 0 0
0 0 0 0 0 0 0 0 0 0 0 0 0 0 0 0 0 0 0 0 0 0 0 0 0 0 0 0 0 0 0 0 0 0 0 73 2 2 2 2 2 73 73 69 87 0 0 0 0 0
0 0 0 0 0 0 0 0 0 0 0 0 0 0 0 0 0 0 0 0 0 0 0 0 0 0 0 0 0 0 0 0 0 0 0 73 73 73 73 73 73 73 87 87 87 0 0 0 0 0
0 0 0 0 0 0 0 0 0 0 0 0 0 0 0 0 0 0 0 0 0 0 0 0 0 0 0 0 0 0 0 0 0 0 0 0 0 0 0 0 0 98 98 0 0 0 0 0 0 0
0 0 0 0 0 0 0 0 0 0 0 0 0 0 0 0 0 0 0 0 0 0 0 0 0 0 0 0 0 0 0 0 0 0 0 0 0 0 0 0 0 0 0 0 0 0 0 0 0 0
0 0 0 0 0 0 0 0 0 0 0 0 0 0 0 0 0 0 0 0 0 0 0 0 0 0 0 0 0 0 0 0 0 0 0 0 0 0 0 0 0 0 0 0 0 0 0 0 0 0
0 0 0 0 0 0 0 0 0 0 0 0 0 0 0 0 0 0 0 0 0 0 0 0 0 0 0 0 0 0 0 0 0 0 0 0 0 0 0 0 0 0 0 0 0 0 0 0 0 0
0 0 0 0 0 0 0 0 0 0 0 0 0 0 0 0 0 0 0 0 0 0 0 0 0 0 0 0 0 0 0 0 0 0 0 0 0 0 0 0 0 0 0 0 0 0 0 0 0 0
0 0 0 0 0 0 0 0 0 0 0 0 0 0 0 0 0 0 0 0 0 0 0 0 0 0 0 0 0 0 0 0 0 0 0 0 0 0 0 0 0 0 0 0 0 0 0 0 0 0
0 0 0 0 0 0 0 0 0 0 0 0 0 0 0 0 0 0 0 0 0 0 0 0 0 0 0 0 0 0 0 0 0 0 0 0 0 0 0 0 0 0 0 0 0 0 0 0 0 0
