0 0 0 0 0 0 0 0 0 0 0 0 0 0 0 0 0 0 0 0 0 0 0 0 0 0 0 0 0 0 0 0 0 0 0 0 0 0 0 0 0 0 0 0 0 0 0 0 0 0
0 0 0 0 0 0 0 0 0 0 0 0 0 0 0 0 0 0 0 0 0 0 0 0 0 0 0 0 0 0 0 0 0 0 0 0 0 0 0 0 0 0 0 0 0 0 0 0 0 0
0 0 0 0 0 0 0 0 0 0 0 0 0 0 0 0 0 0 0 0 0 0 0 0 0 0 0 0 0 0 0 0 0 0 0 0 0 0 0 0 0 0 0 0 0 0 0 0 0 0
0 0 0 0 0 0 0 0 0 0 0 0 0 0 0 0 0 0 0 0 0 0 0 0 0 0 0 0 0 0 0 0 0 0 0 0 0 0 0 0 0 0 0 0 0 0 0 0 0 0
0 0 0 36 36 0 0 0 0 0 0 0 0 0 0 0 0 0 0 0 0 13 13 13 13 0 0 0 0 0 0 0 0 0 0 0 0 0 0 0 0 0 0 0 0 0 0 0 0 0
0 0 0 36 26 99 0 0 0 0 0 0 0 0 0 0 0 0 0 0 21 21 41 41 13 0 0 0 0 0 0 0 0 0 0 0 0 0 0 0 0 0 0 0 0 0 0 0 0 0
0 0 0 36 36 99 0 0 0 0 0 0 0 0 0 0 0 0 0 0 21 42 42 37 13 0 0 0 0 0 0 0 0 0 0 0 0 0 0 0 0 0 0 0 0 0 0 0 0 0
0 0 0 0 36 99 0 0 0 0 0 0 0 0 0 0 0 0 0 21 21 42 100 100 13 0 0 0 0 0 0 0 34 34 34 34 34 0 0 0 0 0 0 0 0 0 0 0 0 0
0 0 0 0 36 99 99 99 99 0 0 0 0 0 0 0 0 0 0 21 42 42 100 0 0 0 0 0 0 0 0 34 34 67 67 67 34 34 0 0 0 0 0 0 0 0 0 0 0 0
0 0 0 0 36 36 36 36 99 0 0 0 0 0 0 0 0 0 0 21 42 100 100 0 0 0 0 0 0 0 0 34 1 1 82 67 67 34 0 0 0 0 0 0 0 0 0 0 0 0
0 0 0 0 0 0 0 36 99 0 0 0 0 0 0 0 0 0 0 21 42 100 0 0 0 0 0 0 0 0 0 34 1 85 85 85 67 34 0 0 0 0 0 0 0 0 0 0 0 0
0 0 0 0 0 0 0 36 99 97 0 0 0 0 0 0 0 0 0 21 42 100 0 0 0 0 0 0 0 0 0 34 1 18 32 85 67 34 0 0 0 0 0 0 0 0 0 0 0 0
0 0 0 0 0 0 0 36 99 73 73 73 73 73 73 73 21 21 21 21 42 100 0 0 0 0 0 0 0 0 0 34 100 18 9 85 67 34 0 0 0 0 0 0 0 0 0 0 0 0
0 0 0 0 0 0 0 36 86 86 86 86 86 86 86 73 65 42 42 42 42 100 0 0 0 0 0 0 0 0 0 0 100 18 9 7 67 34 0 0 0 0 0 0 0 0 0 0 0 0
0 0 0 0 0 0 0 10 10 10 10 10 10 10 86 86 65 42 94 94 94 100 100 100 100 100 0 0 0 0 100 100 100 18 9 7 27 34 0 0 0 0 0 0 0 0 0 0 0 0
0 0 0 0 0 0 0 0 0 0 0 0 0 10 10 86 65 42 42 42 94 94 94 94 94 100 100 0 0 100 100 18 18 18 9 7 62 62 0 0 0 0 0 0 0 0 0 0 0 0
0 0 0 0 0 0 0 0 0 0 0 0 0 0 10 22 65 65 65 42 42 42 42 42 94 94 100 100 100 100 18 18 59 59 9 7 0 0 0 0 0 0 0 0 0 0 0 0 0 0
0 0 0 0 0 0 0 0 0 0 0 0 0 0 0 22 22 22 65 65 65 65 65 42 55 18 18 18 18 18 18 59 59 31 25 7 7 7 7 84 6 0 0 0 0 0 0 0 0 0
0 0 0 0 0 0 0 0 0 0 0 0 0 0 0 0 0 22 22 22 22 22 65 42 59 59 59 59 18 18 59 59 31 31 25 47 47 47 7 47 6 0 0 0 0 0 0 0 0 0
0 0 0 0 0 0 0 0 0 0 0 0 0 0 0 0 0 0 71 71 22 22 58 58 58 76 76 59 59 18 59 31 31 25 25 47 28 47 47 47 8 8 0 0 0 0 0 0 0 0
0 0 0 0 0 0 0 0 0 0 0 0 0 0 0 0 0 71 71 22 22 92 92 92 58 76 93 69 59 59 59 31 25 25 16 16 28 28 28 28 28 80 0 0 0 0 0 0 0 0
0 0 0 0 0 0 0 0 0 0 0 0 0 0 0 71 71 71 22 22 92 92 68 92 58 58 93 69 59 59 31 31 25 2 2 28 28 0 0 0 0 0 0 0 0 0 0 0 0 0
0 0 0 0 0 0 0 71 71 71 71 71 71 71 71 71 49 35 22 92 92 60 68 92 92 92 93 69 59 59 31 25 25 2 28 28 0 0 0 0 0 0 0 0 0 0 0 0 0 0
0 0 0 0 0 0 0 45 49 49 49 49 49 49 49 49 49 92 92 92 60 60 68 68 92 92 77 69 59 69 69 69 2 2 28 20 20 20 20 20 0 0 0 0 0 0 0 0 0 0
0 0 0 0 0 0 0 45 11 12 60 60 60 60 60 60 60 60 60 60 60 60 60 68 92 77 77 69 69 69 88 69 2 28 28 28 28 28 28 20 0 0 0 0 0 0 0 0 0 0
0 0 0 0 0 0 0 45 45 12 43 43 43 43 43 43 43 43 43 60 60 60 68 68 92 77 19 19 19 88 88 69 2 2 2 2 2 2 28 20 0 0 0 0 0 0 0 0 0 0
0 0 0 0 0 0 0 45 45 12 43 43 43 43 43 43 43 43 43 60 95 68 68 3 3 77 19 72 19 88 88 69 69 69 69 69 69 2 98 20 0 0 0 0 0 0 0 0 0 0
0 0 0 45 45 45 45 45 12 12 43 43 43 43 43 43 43 43 43 60 95 83 64 64 46 77 77 77 81 88 88 88 88 88 88 88 88 17 98 20 0 0 0 0 0 0 0 0 0 0
0 0 0 45 12 12 12 12 12 43 43 43 43 43 43 43 43 43 43 60 95 83 83 64 46 46 46 46 81 96 24 24 24 24 24 17 17 17 98 20 0 0 0 0 0 0 0 0 0 0
0 0 0 60 43 43 43 43 43 43 43 43 43 43 43 43 43 43 43 60 95 83 64 64 64 64 64 96 96 96 57 57 57 57 24 24 98 98 98 20 0 0 0 0 0 0 0 0 0 0
0 0 0 60 43 43 43 43 43 43 43 43 43 43 43 43 43 43 43 60 95 83 64 90 90 90 74 74 74 57 57 50 50 57 57 24 20 20 20 20 0 0 0 0 0 0 0 0 0 0
0 0 0 60 43 43 43 43 43 43 43 43 43 43 43 43 43 43 43 60 95 83 64 64 56 90 90 90 74 74 29 50 50 50 57 24 24 24 20 0 0 0 0 0 0 0 0 0 0 0
0 0 0 60 60 60 60 43 43 60 60 60 60 60 60 43 43 43 43 60 95 83 83 14 56 56 56 90 90 44 29 53 0 50 57 57 57 24 20 0 0 0 0 0 0 0 0 0 0 0
0 0 0 0 60 48 60 60 60 60 95 95 95 95 60 60 60 60 60 60 95 54 15 15 56 0 56 56 29 29 29 0 0 50 50 61 57 24 20 20 20 20 20 20 0 0 0 0 0 0
0 0 0 0 63 95 95 95 95 95 95 54 54 95 95 60 60 95 95 95 95 54 15 0 0 0 0 0 0 0 0 0 0 0 0 61 66 24 24 24 24 24 23 20 0 0 0 0 0 0
0 0 0 0 63 63 63 95 54 54 54 54 54 54 95 95 95 95 54 54 54 54 15 0 0 0 0 0 0 0 0 0 0 0 0 61 61 61 61 61 61 30 23 20 0 0 0 0 0 0
0 0 0 0 0 63 63 95 54 15 15 15 15 54 54 54 54 54 54 15 15 15 15 0 0 0 0 0 0 0 0 0 0 0 0 0 0 0 0 0 70 30 87 20 0 0 0 0 0 0
0 0 0 0 0 63 95 95 54 15 33 0 15 15 15 15 15 15 15 15 0 0 0 0 0 0 0 0 0 0 0 0 0 0 0 0 0 0 0 0 70 30 87 5 0 0 0 0 0 0
0 0 0 0 0 78 54 54 54 52 33 0 0 0 0 0 0 0 0 0 0 0 0 0 0 0 0 0 0 0 0 0 0 0 0 0 0 0 0 0 70 30 91 5 0 0 0 0 0 0
0 0 0 0 0 78 78 78 33 33 33 0 0 0 0 0 0 0 0 0 0 0 0 0 0 0 0 0 0 0 0 0 0 0 0 0 0 0 0 0 70 5 5 5 0 0 0 0 0 0
0 0 0 0 0 4 38 38 38 0 0 0 0 0 0 0 0 0 0 0 0 0 0 0 0 0 0 0 0 0 0 0 0 0 0 0 0 0 0 0 70 5 0 0 0 0 0 0 0 0
0 0 0 0 0 4 38 0 0 0 0 0 0 0 0 0 0 0 0 0 0 0 0 0 0 0 0 0 0 0 0 0 0 0 0 0 0 0 0 0 70 5 0 0 0 0 0 0 0 0
0 0 0 0 4 4 38 0 0 0 0 0 0 0 0 0 0 0 0 0 0 0 0 0 0 0 0 0 0 0 0 0 0 0 0 0 0 0 0 0 70 5 0 0 0 0 0 0 0 0
0 0 0 0 4 38 38 0 0 0 0 0 0 0 0 0 0 0 0 0 0 0 0 0 0 0 0 0 0 0 0 0 0 0 0 0 0 0 0 0 70 5 5 5 5 89 39 0 0 0
0 0 4 4 4 38 0 0 0 0 0 0 0 0 0 0 0 0 0 0 0 0 0 0 0 0 0 0 0 0 0 0 0 0 0 0 0 0 0 0 70 5 5 51 75 75 39 0 0 0
0 4 4 38 38 38 0 0 0 0 0 0 0 0 0 0 0 0 0 0 0 0 0 0 0 0 0 0 0 0 0 0 0 0 0 0 0 0 0 0 70 5 5 70 70 39 39 0 0 0
0 4 38 38 0 0 0 0 0 0 0 0 0 0 0 0 0 0 0 0 0 0 0 0 0 0 0 0 0 0 0 0 0 0 0 0 0 0 0 0 70 5 70 70 0 0 0 0 0 0
0 79 40 79 0 0 0 0 0 0 0 0 0 0 0 0 0 0 0 0 0 0 0 0 0 0 0 0 0 0 0 0 0 0 0 0 0 0 0 0 70 70 70 0 0 0 0 0 0 0
0 79 79 79 0 0 0 0 0 0 0 0 0 0 0 0 0 0 0 0 0 0 0 0 0 0 0 0 0 0 0 0 0 0 0 0 0 0 0 0 0 0 0 0 0 0 0 0 0 0
0 0 0 0 0 0 0 0 0 0 0 0 0 0 0 0 0 0 0 0 0 0 0 0 0 0 0 0 0 0 0 0 0 0 0 0 0 0 0 0 0 0 0 0 0 0 0 0 0 0
