0 0 0 0 0 0 0 0 0 0 0 0 0 0 0 0 0 0 0 0 0 0 0 0 0 0 0 0 0 0 0 0 0 0 0 0 0 0 0 0 0 0 0 0 0 0 0 0 0 0
0 0 0 0 0 0 0 0 0 0 0 0 0 0 0 0 0 0 0 0 0 0 0 0 0 0 0 0 0 0 0 0 0 0 0 0 0 0 0 0 0 0 0 0 0 0 0 0 0 0
0 0 0 0 0 0 0 0 0 0 0 0 0 0 0 0 0 0 0 0 0 0 0 0 0 0 0 0 0 0 0 0 0 0 0 0 0 0 0 0 0 0 0 0 0 0 0 0 0 0
0 0 0 0 0 0 0 0 0 0 0 0 0 0 0 0 0 0 0 0 0 0 0 0 0 0 0 0 0 0 0 0 0 0 0 0 0 0 0 0 0 0 0 0 0 0 0 0 0 0
0 0 0 0 0 0 0 0 0 0 0 0 0 0 0 0 0 0 0 0 0 0 0 0 0 0 0 0 0 0 0 0 0 0 0 0 0 0 0 0 0 0 0 0 0 0 0 0 0 0
0 0 0 0 0 0 0 0 0 0 0 0 0 0 0 0 0 0 0 0 0 0 0 0 0 0 0 0 0 0 0 0 0 0 0 0 0 0 0 0 0 0 0 0 0 0 0 0 0 0
0 0 0 0 0 0 0 0 73 73 73 73 73 0 0 0 0 0 0 0 0 0 0 0 0 0 0 0 0 0 0 0 0 0 0 0 0 0 0 0 0 0 0 0 0 0 0 0 0 0
0 0 0 0 0 0 3 42 73 2 2 2 73 0 0 0 0 0 0 0 0 0 0 0 0 0 0 0 0 0 0 0 0 0 0 0 0 0 0 0 0 0 0 0 0 0 0 0 0 0
0 0 0 0 0 0 3 70 2 2 70 2 73 73 0 0 0 0 0 0 0 0 0 0 0 0 0 0 0 0 0 0 0 0 0 0 0 0 0 0 0 0 0 0 0 0 0 0 0 0
0 0 0 0 0 0 0 70 70 70 70 2 2 73 0 0 0 0 0 0 0 0 0 0 0 0 0 0 0 0 0 0 0 0 0 0 0 0 0 0 0 0 0 0 0 0 0 0 0 0
0 0 0 0 0 0 0 0 0 0 70 70 2 73 73 73 73 0 0 0 0 0 0 0 0 0 0 0 0 0 0 0 0 0 0 0 0 0 0 0 0 0 0 0 0 0 0 0 0 0
0 0 0 0 0 0 0 0 0 0 0 70 2 2 2 2 73 0 0 0 0 0 0 0 0 0 0 0 0 0 0 0 0 0 0 0 0 0 0 0 0 0 0 0 0 0 0 0 0 0
0 0 0 0 0 0 0 0 0 0 0 70 70 70 70 2 73 0 0 0 0 0 0 0 0 0 0 0 0 0 0 0 0 0 0 0 0 0 0 0 0 0 0 0 0 0 0 0 0 0
0 0 0 0 0 0 0 0 0 0 0 0 0 0 70 2 73 73 0 0 0 0 0 0 0 0 0 0 0 0 0 0 0 0 0 0 0 0 0 0 0 0 0 0 0 0 0 0 0 0
0 0 0 0 0 0 0 0 0 0 0 0 0 0 70 2 2 73 73 0 0 0 0 0 0 0 0 0 0 0 0 0 0 0 0 0 0 0 0 0 0 0 0 0 0 0 0 0 0 0
0 0 0 0 0 0 0 0 0 0 0 0 0 0 70 70 2 2 73 73 73 0 0 0 0 0 0 0 0 0 0 0 0 0 0 0 0 0 0 0 0 0 0 0 0 0 0 0 0 0
0 0 0 0 0 0 0 0 0 0 0 0 0 0 0 70 70 2 2 2 81 81 22 22 0 0 0 55 52 15 30 98 98 77 91 91 99 0 0 0 0 0 0 0 0 0 0 0 0 0
0 0 0 0 0 0 0 0 0 0 0 0 0 0 0 0 70 70 70 2 2 88 88 22 22 22 0 55 22 22 30 61 62 62 91 12 99 0 0 0 0 0 0 0 0 0 0 0 0 0
0 0 0 0 0 0 0 0 0 35 35 35 0 0 0 0 70 75 95 95 2 68 89 89 89 22 0 0 22 54 54 61 62 12 12 12 41 0 0 0 0 0 0 0 0 0 0 0 0 0
0 0 0 0 0 0 0 0 0 35 40 35 0 0 0 70 70 75 10 95 95 68 68 20 89 22 22 0 22 54 62 62 62 12 41 41 41 0 0 0 0 0 0 0 0 0 0 0 0 0
0 0 0 0 0 0 0 0 0 35 8 0 0 0 70 70 75 75 97 56 95 95 95 20 63 63 22 22 22 54 62 12 12 12 41 0 0 0 0 0 0 0 0 0 0 0 0 0 0 0
0 0 0 0 0 0 0 0 0 35 8 70 70 70 70 75 75 97 97 56 56 56 67 20 16 63 63 63 63 54 62 12 41 41 41 0 0 0 0 0 0 0 0 0 0 0 0 0 0 0
0 0 0 0 0 0 0 35 35 35 8 85 75 75 75 75 24 97 44 37 37 67 67 74 74 74 74 74 63 17 62 12 41 36 0 0 0 0 0 0 0 0 0 0 0 0 0 0 0 0
0 0 0 0 0 0 35 35 8 8 8 8 75 24 24 24 24 9 44 44 37 67 74 74 25 25 7 74 63 17 12 12 86 36 36 36 36 36 36 36 36 0 0 0 0 0 0 0 0 0
0 0 0 0 0 0 35 8 8 75 75 75 75 24 29 29 29 9 9 44 37 37 37 32 25 34 34 74 17 17 17 49 86 94 94 94 94 94 94 94 36 0 0 0 0 0 0 0 0 0
0 0 0 0 0 0 35 8 29 24 24 24 24 24 29 47 29 29 9 44 44 44 44 44 25 18 34 34 34 34 64 49 86 94 14 14 14 14 14 94 36 0 0 0 0 0 0 0 0 0
0 0 0 0 0 0 35 8 29 29 29 29 29 29 29 47 29 29 9 44 76 76 76 76 76 18 18 18 18 82 64 49 86 14 14 71 71 71 14 94 36 0 0 0 0 0 0 0 0 0
0 0 0 0 0 0 35 8 8 8 8 8 8 29 47 47 29 9 9 44 76 4 4 4 60 60 60 60 18 82 71 49 86 14 71 71 26 71 14 94 36 0 0 0 0 0 0 0 0 0
0 0 0 0 0 0 35 35 29 29 29 29 29 29 47 47 29 9 11 44 76 4 78 51 51 51 51 60 18 82 71 49 14 14 71 53 53 14 14 94 36 0 0 0 0 0 0 0 0 0
0 0 0 0 0 0 35 29 29 47 47 47 47 47 47 47 29 9 11 50 76 4 78 58 58 58 51 60 18 82 71 49 71 71 71 53 93 93 94 94 36 0 0 0 0 0 0 0 0 0
0 0 0 80 35 35 35 29 47 47 31 31 31 31 31 47 29 9 76 76 76 4 78 90 0 58 51 60 18 82 71 71 71 53 53 53 93 79 79 36 36 0 0 0 0 0 0 0 0 0
0 0 0 31 84 84 84 29 47 31 31 31 31 31 31 47 29 19 19 19 4 4 78 90 0 58 51 60 18 82 6 13 13 13 13 93 93 0 0 0 0 0 0 0 0 0 0 0 0 0
0 0 0 31 31 31 31 47 47 31 31 47 47 47 47 47 29 29 29 19 92 78 78 90 0 58 51 60 18 82 6 43 43 43 13 93 93 93 93 39 0 0 0 0 0 0 0 0 0 0
0 0 0 0 0 0 31 31 31 31 31 47 29 29 29 29 29 19 19 19 92 90 90 90 0 58 51 60 18 82 6 51 58 43 13 13 13 13 83 39 0 0 0 0 0 0 0 0 0 0
0 0 0 0 0 0 0 0 0 0 31 47 29 19 19 19 19 19 28 28 28 90 0 0 0 58 51 60 60 48 6 51 58 43 43 43 43 57 83 39 0 0 0 0 0 0 0 0 0 0
0 0 0 0 0 0 0 0 0 0 31 47 29 19 21 28 28 28 28 0 0 0 0 0 0 58 51 51 51 51 51 51 58 58 58 58 43 57 5 39 0 0 0 0 0 0 0 0 0 0
0 0 0 0 0 0 0 0 0 0 31 47 65 65 21 28 0 0 0 0 0 0 0 0 0 58 58 58 58 58 58 58 58 0 0 58 43 33 5 39 0 0 0 0 0 0 0 0 0 0
0 0 0 0 0 0 0 0 0 0 31 47 45 45 45 28 0 0 0 0 0 0 0 0 0 0 0 0 0 0 0 0 0 0 0 58 5 5 5 39 0 0 0 0 0 0 0 0 0 0
0 0 0 0 0 0 0 100 96 31 31 31 45 28 28 28 0 0 0 0 0 0 0 0 0 0 0 0 0 0 0 0 0 0 0 58 58 69 59 39 0 0 0 0 0 0 0 0 0 0
0 0 0 0 0 0 0 100 1 1 66 66 66 28 0 0 0 0 0 0 0 0 0 0 0 0 0 0 0 0 0 0 0 0 0 0 87 69 59 27 0 0 0 0 0 0 0 0 0 0
0 0 0 0 0 0 0 100 1 23 66 28 28 28 0 0 0 0 0 0 0 0 0 0 0 0 0 0 0 0 0 0 0 0 0 0 0 0 0 0 0 0 0 0 0 0 0 0 0 0
0 0 0 0 0 0 72 100 1 1 28 28 0 0 0 0 0 0 0 0 0 0 0 0 0 0 0 0 0 0 0 0 0 0 0 0 0 0 0 0 0 0 0 0 0 0 0 0 0 0
0 0 0 0 0 0 72 46 46 38 38 0 0 0 0 0 0 0 0 0 0 0 0 0 0 0 0 0 0 0 0 0 0 0 0 0 0 0 0 0 0 0 0 0 0 0 0 0 0 0
0 0 0 0 0 0 0 0 0 0 0 0 0 0 0 0 0 0 0 0 0 0 0 0 0 0 0 0 0 0 0 0 0 0 0 0 0 0 0 0 0 0 0 0 0 0 0 0 0 0
0 0 0 0 0 0 0 0 0 0 0 0 0 0 0 0 0 0 0 0 0 0 0 0 0 0 0 0 0 0 0 0 0 0 0 0 0 0 0 0 0 0 0 0 0 0 0 0 0 0
0 0 0 0 0 0 0 0 0 0 0 0 0 0 0 0 0 0 0 0 0 0 0 0 0 0 0 0 0 0 0 0 0 0 0 0 0 0 0 0 0 0 0 0 0 0 0 0 0 0
0 0 0 0 0 0 0 0 0 0 0 0 0 0 0 0 0 0 0 0 0 0 0 0 0 0 0 0 0 0 0 0 0 0 0 0 0 0 0 0 0 0 0 0 0 0 0 0 0 0
0 0 0 0 0 0 0 0 0 0 0 0 0 0 0 0 0 0 0 0 0 0 0 0 0 0 0 0 0 0 0 0 0 0 0 0 0 0 0 0 0 0 0 0 0 0 0 0 0 0
0 0 0 0 0 0 0 0 0 0 0 0 0 0 0 0 0 0 0 0 0 0 0 0 0 0 0 0 0 0 0 0 0 0 0 0 0 0 0 0 0 0 0 0 0 0 0 0 0 0
0 0 0 0 0 0 0 0 0 0 0 0 0 0 0 0 0 0 0 0 0 0 0 0 0 0 0 0 0 0 0 0 0 0 0 0 0 0 0 0 0 0 0 0 0 0 0 0 0 0
