0 0 0 0 0 0 0 0 0 0 0 0 0 0 0 0 0 0 0 0 0 0 0 0 0 0 0 0 0 0 0 0 0 0 0 0 0 0 0 0 0 0 0 72 0 0 0 0 0 0
0 0 0 0 0 0 0 0 0 0 0 0 0 0 0 0 0 0 0 0 0 0 0 0 0 0 0 0 0 0 0 0 0 0 0 0 0 0 0 0 0 0 0 1 1 0 0 0 0 0
0 0 0 0 0 0 0 0 0 0 0 0 0 0 0 0 0 0 0 0 0 0 0 0 0 0 0 0 0 0 0 0 0 0 0 0 0 0 0 0 0 0 98 98 1 0 0 0 0 0
0 0 0 0 0 0 0 0 0 0 0 0 0 0 0 0 0 0 0 0 0 0 0 0 0 0 0 0 0 0 0 0 0 54 54 54 54 0 98 98 98 0 98 1 1 0 0 0 0 0
0 0 0 0 0 0 0 0 0 0 0 0 0 0 0 0 0 0 0 0 0 0 0 0 0 0 0 0 0 0 0 0 0 54 43 21 54 54 54 30 98 98 98 1 0 0 0 0 0 0
0 0 0 0 0 0 0 0 0 0 0 0 0 0 0 0 0 0 0 0 0 0 0 0 0 0 0 0 0 0 0 0 0 54 43 93 46 46 46 30 1 1 1 1 0 0 0 0 0 0
0 0 0 0 0 0 0 0 0 0 0 0 0 0 0 0 0 0 0 0 0 0 0 0 0 0 0 0 0 0 0 0 0 54 43 93 93 93 46 30 1 0 0 0 0 0 0 0 0 0
0 0 0 0 0 0 0 0 0 0 0 0 0 0 0 0 0 0 0 0 0 0 0 0 0 0 0 0 0 0 0 0 0 54 43 43 43 93 46 30 1 0 0 0 0 0 0 0 0 0
0 0 0 0 0 0 0 0 0 0 0 0 0 0 0 0 0 0 0 0 0 0 0 0 0 0 0 0 0 0 0 0 0 54 54 43 43 93 46 30 1 0 0 0 0 0 0 0 0 0
0 0 0 0 0 0 0 68 68 63 63 5 5 5 5 0 0 0 0 0 0 0 0 0 0 0 0 0 0 0 0 0 43 43 43 43 93 93 46 30 1 0 0 0 0 0 0 0 0 0
0 0 0 0 0 0 0 68 10 10 92 92 92 81 5 0 0 0 0 0 0 0 0 0 0 0 0 0 0 0 43 43 43 93 93 93 93 41 46 30 1 0 0 0 0 0 0 0 0 0
0 0 0 0 0 0 0 31 10 97 97 97 37 81 5 0 0 0 0 0 0 0 0 0 0 0 0 0 0 0 43 57 57 93 46 46 93 93 46 30 1 12 0 0 0 0 0 0 0 0
0 0 0 0 0 0 0 31 36 84 90 97 37 37 37 37 37 37 0 0 0 0 0 0 0 0 0 0 0 0 43 57 75 75 61 46 46 46 46 30 53 12 0 0 0 0 0 0 0 0
0 0 0 0 0 0 0 0 36 84 84 97 97 97 97 97 97 37 0 0 0 0 0 0 0 0 0 0 0 43 43 57 75 64 64 46 53 53 53 53 53 9 9 0 0 0 0 0 0 0
0 0 0 0 0 0 0 0 36 36 84 84 84 84 84 84 97 37 0 0 0 0 0 0 0 0 0 0 0 43 57 57 75 64 46 46 53 99 99 99 99 99 100 0 0 0 0 0 0 0
0 0 0 0 0 0 0 0 0 36 36 36 36 36 36 84 97 37 37 37 0 0 0 0 0 0 0 0 0 43 57 75 75 64 46 46 46 46 89 99 2 100 100 0 0 0 0 0 0 0
0 0 0 0 0 0 0 0 0 0 0 0 0 0 36 84 97 97 97 37 0 0 0 0 0 0 0 0 0 43 57 75 64 64 46 46 46 64 64 64 2 0 0 0 0 0 0 0 0 0
0 0 0 0 0 0 0 0 0 0 0 0 0 0 36 84 84 84 97 37 37 0 0 0 0 0 0 0 0 43 57 75 64 46 46 46 46 64 16 64 2 0 0 0 0 0 0 0 0 0
0 0 0 0 0 0 0 0 0 0 0 0 0 0 36 36 36 84 97 97 37 37 37 37 0 0 0 0 0 43 57 75 64 46 46 64 64 64 64 2 2 0 0 0 0 0 0 0 0 0
0 0 0 0 0 0 0 0 0 0 0 0 0 0 0 0 36 84 84 97 37 19 87 37 43 43 43 43 43 43 57 75 64 46 64 64 2 2 2 2 0 0 0 0 0 0 0 0 0 0
0 0 0 0 0 0 0 0 0 0 0 0 0 0 0 0 36 36 84 97 97 19 57 57 57 57 57 57 43 43 57 75 64 64 64 2 2 0 0 0 0 0 0 0 0 0 0 0 0 0
0 0 0 0 0 0 0 0 0 0 0 0 0 0 0 0 0 36 84 84 97 19 96 75 75 75 75 57 57 57 57 75 64 2 2 2 0 0 0 0 0 0 0 0 0 0 0 0 0 0
0 0 0 0 0 0 0 0 0 0 0 0 0 0 0 0 0 36 85 84 84 84 96 26 26 26 75 57 57 75 75 75 64 2 0 0 0 0 0 0 0 0 0 0 0 0 0 0 0 0
0 0 0 0 0 0 0 0 0 0 0 0 0 0 0 0 0 36 85 74 74 74 74 26 22 26 75 75 75 75 64 64 64 2 0 0 0 0 0 0 0 0 0 0 0 0 0 0 0 0
0 0 0 0 0 0 0 0 0 0 0 0 0 0 0 0 0 36 33 33 17 17 74 52 22 26 26 26 26 26 64 2 2 2 0 0 0 0 0 0 0 0 0 0 0 0 0 0 0 0
0 0 0 0 0 0 0 0 0 0 0 0 0 0 6 6 6 36 36 33 17 22 22 22 22 40 15 26 70 45 64 2 0 0 0 0 0 0 0 0 0 0 0 0 0 0 0 0 0 0
0 0 0 0 0 0 0 0 0 0 0 0 0 0 6 33 33 33 33 33 17 22 4 4 13 13 15 42 70 45 50 2 0 0 0 0 0 0 0 0 0 0 0 0 0 0 0 0 0 0
0 0 0 0 0 0 0 0 0 0 0 0 0 0 6 33 17 17 17 17 17 22 4 82 82 78 78 42 70 45 14 2 0 0 0 0 0 0 0 0 0 0 0 0 0 0 0 0 0 0
0 0 0 0 0 0 0 0 0 0 0 0 0 0 6 33 17 22 22 22 22 22 4 82 82 82 78 78 70 45 14 14 0 0 0 0 0 0 0 0 0 0 0 0 0 0 0 0 0 0
0 0 0 0 0 0 0 0 0 0 0 0 0 6 6 33 7 83 7 7 22 4 4 82 91 82 82 47 47 45 58 14 0 0 0 0 0 0 0 0 0 0 0 0 0 0 0 0 0 0
0 0 0 0 0 0 0 0 0 0 0 0 0 28 66 33 7 7 7 7 22 4 82 82 91 91 82 29 29 45 80 14 0 0 0 0 0 0 0 0 0 0 0 0 0 0 0 0 0 0
0 0 0 0 0 0 0 0 0 0 0 0 0 28 35 33 33 11 7 22 22 4 82 91 91 91 44 44 29 45 80 14 14 0 0 0 0 0 0 0 0 0 0 0 0 0 0 0 0 0
0 0 0 0 0 0 0 0 0 28 28 28 28 28 35 11 11 11 79 4 4 4 82 91 20 51 51 38 29 45 80 80 59 0 0 0 0 0 0 0 0 0 0 0 0 0 0 0 0 0
0 0 0 0 0 0 0 0 0 28 35 35 35 35 35 11 79 79 79 82 82 82 82 91 20 34 76 38 29 45 45 94 59 0 0 0 0 0 0 0 0 0 0 0 0 0 0 0 0 0
0 0 0 0 0 0 0 0 0 28 35 11 11 11 11 11 79 39 88 88 91 91 91 91 20 34 76 38 29 29 62 94 59 48 48 0 0 0 0 0 0 0 0 0 0 0 0 0 0 0
0 0 0 0 0 0 0 0 56 28 18 11 79 79 79 79 79 39 73 73 73 20 20 20 20 34 76 38 55 29 62 62 62 62 48 0 0 0 0 0 0 0 0 0 0 0 0 0 0 0
0 0 0 0 0 0 0 0 56 60 18 18 39 39 39 39 39 39 65 20 20 20 0 0 0 34 76 0 55 29 29 29 29 62 48 48 48 48 48 0 0 0 0 0 0 0 0 0 0 0
0 0 0 0 0 0 0 0 56 24 24 18 18 18 65 65 65 65 65 71 0 0 0 0 0 3 3 0 55 55 55 55 29 62 62 62 62 62 48 0 0 0 0 0 0 0 0 0 0 0
0 0 0 0 0 0 0 0 0 24 23 23 23 23 23 71 71 71 71 71 0 0 0 0 0 0 0 0 0 0 0 55 29 62 32 32 32 62 48 48 0 0 0 0 0 0 0 0 0 0
0 0 0 0 0 0 0 25 25 25 23 71 71 71 71 71 0 0 0 0 0 0 0 0 0 0 0 0 0 0 0 55 29 95 32 55 32 62 62 48 48 48 48 0 0 0 0 0 0 0
0 0 0 0 0 0 0 25 23 23 23 71 0 0 0 0 0 0 0 0 0 0 0 0 0 0 0 0 0 0 0 55 32 32 32 55 32 32 62 62 62 49 48 0 0 0 0 0 0 0
0 0 0 0 25 25 25 25 23 71 71 71 0 0 0 0 0 0 0 0 0 0 0 0 0 0 0 0 0 0 0 55 55 55 55 55 27 32 32 32 67 49 48 0 0 0 0 0 0 0
0 0 0 0 86 23 23 23 23 71 0 0 0 0 0 0 0 0 0 0 0 0 0 0 0 0 0 0 0 0 0 0 0 0 0 0 27 27 27 27 27 27 48 0 0 0 0 0 0 0
0 0 0 0 86 77 71 71 71 71 0 0 0 0 0 0 0 0 0 0 0 0 0 0 0 0 0 0 0 0 0 0 0 0 0 0 0 0 0 0 0 0 0 0 0 0 0 0 0 0
0 0 0 0 86 77 8 0 0 0 0 0 0 0 0 0 0 0 0 0 0 0 0 0 0 0 0 0 0 0 0 0 0 0 0 0 0 0 0 0 0 0 0 0 0 0 0 0 0 0
0 0 0 0 69 77 0 0 0 0 0 0 0 0 0 0 0 0 0 0 0 0 0 0 0 0 0 0 0 0 0 0 0 0 0 0 0 0 0 0 0 0 0 0 0 0 0 0 0 0
0 0 0 0 0 0 0 0 0 0 0 0 0 0 0 0 0 0 0 0 0 0 0 0 0 0 0 0 0 0 0 0 0 0 0 0 0 0 0 0 0 0 0 0 0 0 0 0 0 0
0 0 0 0 0 0 0 0 0 0 0 0 0 0 0 0 0 0 0 0 0 0 0 0 0 0 0 0 0 0 0 0 0 0 0 0 0 0 0 0 0 0 0 0 0 0 0 0 0 0
0 0 0 0 0 0 0 0 0 0 0 0 0 0 0 0 0 0 0 0 0 0 0 0 0 0 0 0 0 0 0 0 0 0 0 0 0 0 0 0 0 0 0 0 0 0 0 0 0 0
0 0 0 0 0 0 0 0 0 0 0 0 0 0 0 0 0 0 0 0 0 0 0 0 0 0 0 0 0 0 0 0 0 0 0 0 0 0 0 0 0 0 0 0 0 0 0 0 0 0
