0 0 0 0 0 0 0 0 0 0 0 0 0 0 0 0 0 0 0 0 0 0 0 0 0 0 0 0 0 0 0 0 0 0 0 0 0 0 0 0 0 0 0 0 0 0 0 0 0 0
0 0 0 0 0 0 0 0 0 0 0 0 0 0 0 0 0 0 0 0 0 0 0 0 0 0 0 0 0 0 0 0 0 0 0 0 0 0 0 0 0 0 0 0 0 0 0 0 0 0
0 0 0 0 0 0 0 0 0 0 0 0 0 0 0 0 0 0 0 0 0 0 0 0 0 0 0 0 0 0 0 0 0 0 0 0 0 0 0 0 0 0 0 0 0 0 0 0 0 0
0 0 0 0 0 0 0 0 0 0 0 0 0 0 0 0 0 0 0 0 0 0 0 0 0 0 0 0 0 0 0 0 0 0 0 0 0 0 0 0 0 0 0 0 0 0 0 0 0 0
0 0 0 0 0 0 0 0 0 0 0 0 0 0 0 0 0 0 0 0 0 0 0 0 0 0 0 0 0 0 0 0 0 0 0 0 0 0 0 0 0 0 0 0 0 0 0 0 0 0
0 0 0 0 0 0 0 0 92 92 92 0 0 0 0 0 0 0 0 0 0 0 0 0 0 0 0 0 0 0 0 0 0 0 0 0 0 0 0 0 0 0 0 0 0 0 0 0 0 0
0 0 0 0 0 0 0 0 92 11 33 33 33 0 0 0 0 0 0 0 0 0 62 62 62 80 80 0 0 0 0 0 0 0 0 0 0 0 0 0 0 0 0 0 0 0 0 0 0 0
0 0 0 0 0 0 0 0 92 21 21 21 33 0 0 0 0 0 0 0 0 0 33 32 55 55 80 0 0 0 0 0 0 0 0 0 0 0 0 0 0 0 0 0 0 0 0 0 0 0
0 0 0 0 0 0 0 0 95 95 95 21 33 0 0 0 0 0 0 0 0 0 33 23 61 55 80 0 0 0 0 0 0 0 0 0 0 0 0 31 31 31 31 48 0 0 0 0 0 0
0 0 0 0 0 0 0 0 0 0 95 21 33 33 33 0 0 0 0 0 0 0 33 23 61 55 80 0 0 0 0 0 0 0 0 0 0 0 0 31 43 43 83 83 0 0 0 0 0 0
0 0 0 0 0 0 0 0 0 0 95 21 21 21 33 33 0 0 0 0 0 33 33 23 61 55 80 0 0 0 0 0 0 0 0 0 0 0 0 31 57 66 66 49 0 0 0 0 0 0
0 0 0 0 0 0 0 0 0 0 95 95 95 21 21 33 0 0 0 0 33 33 23 23 61 55 80 0 0 0 0 0 0 0 0 0 31 31 31 31 16 66 0 0 0 0 0 0 0 0
0 0 0 0 0 0 0 0 0 0 0 0 95 95 21 33 0 0 0 0 33 23 23 61 61 55 80 0 0 0 0 0 0 0 0 72 72 16 16 16 16 38 0 0 0 0 0 0 0 0
0 0 0 0 0 0 0 0 0 0 0 0 0 95 21 33 33 33 33 33 33 23 51 71 61 55 80 0 0 0 0 0 0 0 72 72 1 1 27 27 27 38 38 38 0 0 0 0 0 0
0 0 0 0 0 0 0 0 0 0 0 0 0 95 21 21 21 21 33 33 23 23 51 61 61 55 80 0 0 0 0 0 0 72 72 1 1 20 27 59 27 27 27 38 0 0 0 0 0 0
0 0 0 0 0 0 0 0 0 0 0 0 0 95 95 95 96 21 33 33 23 51 51 61 55 55 80 0 0 0 0 0 0 72 1 1 27 27 27 59 24 24 24 29 0 0 0 0 0 0
0 0 0 0 0 0 0 0 0 0 0 0 0 0 0 0 96 7 33 23 23 51 61 61 55 15 15 15 15 15 15 0 72 72 1 27 27 59 59 59 29 29 29 29 0 0 0 0 0 0
0 0 0 0 0 0 0 0 0 0 0 0 0 0 0 0 96 7 23 23 51 51 61 55 55 15 55 55 55 55 15 72 72 1 1 27 59 59 70 70 70 0 0 0 0 0 0 0 0 0
0 0 0 0 0 0 0 0 0 0 0 0 0 0 0 0 96 7 23 51 51 61 61 55 55 55 55 64 64 1 1 72 72 1 27 27 59 70 70 0 0 0 0 0 0 0 0 0 0 0
0 0 0 0 0 0 0 0 0 0 0 0 0 0 0 0 97 7 23 51 61 61 55 55 55 61 61 61 78 78 1 1 1 1 27 59 59 70 0 0 0 0 0 0 0 0 0 0 0 0
0 0 0 0 0 0 0 0 0 0 0 0 0 0 0 8 97 7 23 51 61 55 55 55 55 61 10 10 10 42 42 27 27 27 27 59 70 70 0 0 0 0 0 0 0 0 0 0 0 0
0 0 0 0 0 0 0 0 0 0 0 0 0 0 0 8 99 7 23 51 61 61 61 61 61 61 10 76 76 76 59 59 59 59 59 59 70 0 0 0 0 0 0 0 0 0 0 0 0 0
0 0 0 0 0 0 0 0 0 0 0 0 0 0 0 41 99 7 56 51 61 61 51 51 51 51 10 76 59 59 59 79 70 70 70 70 70 0 0 0 0 0 0 0 0 0 0 0 0 0
0 0 0 0 0 0 0 0 0 0 0 0 0 0 0 41 99 89 56 51 61 61 51 50 50 10 10 76 76 76 76 79 70 0 0 0 0 0 0 0 0 0 0 0 0 0 0 0 0 0
0 0 0 0 0 0 0 0 0 0 0 0 0 0 0 41 99 6 56 51 61 51 51 50 63 10 76 76 18 18 67 67 67 0 0 0 0 0 0 0 0 0 0 0 0 0 0 0 0 0
0 0 0 0 0 0 0 0 0 0 0 0 0 0 0 41 35 6 56 51 51 51 6 50 74 10 76 76 76 69 67 67 13 13 0 0 0 0 0 0 0 0 0 0 0 0 0 0 0 0
0 0 0 0 0 0 0 0 0 0 0 0 0 0 0 84 35 6 6 6 51 51 6 28 74 4 4 44 76 69 69 67 67 13 0 0 0 0 0 0 0 0 0 0 0 0 0 0 0 0
0 0 0 0 0 0 0 0 0 0 0 0 0 0 0 65 35 35 35 6 51 6 6 28 74 74 82 44 76 76 69 69 67 13 0 0 0 0 0 0 0 0 0 0 0 0 0 0 0 0
0 0 0 0 0 0 0 0 0 0 0 0 0 0 0 65 98 98 98 6 6 6 28 28 28 74 74 44 44 76 76 69 67 13 13 13 13 0 0 0 0 0 0 0 0 0 0 0 0 0
0 0 0 0 0 0 0 0 0 0 0 0 0 0 0 5 5 77 28 28 28 28 28 54 28 28 74 74 44 44 76 69 67 67 67 100 13 0 0 0 0 0 0 0 0 0 0 0 0 0
0 0 0 0 0 0 0 0 0 0 0 0 0 0 0 5 77 77 34 34 34 34 34 54 54 14 14 74 74 44 76 69 69 69 69 69 13 0 0 0 0 0 0 0 0 0 0 0 0 0
0 0 0 0 0 0 0 0 0 0 0 0 0 81 81 5 77 34 34 40 40 40 40 40 37 37 14 14 74 44 76 69 36 36 36 36 36 0 0 0 0 0 0 0 0 0 0 0 0 0
0 0 0 0 0 0 0 0 0 0 0 0 0 81 19 19 77 34 40 40 26 26 0 40 40 37 37 14 14 94 76 69 58 58 58 58 93 93 0 0 0 0 0 0 0 0 0 0 0 0
0 0 0 0 0 0 0 0 0 0 0 81 81 81 19 30 30 34 34 40 40 26 0 0 40 40 37 37 46 46 46 46 46 22 88 58 58 86 0 0 0 0 0 0 0 0 0 0 0 0
0 0 0 0 0 0 0 0 0 81 81 81 19 19 19 30 30 30 34 34 40 26 0 0 0 40 40 37 37 37 37 37 37 22 88 45 17 86 0 0 0 0 0 0 0 0 0 0 0 0
0 0 0 0 0 0 0 0 0 81 19 19 19 30 30 30 30 30 30 34 40 26 0 0 0 0 40 40 40 37 87 87 37 75 88 17 17 0 0 0 0 0 0 0 0 0 0 0 0 0
0 0 0 0 0 0 0 0 0 81 19 30 30 30 30 30 30 30 30 34 40 26 0 0 0 0 0 0 37 37 87 87 88 88 88 17 0 0 0 0 0 0 0 0 0 0 0 0 0 0
0 0 0 0 0 0 0 0 0 81 19 30 30 85 30 30 30 30 34 34 40 26 0 0 0 0 0 0 37 87 87 17 17 17 17 17 0 0 0 0 0 0 0 0 0 0 0 0 0 0
0 0 0 0 0 0 0 0 68 81 19 19 30 85 30 34 34 34 34 40 40 26 0 0 0 0 0 0 37 87 53 53 0 0 0 0 0 0 0 0 0 0 0 0 0 0 0 0 0 0
0 0 0 0 0 0 0 0 9 9 9 19 30 85 30 34 40 40 40 40 26 26 0 0 0 0 0 37 37 87 0 0 0 0 0 0 0 0 0 0 0 0 0 0 0 0 0 0 0 0
0 0 0 0 0 0 0 0 9 91 19 19 30 85 30 34 40 40 26 26 26 0 0 0 0 0 0 37 87 87 0 0 0 0 0 0 0 0 0 0 0 0 0 0 0 0 0 0 0 0
0 0 0 0 0 0 0 47 9 91 2 30 30 85 90 34 25 40 40 26 0 0 0 0 0 0 0 37 87 0 0 0 0 0 0 0 0 0 0 0 0 0 0 0 0 0 0 0 0 0
0 0 0 0 0 0 0 47 60 60 60 60 3 85 85 85 73 73 40 26 26 0 0 0 0 0 37 37 87 0 0 0 0 0 0 0 0 0 0 0 0 0 0 0 0 0 0 0 0 0
0 0 0 0 0 0 0 0 0 0 3 3 3 0 0 85 85 73 40 40 26 0 0 0 0 0 37 12 87 0 0 0 0 0 0 0 0 0 0 0 0 0 0 0 0 0 0 0 0 0
0 0 0 0 0 0 0 0 0 0 39 0 0 0 0 0 85 73 73 40 26 0 0 0 0 0 0 87 87 0 0 0 0 0 0 0 0 0 0 0 0 0 0 0 0 0 0 0 0 0
0 0 0 0 0 0 0 0 0 0 0 0 0 0 0 0 85 85 73 40 26 0 0 0 0 0 0 0 0 0 0 0 0 0 0 0 0 0 0 0 0 0 0 0 0 0 0 0 0 0
0 0 0 0 0 0 0 0 0 0 0 0 0 0 0 0 0 85 85 26 26 0 0 0 0 0 0 0 0 0 0 0 0 0 0 0 0 0 0 0 0 0 0 0 0 0 0 0 0 0
0 0 0 0 0 0 0 0 0 0 0 0 0 0 0 0 0 0 52 52 0 0 0 0 0 0 0 0 0 0 0 0 0 0 0 0 0 0 0 0 0 0 0 0 0 0 0 0 0 0
0 0 0 0 0 0 0 0 0 0 0 0 0 0 0 0 0 0 0 0 0 0 0 0 0 0 0 0 0 0 0 0 0 0 0 0 0 0 0 0 0 0 0 0 0 0 0 0 0 0
0 0 0 0 0 0 0 0 0 0 0 0 0 0 0 0 0 0 0 0 0 0 0 0 0 0 0 0 0 0 0 0 0 0 0 0 0 0 0 0 0 0 0 0 0 0 0 0 0 0
