0 0 0 0 0 0 0 0 0 0 0 0 0 0 0 0 0 0 0 0 0 0 0 0 0 0 0 0 0 0 0 0 0 0 0 0 0 0 0 0 0 0 0 0 0 0 0 0 0 0
0 0 0 0 0 0 0 0 0 0 0 0 0 0 0 0 0 0 0 0 0 0 0 0 0 0 0 0 0 0 0 0 0 0 0 0 0 0 0 0 0 0 0 0 0 0 0 0 0 0
0 0 0 0 0 0 0 0 0 0 0 0 0 0 0 0 0 0 0 0 0 0 0 0 0 0 0 0 0 0 0 0 0 0 0 0 0 0 0 0 0 0 0 0 0 0 0 0 0 0
0 0 0 0 0 0 0 0 0 0 0 0 0 0 0 0 0 0 0 0 0 0 0 0 0 0 0 0 0 0 0 0 0 0 0 0 0 0 0 0 0 0 0 0 0 0 0 0 0 0
0 0 0 0 0 0 0 0 0 0 0 0 74 0 0 0 0 0 0 0 0 0 0 0 0 0 0 0 0 0 0 0 0 0 0 0 0 0 0 0 0 0 0 0 0 0 0 0 0 0
0 0 0 0 0 0 90 90 90 90 0 0 21 21 0 0 0 0 0 0 0 0 0 0 0 0 0 0 0 0 0 0 0 0 0 0 0 0 0 0 0 0 0 0 0 0 0 0 0 0
0 0 0 0 0 0 90 89 82 90 43 43 43 21 0 0 0 0 0 0 0 0 0 0 0 0 0 0 0 0 0 0 0 0 0 0 0 0 0 0 0 0 0 0 0 0 0 0 0 0
0 0 0 0 0 0 90 19 82 43 43 21 21 21 0 0 0 0 0 0 0 0 0 0 0 0 0 0 0 0 0 0 0 0 0 0 0 0 0 0 0 0 0 0 0 0 0 0 0 0
0 0 0 0 0 0 0 19 82 29 63 21 0 0 0 0 0 0 0 0 0 0 0 0 0 0 0 0 0 0 0 0 0 0 0 0 0 0 0 0 0 0 0 0 0 0 0 0 0 0
0 0 0 0 0 0 0 57 57 57 63 21 0 0 0 0 0 0 0 0 0 0 0 0 0 0 0 0 0 0 0 0 0 0 0 0 0 0 0 0 0 0 0 0 0 0 0 0 0 0
0 0 0 0 0 0 0 0 22 73 63 21 21 0 0 0 0 0 0 0 0 0 0 0 0 0 0 0 0 0 0 0 0 0 0 0 0 0 0 0 0 0 0 0 0 0 0 0 0 0
0 0 0 0 0 0 0 0 11 73 63 63 21 21 0 0 0 0 0 0 0 0 0 0 0 0 0 0 0 0 0 0 0 0 0 0 0 0 0 0 0 0 0 0 0 0 0 0 0 0
0 0 0 0 0 0 0 0 11 73 73 63 63 21 21 0 0 0 0 0 0 0 0 0 0 0 0 0 0 0 0 15 15 84 0 0 0 0 0 0 0 0 0 0 0 0 0 0 0 0
0 0 0 0 0 0 0 0 11 11 73 73 63 63 21 0 0 0 0 0 0 0 0 0 0 0 0 0 0 0 0 24 99 84 0 0 0 0 0 0 0 0 0 0 0 0 0 0 0 0
0 0 0 0 0 0 0 0 0 11 11 73 73 63 21 0 0 0 0 0 0 0 0 0 0 0 0 0 0 92 92 24 99 0 0 0 0 0 0 0 0 0 0 0 0 0 0 0 0 0
0 0 0 0 0 0 0 0 0 0 11 11 73 63 21 21 21 0 0 0 0 0 0 0 0 0 0 64 64 92 69 69 99 0 0 0 0 0 0 0 0 0 0 0 0 0 0 0 0 0
0 0 0 0 0 0 0 0 0 0 0 11 73 63 6 6 21 0 0 0 0 0 0 0 0 0 0 10 92 92 69 100 100 0 0 0 0 0 0 0 0 0 0 0 0 0 0 0 0 0
0 0 0 0 0 0 0 0 0 0 0 11 73 63 63 13 21 21 21 21 65 65 65 65 65 65 10 10 69 69 69 78 27 0 0 0 0 0 0 0 0 0 0 0 0 0 0 0 0 0
0 0 0 0 0 0 0 0 0 0 0 11 73 73 55 13 13 13 13 16 16 16 16 16 16 10 10 2 2 72 33 78 27 0 0 0 0 0 0 0 0 0 0 0 0 0 0 0 0 0
0 0 0 0 0 0 0 0 0 0 0 11 77 53 55 55 55 55 58 58 58 16 16 31 2 2 2 2 76 76 33 78 27 0 0 0 0 0 0 0 0 0 0 0 0 0 0 0 0 0
0 0 0 0 0 0 0 0 0 0 0 11 77 7 7 7 7 55 55 14 58 58 58 58 2 2 68 68 68 50 33 78 27 0 0 0 0 0 0 0 0 0 0 0 0 0 0 0 0 0
0 0 0 0 0 0 0 0 0 0 0 11 23 23 23 23 7 7 7 14 60 60 60 68 68 68 68 75 50 50 78 78 27 27 27 27 27 27 27 27 27 27 27 27 27 27 27 27 27 0
0 0 0 0 0 0 0 0 0 0 0 0 0 0 0 23 23 23 7 14 14 32 51 51 51 28 28 75 78 78 78 27 27 83 83 83 83 83 83 83 83 83 83 83 83 83 83 83 27 0
0 0 0 0 0 0 0 0 0 0 0 0 0 0 0 0 0 23 7 7 14 12 12 51 51 79 75 75 78 78 78 27 83 83 83 83 83 83 27 27 27 27 27 27 27 27 83 83 27 0
0 0 0 0 0 0 0 0 0 0 0 0 0 0 0 0 0 23 23 7 14 94 79 79 79 79 3 87 87 93 78 27 27 83 83 83 27 27 27 0 0 0 0 0 0 27 27 27 27 0
0 0 0 0 0 0 0 0 0 0 0 0 0 0 0 5 5 23 23 7 94 94 79 26 26 42 3 3 3 93 78 78 78 34 83 83 27 0 0 0 0 0 0 0 0 0 0 0 0 0
0 0 0 0 0 0 0 0 0 0 0 0 0 0 0 5 1 1 91 91 94 79 79 26 26 42 20 20 17 93 93 93 36 34 27 27 27 0 0 0 0 0 0 0 0 0 0 0 0 0
0 0 0 0 0 0 0 0 0 0 0 0 0 0 0 5 1 45 45 67 94 79 26 26 26 42 70 54 17 41 49 34 34 34 27 0 0 0 0 0 0 0 0 0 0 0 0 0 0 0
0 0 0 0 0 0 0 0 0 0 0 0 0 0 5 5 1 45 48 48 94 79 26 26 26 42 70 54 54 41 49 49 56 27 27 0 0 0 0 0 0 0 0 0 0 0 0 0 0 0
0 0 0 0 0 0 0 0 0 0 0 0 0 5 5 1 1 45 81 18 18 79 26 26 26 42 70 59 54 71 71 44 56 56 56 56 56 56 56 56 56 56 56 56 0 0 0 0 0 0
0 0 0 0 0 0 0 0 0 0 0 0 0 97 1 1 81 81 81 18 42 26 26 26 26 42 66 59 8 8 71 44 44 44 44 44 56 44 44 44 44 44 44 56 0 0 0 0 0 0
0 0 0 0 0 0 0 0 0 0 0 0 0 97 35 30 30 61 25 18 42 42 26 26 26 42 66 59 80 8 71 71 71 71 71 44 44 44 71 71 71 71 44 56 0 0 0 0 0 0
0 0 0 0 0 0 0 0 0 0 0 0 0 0 35 35 46 61 25 66 66 42 42 42 42 42 66 59 80 8 8 8 8 8 71 71 71 71 71 8 8 8 47 56 85 85 0 0 0 0
0 0 0 0 0 0 0 0 0 0 0 0 0 0 0 0 46 9 25 25 66 66 66 66 66 66 66 59 80 80 80 80 80 8 8 8 8 8 8 8 47 47 47 47 47 85 0 0 0 0
0 0 0 0 0 0 0 0 0 0 0 0 0 0 0 0 0 9 9 25 25 25 66 59 59 59 59 59 80 0 0 0 80 80 80 80 80 80 4 86 86 86 47 96 47 85 0 0 0 0
0 0 0 0 0 0 0 0 0 0 0 0 0 0 0 0 0 0 9 9 25 25 66 59 80 80 80 80 80 0 0 0 0 0 0 0 0 80 98 98 98 86 47 86 47 85 85 85 85 0
0 0 0 0 0 0 0 0 0 0 0 0 0 0 0 0 0 0 0 9 25 66 66 59 80 0 0 0 0 0 0 0 0 0 0 0 0 52 52 52 98 86 86 86 47 85 47 47 85 0
0 0 0 0 0 0 0 0 0 0 0 0 0 0 0 0 0 0 0 9 25 66 59 59 80 0 0 0 0 0 0 0 0 0 0 0 0 0 0 52 98 98 98 98 47 47 47 98 52 0
0 0 0 0 0 0 0 0 0 0 0 0 0 0 0 0 0 0 0 9 95 59 59 80 80 0 0 0 0 0 0 0 0 0 0 0 0 0 0 52 52 52 52 98 98 98 98 98 52 0
0 0 0 0 0 0 0 0 0 0 0 0 0 0 0 0 0 0 0 9 62 62 37 37 40 0 0 0 0 0 0 0 0 0 0 0 0 0 0 0 0 0 52 52 52 52 52 52 52 0
0 0 0 0 0 0 0 0 0 0 0 0 0 0 0 0 0 0 0 39 39 88 88 0 0 0 0 0 0 0 0 0 0 0 0 0 0 0 0 0 0 0 0 0 0 0 0 0 0 0
0 0 0 0 0 0 0 0 0 0 0 0 0 0 0 0 0 0 0 0 38 38 0 0 0 0 0 0 0 0 0 0 0 0 0 0 0 0 0 0 0 0 0 0 0 0 0 0 0 0
0 0 0 0 0 0 0 0 0 0 0 0 0 0 0 0 0 0 0 0 0 0 0 0 0 0 0 0 0 0 0 0 0 0 0 0 0 0 0 0 0 0 0 0 0 0 0 0 0 0
0 0 0 0 0 0 0 0 0 0 0 0 0 0 0 0 0 0 0 0 0 0 0 0 0 0 0 0 0 0 0 0 0 0 0 0 0 0 0 0 0 0 0 0 0 0 0 0 0 0
0 0 0 0 0 0 0 0 0 0 0 0 0 0 0 0 0 0 0 0 0 0 0 0 0 0 0 0 0 0 0 0 0 0 0 0 0 0 0 0 0 0 0 0 0 0 0 0 0 0
0 0 0 0 0 0 0 0 0 0 0 0 0 0 0 0 0 0 0 0 0 0 0 0 0 0 0 0 0 0 0 0 0 0 0 0 0 0 0 0 0 0 0 0 0 0 0 0 0 0
0 0 0 0 0 0 0 0 0 0 0 0 0 0 0 0 0 0 0 0 0 0 0 0 0 0 0 0 0 0 0 0 0 0 0 0 0 0 0 0 0 0 0 0 0 0 0 0 0 0
0 0 0 0 0 0 0 0 0 0 0 0 0 0 0 0 0 0 0 0 0 0 0 0 0 0 0 0 0 0 0 0 0 0 0 0 0 0 0 0 0 0 0 0 0 0 0 0 0 0
0 0 0 0 0 0 0 0 0 0 0 0 0 0 0 0 0 0 0 0 0 0 0 0 0 0 0 0 0 0 0 0 0 0 0 0 0 0 0 0 0 0 0 0 0 0 0 0 0 0
0 0 0 0 0 0 0 0 0 0 0 0 0 0 0 0 0 0 0 0 0 0 0 0 0 0 0 0 0 0 0 0 0 0 0 0 0 0 0 0 0 0 0 0 0 0 0 0 0 0
