0 0 0 0 0 0 0 0 0 0 0 0 0 0 0 0 0 0 0 0 0 0 0 0 0 0 0 0 0 0 0 0 0 0 0 0 0 0 0 0 0 0 0 0 0 0 0 0 0 0
0 0 0 0 0 0 0 0 0 0 0 0 0 0 0 0 0 0 0 0 0 0 0 0 0 0 0 0 0 0 0 0 0 0 0 0 0 0 0 0 0 0 0 0 0 0 0 0 0 0
0 0 0 0 0 0 0 0 0 0 0 0 0 0 0 0 0 0 0 0 0 0 0 0 0 0 0 0 0 0 0 0 0 0 0 0 0 0 0 0 0 0 0 0 0 0 0 0 0 0
0 0 0 0 0 0 0 0 0 0 0 0 0 0 0 0 0 0 0 0 0 0 0 0 0 0 0 0 0 0 0 0 0 0 0 0 0 0 0 0 0 0 0 0 0 0 0 0 0 0
0 0 0 0 0 0 0 0 0 0 0 0 0 0 0 0 0 0 0 0 0 0 0 0 0 0 0 0 0 0 0 0 0 0 0 0 0 0 0 0 0 0 0 0 0 0 0 0 0 0
0 0 0 0 0 0 0 0 0 0 0 0 0 0 0 0 0 0 0 0 0 0 0 0 0 0 0 0 0 0 0 0 0 0 0 0 0 0 0 0 0 0 0 0 0 0 0 0 0 0
0 0 0 0 0 0 0 0 0 0 0 0 0 0 0 0 0 0 0 0 0 0 0 0 0 0 0 0 0 0 0 0 0 0 0 0 0 0 0 0 0 0 0 0 0 0 0 0 0 0
0 0 0 0 0 0 0 0 0 0 0 0 0 0 0 0 0 0 0 0 0 0 0 0 0 0 0 0 0 0 0 0 0 0 0 0 0 0 0 0 0 0 0 0 0 0 0 0 0 0
0 0 0 0 0 0 0 0 0 0 0 0 0 23 23 23 23 23 23 0 0 0 0 0 0 0 0 0 0 0 0 0 0 0 0 0 0 0 0 0 0 0 0 0 0 0 0 0 0 0
0 0 0 0 0 0 0 0 0 0 0 0 0 94 48 48 48 48 23 0 0 0 0 0 0 0 0 0 0 0 0 0 0 0 14 46 0 0 0 0 0 0 0 0 0 0 0 0 0 0
0 0 0 0 0 0 0 0 0 0 0 0 10 94 22 50 50 48 23 0 0 0 0 0 0 0 0 0 0 0 0 65 65 65 65 46 16 16 16 16 19 0 0 0 0 0 0 0 0 0
0 0 0 0 0 0 0 0 0 0 0 0 10 38 38 77 50 48 23 0 0 0 0 0 0 0 0 0 0 0 0 65 16 16 16 16 16 42 42 93 19 0 0 0 0 0 0 0 0 0
0 0 0 0 0 0 0 0 0 0 0 0 10 38 77 77 50 48 23 23 23 0 0 0 0 0 0 0 0 0 0 65 16 15 15 15 15 15 19 19 19 0 0 0 0 0 0 0 0 0
0 0 0 0 0 0 0 0 0 0 0 0 52 38 77 50 50 48 48 48 23 23 23 0 0 0 0 0 0 0 0 65 16 15 74 58 7 15 91 91 0 0 0 0 0 0 0 0 0 0
0 0 0 0 35 35 35 35 35 35 0 89 52 38 77 50 50 50 50 48 48 48 23 0 0 0 0 0 0 0 0 65 16 15 74 13 45 15 90 91 0 0 0 0 0 0 0 0 0 0
0 0 35 35 35 33 83 83 83 35 35 89 25 38 77 77 77 77 50 50 50 48 23 0 0 0 0 0 0 0 0 65 16 15 74 13 45 45 90 91 0 0 0 0 0 0 0 0 0 0
35 35 35 83 83 83 83 37 83 83 83 83 25 53 53 53 53 77 77 77 50 48 23 0 23 23 23 23 23 23 98 65 16 15 74 13 68 8 8 91 0 0 0 0 0 0 0 0 0 0
35 83 83 83 37 37 37 37 37 37 37 83 25 34 34 34 53 53 53 77 50 48 23 23 23 80 80 80 80 80 98 74 16 15 74 13 68 68 8 91 0 0 0 0 0 0 0 0 0 0
72 37 37 37 37 0 0 0 0 0 37 83 83 83 62 62 62 53 53 77 50 48 85 85 23 80 50 50 50 24 24 74 16 15 74 13 13 68 8 91 0 0 0 0 0 0 0 0 0 0
0 0 0 0 0 0 0 0 0 0 37 37 37 37 62 53 53 53 77 77 50 48 67 80 80 80 50 4 4 4 12 74 74 15 74 74 13 68 8 91 0 0 0 0 0 0 0 0 0 0
0 0 0 0 0 0 0 0 0 0 0 0 37 37 62 59 5 77 77 50 50 50 50 80 50 50 50 4 95 51 12 12 74 74 74 74 13 68 8 91 0 0 0 0 0 0 0 0 0 0
0 0 0 0 0 0 0 0 0 0 0 0 37 55 55 59 60 60 60 60 60 60 50 50 50 60 2 2 95 63 63 12 74 13 13 13 13 68 8 91 0 0 0 0 0 0 0 0 0 0
0 0 0 0 0 0 0 0 0 0 0 0 37 55 64 59 60 36 36 36 36 60 60 60 60 60 66 87 95 47 13 12 13 13 68 68 68 68 8 91 0 0 0 0 0 0 0 0 0 0
0 0 0 0 0 0 0 0 0 0 0 0 37 55 64 31 36 36 31 31 36 36 36 88 73 66 66 95 95 47 13 12 13 68 68 8 8 8 8 91 0 0 0 0 0 0 0 0 0 0
0 0 0 0 0 0 0 0 0 0 0 0 37 55 64 31 31 31 31 31 88 88 88 88 73 79 44 44 47 47 13 13 13 68 8 8 8 8 91 91 0 0 0 0 0 0 0 0 0 0
0 0 0 0 0 0 0 0 0 0 0 0 37 55 64 64 64 64 64 31 27 73 73 73 73 79 39 47 47 47 47 47 68 68 68 68 68 8 8 0 0 0 0 0 0 0 0 0 0 0
0 0 0 0 0 0 0 0 0 0 0 82 37 55 55 55 55 55 64 64 27 26 18 18 73 100 39 47 17 17 17 47 47 47 47 47 68 68 8 0 0 0 0 0 0 0 0 0 0 0
0 0 0 0 0 0 0 82 82 82 82 82 29 29 29 29 64 64 64 64 64 26 6 18 75 100 76 47 17 30 17 17 17 17 47 71 47 68 8 0 0 0 0 0 0 0 0 0 0 0
0 0 0 0 0 0 0 82 49 49 49 49 49 49 49 49 49 40 40 40 6 6 6 18 75 75 76 17 17 30 30 30 30 17 47 47 47 68 8 0 0 0 0 0 0 0 0 0 0 0
0 0 82 82 82 82 82 82 49 99 99 99 99 99 99 99 99 40 6 6 6 18 18 18 21 21 76 30 30 30 61 61 30 17 17 68 68 68 8 0 0 0 0 0 0 0 0 0 0 0
0 82 82 49 49 49 49 49 49 99 99 99 99 99 99 99 99 40 6 18 18 18 3 11 11 30 30 30 61 61 61 61 30 30 17 68 68 68 8 8 20 0 0 0 0 0 0 0 0 0
0 82 49 49 99 99 99 99 99 99 99 99 99 99 40 40 40 40 6 18 3 3 3 3 61 61 61 61 61 0 0 61 61 30 17 17 17 68 17 81 20 0 0 0 0 0 0 0 0 0
0 82 49 99 99 99 99 40 40 40 40 40 40 40 40 56 56 56 6 18 3 0 0 0 0 0 0 0 0 0 0 0 61 30 30 30 17 17 17 84 20 0 0 0 0 0 0 0 0 0
0 1 99 99 1 99 40 40 56 56 56 56 56 56 56 56 56 43 6 18 3 0 0 0 0 0 0 0 0 0 0 0 61 61 78 28 28 84 84 84 0 0 0 0 0 0 0 0 0 0
0 1 1 1 1 99 40 56 56 41 41 41 41 41 41 41 43 43 70 18 3 0 0 0 0 0 0 0 0 0 0 0 0 61 9 28 84 84 0 0 0 0 0 0 0 0 0 0 0 0
0 0 0 99 99 99 40 56 41 41 32 32 32 32 32 96 96 54 54 54 3 0 0 0 0 0 0 0 0 0 0 0 0 69 9 86 84 0 0 0 0 0 0 0 0 0 0 0 0 0
0 0 32 99 40 40 40 56 41 32 32 0 0 32 54 54 54 54 0 97 97 0 0 0 0 0 0 0 0 0 0 0 0 69 57 86 0 0 0 0 0 0 0 0 0 0 0 0 0 0
0 0 32 41 56 56 56 56 41 32 0 0 0 32 92 0 0 0 0 0 0 0 0 0 0 0 0 0 0 0 0 0 0 69 69 69 0 0 0 0 0 0 0 0 0 0 0 0 0 0
0 0 32 41 41 41 41 41 41 32 0 0 0 0 0 0 0 0 0 0 0 0 0 0 0 0 0 0 0 0 0 0 0 0 0 0 0 0 0 0 0 0 0 0 0 0 0 0 0 0
0 0 32 32 32 32 32 32 32 32 0 0 0 0 0 0 0 0 0 0 0 0 0 0 0 0 0 0 0 0 0 0 0 0 0 0 0 0 0 0 0 0 0 0 0 0 0 0 0 0
0 0 0 0 0 0 0 0 0 0 0 0 0 0 0 0 0 0 0 0 0 0 0 0 0 0 0 0 0 0 0 0 0 0 0 0 0 0 0 0 0 0 0 0 0 0 0 0 0 0
0 0 0 0 0 0 0 0 0 0 0 0 0 0 0 0 0 0 0 0 0 0 0 0 0 0 0 0 0 0 0 0 0 0 0 0 0 0 0 0 0 0 0 0 0 0 0 0 0 0
0 0 0 0 0 0 0 0 0 0 0 0 0 0 0 0 0 0 0 0 0 0 0 0 0 0 0 0 0 0 0 0 0 0 0 0 0 0 0 0 0 0 0 0 0 0 0 0 0 0
0 0 0 0 0 0 0 0 0 0 0 0 0 0 0 0 0 0 0 0 0 0 0 0 0 0 0 0 0 0 0 0 0 0 0 0 0 0 0 0 0 0 0 0 0 0 0 0 0 0
0 0 0 0 0 0 0 0 0 0 0 0 0 0 0 0 0 0 0 0 0 0 0 0 0 0 0 0 0 0 0 0 0 0 0 0 0 0 0 0 0 0 0 0 0 0 0 0 0 0
0 0 0 0 0 0 0 0 0 0 0 0 0 0 0 0 0 0 0 0 0 0 0 0 0 0 0 0 0 0 0 0 0 0 0 0 0 0 0 0 0 0 0 0 0 0 0 0 0 0
0 0 0 0 0 0 0 0 0 0 0 0 0 0 0 0 0 0 0 0 0 0 0 0 0 0 0 0 0 0 0 0 0 0 0 0 0 0 0 0 0 0 0 0 0 0 0 0 0 0
0 0 0 0 0 0 0 0 0 0 0 0 0 0 0 0 0 0 0 0 0 0 0 0 0 0 0 0 0 0 0 0 0 0 0 0 0 0 0 0 0 0 0 0 0 0 0 0 0 0
0 0 0 0 0 0 0 0 0 0 0 0 0 0 0 0 0 0 0 0 0 0 0 0 0 0 0 0 0 0 0 0 0 0 0 0 0 0 0 0 0 0 0 0 0 0 0 0 0 0
0 0 0 0 0 0 0 0 0 0 0 0 0 0 0 0 0 0 0 0 0 0 0 0 0 0 0 0 0 0 0 0 0 0 0 0 0 0 0 0 0 0 0 0 0 0 0 0 0 0
