0 0 0 0 0 0 0 0 0 0 0 0 0 0 0 0 0 0 0 0 0 0 0 0 0 0 0 0 0 0 0 0 0 0 0 0 0 0 0 0 0 0 0 0 0 0 0 0 0 0
0 0 0 0 0 0 0 0 0 0 0 0 0 0 0 0 0 0 0 0 0 0 0 0 0 0 0 0 0 0 0 0 0 0 0 0 0 0 0 0 0 0 0 0 0 0 0 0 0 0
0 0 0 0 0 0 0 0 0 0 0 0 0 0 0 0 0 0 0 0 0 0 0 0 0 0 0 0 0 0 0 0 0 0 0 0 0 0 0 0 0 0 0 0 0 0 0 0 0 0
0 0 0 0 0 0 0 0 0 0 0 0 0 0 0 0 0 0 0 0 0 0 0 0 0 0 0 0 0 0 0 0 0 0 0 0 0 0 0 0 0 0 0 0 0 0 0 0 0 0
0 0 0 0 0 0 0 0 82 82 82 0 0 0 0 0 0 0 0 0 0 0 0 0 0 0 0 0 0 0 0 0 0 0 0 0 0 0 0 0 0 0 0 0 0 0 0 0 0 0
0 0 0 0 0 0 0 0 82 31 41 0 0 0 0 0 0 0 0 0 0 0 0 0 0 0 0 0 0 0 0 0 0 0 0 0 0 0 0 0 0 0 0 0 0 0 0 0 0 0
0 0 0 0 0 0 0 0 82 81 41 0 0 0 0 0 0 0 0 0 0 0 0 0 0 0 0 0 0 0 0 0 0 0 0 0 0 0 0 0 0 0 0 0 0 0 0 0 0 0
0 0 0 0 0 0 0 0 81 81 41 0 0 0 0 0 0 0 0 0 0 0 0 0 0 0 0 0 0 0 0 0 0 0 0 0 0 0 0 0 0 0 0 0 0 0 0 0 0 0
0 0 0 0 0 0 0 0 81 41 41 72 0 0 0 0 0 0 0 0 0 0 0 0 0 0 0 0 0 0 0 0 0 0 0 0 0 0 0 0 0 0 0 0 96 96 0 0 0 0
0 0 0 0 0 0 0 0 81 41 49 49 49 0 0 0 0 0 0 0 0 0 0 0 0 0 0 0 0 0 0 0 0 0 0 0 0 0 0 0 0 0 0 97 97 80 0 0 0 0
0 0 0 0 0 0 0 0 81 41 41 41 49 0 0 0 0 0 0 0 0 0 0 0 0 0 0 0 0 0 0 0 0 0 0 0 0 0 0 0 0 0 0 97 9 76 0 0 0 0
0 0 0 0 0 0 0 0 81 81 81 41 49 0 0 0 0 0 0 0 0 0 0 0 0 0 0 0 0 0 0 0 0 0 0 0 0 97 97 97 97 97 97 97 9 76 0 0 0 0
0 0 0 0 0 0 0 0 0 0 81 41 49 49 49 49 49 49 49 49 49 49 49 0 0 0 0 51 51 51 51 51 0 0 97 97 97 97 9 9 9 9 9 9 9 76 0 0 0 0
0 0 0 0 0 0 0 0 0 0 81 41 41 41 41 90 17 17 17 17 17 17 49 0 0 0 0 51 46 56 56 51 0 56 97 9 9 9 9 76 76 76 76 76 76 76 0 0 0 0
0 0 0 0 0 0 0 0 0 0 81 81 79 79 16 90 90 45 45 45 45 17 49 0 0 0 0 51 21 21 56 51 51 56 9 9 76 76 76 76 0 0 0 0 0 0 0 0 0 0
0 0 0 0 0 0 0 0 0 0 0 0 0 50 16 84 6 89 89 89 45 17 49 0 0 0 0 49 49 21 56 56 51 56 9 57 57 57 57 76 0 0 0 0 0 0 0 0 0 0
0 0 0 0 0 0 0 0 0 0 0 0 0 50 16 16 6 6 6 89 45 17 49 49 49 49 49 49 21 21 21 56 56 56 9 9 9 9 57 76 0 0 0 0 0 0 0 0 0 0
0 0 0 0 0 0 0 0 0 0 0 0 0 50 50 16 16 16 6 89 45 17 17 49 49 21 21 21 21 35 42 42 42 42 9 42 52 44 57 76 0 0 0 0 0 0 0 0 0 0
0 0 0 0 0 0 0 0 0 0 0 0 0 0 50 50 50 16 6 89 45 45 17 49 21 21 35 35 35 35 40 73 88 42 42 42 25 44 57 76 0 0 0 0 0 0 0 0 0 0
0 0 0 0 0 0 0 0 0 0 0 0 0 0 0 0 50 16 6 89 89 45 14 14 14 35 35 40 40 40 40 74 88 25 42 25 25 98 57 76 0 0 0 0 0 0 0 0 0 0
0 0 0 0 0 0 0 0 0 0 0 0 0 0 0 0 50 16 6 69 89 45 35 35 14 35 22 22 63 74 74 74 64 25 25 25 98 98 59 59 0 0 0 0 0 0 0 0 0 0
0 0 0 0 0 0 0 0 0 0 0 0 0 0 0 0 50 16 6 65 89 22 22 35 35 35 22 74 74 74 64 64 64 64 64 64 64 98 58 59 0 0 0 0 0 0 0 0 0 0
0 0 0 0 0 0 0 0 0 0 0 0 0 0 0 66 66 16 16 65 65 65 22 22 22 22 22 74 64 64 64 62 62 62 62 62 70 62 58 59 0 0 0 0 0 0 0 0 0 0
0 0 0 0 0 0 0 0 0 0 0 0 0 0 0 23 5 5 16 16 16 65 65 65 65 22 22 74 64 62 62 62 58 58 58 62 62 62 58 59 0 0 0 0 0 0 0 0 0 0
0 0 0 0 0 0 0 0 0 0 0 0 0 0 0 23 23 61 61 61 61 61 61 61 65 22 22 74 64 32 19 58 58 59 58 58 58 58 58 59 0 0 0 0 0 0 0 0 0 0
0 0 0 0 0 0 0 0 0 0 0 0 0 0 0 0 23 61 54 54 54 54 54 54 65 22 65 74 87 32 32 58 29 59 59 59 59 59 59 59 0 0 0 0 0 0 0 0 0 0
0 0 0 0 0 0 0 0 0 0 0 0 0 0 0 23 23 61 54 53 53 53 53 53 65 65 65 87 87 71 32 58 29 0 0 0 0 0 0 0 0 0 0 0 0 0 0 0 0 0
0 0 0 0 0 0 0 0 0 0 0 0 0 0 0 23 61 61 54 53 83 83 83 83 83 83 83 83 11 71 32 58 47 47 0 0 0 0 0 0 0 0 0 0 0 0 0 0 0 0
0 0 0 0 0 0 0 0 0 0 0 0 0 0 0 23 61 54 54 53 83 71 71 71 71 71 71 71 71 71 32 58 58 47 47 47 47 47 0 0 0 0 0 0 0 0 0 0 0 0
0 0 0 0 0 0 0 0 0 0 0 0 0 0 0 23 61 54 92 53 83 83 4 77 33 91 91 91 91 34 32 32 58 58 58 58 58 47 0 0 0 0 0 0 0 0 0 0 0 0
0 0 0 0 0 0 0 0 0 0 0 0 0 0 0 23 61 54 92 15 15 33 33 33 33 91 28 28 85 34 34 32 58 58 32 32 58 47 0 0 0 0 0 0 0 0 0 0 0 0
0 0 0 0 0 0 0 0 0 0 0 0 0 0 0 23 61 54 54 54 15 100 91 91 91 91 28 26 85 85 34 32 32 32 99 32 58 47 0 0 0 0 0 0 0 0 0 0 0 0
0 0 0 0 0 0 0 0 0 0 0 0 0 0 0 23 61 61 61 3 3 100 91 60 60 60 28 26 38 85 34 27 37 32 32 32 58 47 0 0 0 0 0 0 0 0 0 0 0 0
0 0 0 0 0 0 0 0 0 0 0 0 0 0 0 23 23 95 95 95 13 13 91 60 94 94 94 94 38 85 34 27 37 37 58 58 58 47 0 0 0 0 0 0 0 0 0 0 0 0
0 0 0 0 0 0 0 0 0 0 23 23 23 23 23 23 95 95 13 13 13 2 2 60 94 0 0 0 38 85 34 27 27 37 37 37 47 47 0 0 0 0 0 0 0 0 0 0 0 0
0 0 0 0 0 0 0 0 0 0 23 95 95 95 95 95 95 13 13 2 2 2 60 60 94 0 0 0 38 85 34 75 27 27 27 37 37 47 47 0 0 0 0 0 0 0 0 0 0 0
0 0 0 0 0 0 0 0 0 23 23 95 13 13 13 13 13 13 2 2 60 60 60 94 94 0 0 0 38 85 55 75 78 78 27 27 37 37 47 47 47 47 0 0 0 0 0 0 0 0
0 0 0 0 0 0 0 0 0 23 95 95 13 2 2 2 2 2 2 60 60 94 94 94 0 0 0 0 38 85 7 7 7 78 93 27 27 37 37 37 37 47 0 0 0 0 0 0 0 0
0 0 0 0 0 0 0 0 86 23 95 13 13 2 60 60 60 60 60 60 94 94 0 0 0 0 0 0 38 12 12 12 12 12 93 10 27 27 27 1 37 47 47 8 0 0 0 0 0 0
0 0 0 0 0 0 0 0 86 48 95 13 2 2 60 94 94 94 94 94 94 0 0 0 0 0 0 0 43 43 43 43 43 10 10 10 20 20 27 27 37 37 37 8 39 0 0 0 0 0
0 0 0 0 0 0 0 86 86 48 30 2 2 60 60 94 0 0 0 0 0 0 0 0 0 0 0 0 0 0 0 0 43 43 43 43 43 20 20 27 27 27 27 18 39 0 0 0 0 0
0 0 0 0 0 0 0 86 48 48 60 60 60 60 94 94 0 0 0 0 0 0 0 0 0 0 0 0 0 0 0 0 0 0 0 0 0 0 20 20 20 20 20 20 39 0 0 0 0 0
0 0 0 0 0 0 0 68 48 94 94 94 94 94 94 0 0 0 0 0 0 0 0 0 0 0 0 0 0 0 0 0 0 0 0 0 0 0 0 0 0 0 0 67 67 0 0 0 0 0
0 0 0 0 0 0 0 68 24 24 0 0 0 0 0 0 0 0 0 0 0 0 0 0 0 0 0 0 0 0 0 0 0 0 0 0 0 0 0 0 0 0 0 0 0 0 0 0 0 0
0 0 0 0 0 0 0 36 36 0 0 0 0 0 0 0 0 0 0 0 0 0 0 0 0 0 0 0 0 0 0 0 0 0 0 0 0 0 0 0 0 0 0 0 0 0 0 0 0 0
0 0 0 0 0 0 0 0 0 0 0 0 0 0 0 0 0 0 0 0 0 0 0 0 0 0 0 0 0 0 0 0 0 0 0 0 0 0 0 0 0 0 0 0 0 0 0 0 0 0
0 0 0 0 0 0 0 0 0 0 0 0 0 0 0 0 0 0 0 0 0 0 0 0 0 0 0 0 0 0 0 0 0 0 0 0 0 0 0 0 0 0 0 0 0 0 0 0 0 0
0 0 0 0 0 0 0 0 0 0 0 0 0 0 0 0 0 0 0 0 0 0 0 0 0 0 0 0 0 0 0 0 0 0 0 0 0 0 0 0 0 0 0 0 0 0 0 0 0 0
0 0 0 0 0 0 0 0 0 0 0 0 0 0 0 0 0 0 0 0 0 0 0 0 0 0 0 0 0 0 0 0 0 0 0 0 0 0 0 0 0 0 0 0 0 0 0 0 0 0
0 0 0 0 0 0 0 0 0 0 0 0 0 0 0 0 0 0 0 0 0 0 0 0 0 0 0 0 0 0 0 0 0 0 0 0 0 0 0 0 0 0 0 0 0 0 0 0 0 0
