0 0 0 0 0 0 0 0 0 0 0 0 0 0 0 0 0 0 0 0 0 0 0 0 0 0 0 0 0 0 0 0 0 0 0 0 0 0 0 0 0 0 0 0 0 0 0 0 0 0
0 0 0 0 0 0 0 0 0 0 0 0 0 0 0 0 0 0 0 0 0 0 0 0 0 0 0 0 0 0 0 0 0 0 0 0 0 0 0 0 0 0 0 0 0 0 0 0 0 0
0 0 0 0 0 0 0 0 0 0 0 0 0 0 0 0 0 0 0 0 0 0 0 0 0 0 0 0 0 0 0 0 0 0 0 0 0 0 0 0 0 0 0 0 0 0 0 0 0 0
0 0 0 0 0 0 0 0 0 0 0 0 0 0 0 0 0 0 0 0 0 0 0 0 0 0 0 0 0 0 0 0 0 0 0 0 0 0 0 0 0 0 0 0 0 0 0 0 0 0
0 0 0 0 2 34 34 0 0 0 0 0 0 0 0 0 0 0 0 0 0 0 0 0 0 0 0 0 0 0 0 0 0 0 0 0 0 0 0 0 0 0 0 0 0 0 0 0 0 0
0 0 0 0 2 73 68 68 68 68 0 0 0 0 0 0 0 0 0 0 0 0 0 0 0 0 0 0 0 0 0 0 0 0 0 0 0 0 0 0 0 0 0 0 0 0 0 0 0 0
0 0 0 0 2 73 60 60 39 68 68 0 0 0 0 0 0 0 0 0 0 0 0 0 0 0 0 0 0 0 0 0 0 0 0 0 0 0 0 0 0 0 0 0 0 0 0 0 0 0
0 0 0 0 2 25 25 26 39 17 21 0 0 0 0 0 0 0 0 0 0 0 20 20 20 65 65 65 65 0 0 0 0 0 0 0 0 0 0 0 0 0 0 0 0 0 0 0 0 0
0 0 0 0 0 0 25 26 51 77 21 0 0 0 0 0 0 0 0 0 0 20 20 71 71 71 67 67 65 65 65 0 0 0 0 0 0 0 0 0 0 0 0 0 0 0 0 0 0 0
0 0 0 0 0 0 25 26 26 77 21 0 0 0 0 0 0 0 0 0 0 20 71 71 43 43 49 67 67 67 95 95 0 0 0 0 0 0 0 0 0 0 0 0 0 0 0 0 0 0
0 0 0 0 0 0 25 25 88 77 21 0 0 0 0 0 21 21 21 21 20 20 71 43 43 49 49 67 67 49 1 95 0 0 0 0 0 0 0 0 0 0 0 0 0 0 0 0 0 0
0 0 0 0 0 0 0 0 88 77 21 21 21 21 21 0 21 28 28 71 71 20 71 43 49 49 67 67 67 49 1 95 0 0 0 0 0 0 0 0 0 0 0 0 0 0 0 0 0 0
0 0 0 0 0 0 0 0 88 77 77 77 77 77 21 21 21 28 54 27 71 20 71 43 49 49 67 49 49 49 1 95 0 0 0 0 0 0 0 0 0 0 0 0 0 0 0 0 0 0
0 0 0 0 0 0 0 0 88 88 88 88 88 77 77 21 21 28 54 27 71 20 71 43 43 49 49 49 1 1 1 95 0 0 0 0 0 0 0 0 0 0 0 0 0 0 0 0 0 0
0 0 0 0 0 0 0 0 0 0 0 0 88 88 77 77 21 28 54 27 71 71 71 71 43 43 43 37 38 1 95 95 0 0 0 0 0 0 0 0 0 0 0 0 0 0 0 0 0 0
0 0 0 0 0 0 0 0 0 0 0 0 0 88 88 77 77 28 54 27 27 71 71 71 71 71 43 61 38 1 95 0 0 0 0 0 0 0 0 0 0 0 0 0 0 0 0 0 0 0
0 0 0 0 0 0 0 0 0 0 0 0 0 0 88 88 77 28 54 54 27 27 71 71 71 71 71 61 38 1 95 0 0 0 0 0 0 0 0 0 0 0 0 0 0 0 0 0 0 0
0 0 0 0 0 0 0 0 0 0 0 0 0 0 100 88 77 28 28 54 54 27 71 71 71 71 71 61 38 1 95 0 0 0 0 0 0 0 0 0 0 0 0 0 0 0 0 0 0 0
0 0 0 0 0 0 0 0 0 0 0 0 0 0 100 13 77 77 99 99 54 27 71 71 71 71 71 61 38 1 95 95 35 78 90 0 0 0 0 0 0 0 0 0 0 0 0 0 0 0
0 0 0 0 0 0 0 0 0 0 0 0 0 0 0 13 13 77 31 31 31 27 27 61 61 61 61 61 38 1 55 22 22 22 90 0 0 0 0 0 0 0 0 0 0 0 0 0 0 0
0 0 0 0 0 0 0 0 0 0 0 0 0 0 0 0 13 97 97 83 62 62 38 38 38 38 38 38 38 1 55 6 22 5 90 0 0 0 0 0 0 0 0 0 0 0 0 0 0 0
0 0 0 0 0 0 0 0 0 0 0 0 0 0 0 0 13 13 69 83 66 33 41 41 38 70 70 8 1 1 1 6 4 5 0 0 0 0 0 0 0 0 0 0 0 0 0 0 0 0
0 0 0 0 0 0 0 0 0 0 0 0 0 0 0 0 0 13 69 40 66 33 33 41 41 41 29 8 8 8 8 8 4 82 82 82 0 0 0 0 0 0 0 0 0 0 0 0 0 0
0 0 0 0 0 0 0 0 0 0 0 0 0 0 0 0 0 13 59 40 66 7 33 33 33 85 29 29 29 29 79 79 4 91 91 82 0 0 0 0 0 0 0 0 0 0 0 0 0 0
0 0 0 0 0 0 0 0 0 0 0 0 0 0 0 0 0 13 59 40 23 7 7 7 7 85 53 53 53 29 29 79 79 79 91 82 0 0 0 0 0 0 0 0 0 0 0 0 0 0
0 0 0 0 0 0 0 0 0 0 0 0 0 0 0 0 0 13 59 59 23 23 23 23 7 16 53 47 53 53 29 29 29 79 91 82 0 0 0 0 0 0 0 0 0 0 0 0 0 0
0 0 0 0 0 0 0 0 0 0 0 0 0 0 0 0 0 13 13 59 59 59 59 23 7 47 47 47 52 53 53 53 29 79 91 82 82 0 0 0 0 0 0 0 0 0 0 0 0 0
0 0 0 0 0 0 0 0 0 0 0 0 0 0 0 0 81 81 13 13 13 59 23 23 7 64 52 52 52 19 19 53 29 79 91 91 82 0 15 15 0 0 0 0 0 0 0 0 0 0
0 0 0 0 0 0 0 0 0 0 0 0 0 0 81 81 81 59 59 59 59 59 23 7 7 64 74 30 30 30 19 53 29 79 79 91 82 82 82 58 0 0 0 0 0 0 0 0 0 0
0 0 0 0 0 0 0 0 0 0 0 0 0 0 81 89 89 89 23 23 23 23 23 7 57 57 74 0 0 30 19 53 29 98 79 91 91 91 91 58 0 0 0 0 0 0 0 0 0 0
0 0 0 0 0 0 0 0 0 0 0 0 81 81 81 89 87 87 87 94 94 94 94 7 32 74 74 0 0 30 19 53 53 44 79 91 80 10 45 58 0 0 0 0 0 0 0 0 0 0
0 0 0 0 0 0 0 0 0 0 0 0 81 89 89 89 87 94 94 94 96 96 94 94 32 74 0 0 0 30 19 53 44 44 79 44 80 80 45 58 0 0 0 0 0 0 0 0 0 0
0 0 0 0 0 0 0 0 0 0 0 0 81 89 87 87 87 94 96 96 96 96 96 96 96 74 0 0 0 30 19 53 44 44 44 44 86 80 9 58 0 0 0 0 0 0 0 0 0 0
0 0 0 0 0 0 0 0 0 0 0 81 81 89 87 94 94 94 96 42 42 42 42 42 42 42 0 0 0 30 19 53 44 84 84 84 86 80 9 9 9 9 9 0 0 0 0 0 0 0
0 0 0 0 0 0 0 0 0 0 0 81 89 89 87 94 96 96 96 42 0 0 0 0 0 0 0 0 0 30 19 53 44 44 44 84 86 80 80 80 80 80 9 9 9 9 0 0 0 0
0 0 0 0 0 0 0 0 0 0 0 81 89 87 87 94 96 42 42 42 0 0 0 0 0 0 0 0 0 30 19 53 53 53 44 84 86 50 50 50 50 80 80 80 80 9 0 0 0 0
0 0 89 89 89 0 0 81 81 81 81 81 89 87 94 94 96 42 0 0 0 0 0 0 0 0 0 0 0 30 19 19 19 19 92 92 86 86 50 50 50 50 50 50 50 48 0 0 0 0
0 89 89 75 89 89 89 81 89 89 89 89 89 87 87 96 96 42 0 0 0 0 0 0 0 0 0 0 0 30 30 30 30 12 12 12 12 86 3 3 48 48 48 48 48 48 0 0 0 0
89 72 89 75 75 75 89 89 89 14 14 14 36 36 24 24 42 42 0 0 0 0 0 0 0 0 0 0 0 0 0 0 18 18 18 93 56 56 56 3 76 0 0 0 0 0 0 0 0 0
89 72 89 0 0 75 75 14 14 14 63 24 24 24 24 0 0 0 0 0 0 0 0 0 0 0 0 0 0 0 0 0 0 0 0 93 93 93 93 93 93 0 0 0 0 0 0 0 0 0
89 89 89 0 0 0 75 46 63 63 63 63 63 63 0 0 0 0 0 0 0 0 0 0 0 0 0 0 0 0 0 0 0 0 0 0 0 0 0 0 0 0 0 0 0 0 0 0 0 0
0 0 0 0 0 0 75 75 75 0 0 0 0 11 0 0 0 0 0 0 0 0 0 0 0 0 0 0 0 0 0 0 0 0 0 0 0 0 0 0 0 0 0 0 0 0 0 0 0 0
0 0 0 0 0 0 0 0 0 0 0 0 0 0 0 0 0 0 0 0 0 0 0 0 0 0 0 0 0 0 0 0 0 0 0 0 0 0 0 0 0 0 0 0 0 0 0 0 0 0
0 0 0 0 0 0 0 0 0 0 0 0 0 0 0 0 0 0 0 0 0 0 0 0 0 0 0 0 0 0 0 0 0 0 0 0 0 0 0 0 0 0 0 0 0 0 0 0 0 0
0 0 0 0 0 0 0 0 0 0 0 0 0 0 0 0 0 0 0 0 0 0 0 0 0 0 0 0 0 0 0 0 0 0 0 0 0 0 0 0 0 0 0 0 0 0 0 0 0 0
0 0 0 0 0 0 0 0 0 0 0 0 0 0 0 0 0 0 0 0 0 0 0 0 0 0 0 0 0 0 0 0 0 0 0 0 0 0 0 0 0 0 0 0 0 0 0 0 0 0
0 0 0 0 0 0 0 0 0 0 0 0 0 0 0 0 0 0 0 0 0 0 0 0 0 0 0 0 0 0 0 0 0 0 0 0 0 0 0 0 0 0 0 0 0 0 0 0 0 0
0 0 0 0 0 0 0 0 0 0 0 0 0 0 0 0 0 0 0 0 0 0 0 0 0 0 0 0 0 0 0 0 0 0 0 0 0 0 0 0 0 0 0 0 0 0 0 0 0 0
0 0 0 0 0 0 0 0 0 0 0 0 0 0 0 0 0 0 0 0 0 0 0 0 0 0 0 0 0 0 0 0 0 0 0 0 0 0 0 0 0 0 0 0 0 0 0 0 0 0
0 0 0 0 0 0 0 0 0 0 0 0 0 0 0 0 0 0 0 0 0 0 0 0 0 0 0 0 0 0 0 0 0 0 0 0 0 0 0 0 0 0 0 0 0 0 0 0 0 0
