0 0 0 0 0 0 0 0 0 0 0 0 0 0 0 0 0 0 0 0 0 0 0 0 0 0 0 0 0 0 0 0 0 0 0 0 0 0 0 0 0 0 0 0 0 0 0 0 0 0
0 0 0 0 0 0 0 0 0 0 0 0 0 0 0 0 0 0 0 0 0 0 0 0 0 0 0 0 0 0 0 0 0 0 0 0 0 0 0 0 0 0 0 0 0 0 0 0 0 0
0 0 0 0 0 0 0 0 0 0 0 0 0 0 0 0 0 0 0 0 0 0 0 0 0 0 0 0 0 0 0 0 0 0 0 0 0 0 0 0 0 0 0 0 0 0 0 0 0 0
0 0 0 0 0 0 0 0 0 0 0 0 0 0 0 0 0 0 0 0 0 0 0 0 0 0 0 0 0 0 0 0 0 0 0 0 0 0 0 0 0 0 0 0 0 0 0 0 0 0
0 0 0 0 0 0 0 0 0 0 0 0 0 0 0 0 0 0 0 0 0 0 0 0 0 0 0 0 0 0 0 0 0 0 0 0 0 0 0 0 0 0 0 0 0 0 0 0 0 0
0 0 0 0 0 0 0 0 0 0 0 0 0 0 0 0 0 0 0 0 0 0 0 0 0 0 0 0 0 0 0 0 0 0 0 0 0 0 0 0 0 0 0 0 0 0 0 0 0 0
0 0 0 0 0 0 0 0 0 0 0 0 0 0 0 0 0 0 0 0 0 0 0 0 0 0 0 0 0 0 0 0 0 0 0 0 0 0 0 0 0 0 0 0 0 0 0 0 0 0
0 0 0 0 0 0 0 0 0 0 0 0 0 0 0 0 0 0 0 0 0 0 0 0 0 0 0 0 0 0 0 0 0 0 0 0 0 7 7 0 0 0 0 0 0 0 0 0 0 0
0 0 0 0 0 0 0 0 0 0 0 0 0 0 0 0 0 0 0 0 0 0 0 0 0 0 0 0 0 0 0 0 0 0 0 37 37 37 77 77 21 0 0 0 0 0 0 0 0 0
0 0 0 0 0 0 0 0 0 0 0 0 0 0 0 0 0 0 0 0 0 0 0 0 0 0 0 0 0 0 0 0 0 0 0 37 49 49 49 95 21 0 0 0 0 0 0 0 0 0
0 0 0 0 0 0 0 0 0 0 0 0 0 0 0 0 0 0 0 0 0 0 0 0 0 0 0 0 0 0 0 0 0 0 0 37 49 2 2 2 21 0 0 0 0 0 0 0 0 0
0 0 0 0 0 0 0 0 0 0 0 0 0 0 0 0 0 41 41 41 41 41 41 41 0 0 0 0 0 0 0 0 0 37 37 37 49 2 0 0 0 0 0 0 0 0 0 0 0 0
0 0 0 0 0 0 0 0 0 0 0 0 0 0 64 41 41 41 31 31 31 31 31 41 0 0 0 0 0 0 0 0 0 59 49 49 49 2 0 0 0 0 0 0 0 0 0 0 0 0
0 0 0 0 0 0 0 0 0 0 0 34 40 56 41 41 31 31 31 78 78 78 31 41 0 0 0 0 94 27 27 27 27 59 49 2 2 2 0 0 0 0 0 0 0 0 0 0 0 0
0 0 0 0 0 0 0 0 0 0 34 34 22 56 41 41 31 46 72 72 11 78 100 41 0 0 0 94 94 69 35 35 27 59 49 2 0 0 0 0 0 0 0 0 0 0 0 0 0 0
0 0 0 0 0 0 0 0 0 0 34 1 22 56 56 56 31 12 12 83 11 100 100 94 94 94 94 94 69 69 93 48 48 48 49 2 0 0 0 0 0 0 0 0 0 0 0 0 0 0
0 0 0 0 0 0 0 0 0 0 34 63 22 22 22 56 56 56 56 83 11 100 69 69 69 69 69 69 69 93 93 54 54 54 54 2 73 73 73 0 0 0 0 0 0 0 0 0 0 0
0 0 0 0 0 0 0 0 0 0 0 63 63 63 22 22 22 22 56 83 11 100 100 100 100 100 100 100 93 93 54 54 18 18 18 18 18 18 73 0 0 0 0 0 0 0 0 0 0 0
0 0 0 0 0 0 0 0 0 0 0 0 0 63 63 63 22 56 56 83 11 11 11 11 11 11 100 91 91 20 54 18 18 18 96 96 96 18 73 0 0 0 0 0 0 0 0 0 0 0
0 0 0 0 0 0 0 0 0 0 0 0 0 0 0 63 75 56 83 83 11 11 29 29 29 91 91 91 99 99 54 18 96 96 96 26 96 18 73 73 73 73 73 45 45 0 0 0 0 0
0 0 0 0 0 0 0 0 0 0 0 0 0 0 0 63 75 6 6 11 11 29 29 84 84 74 91 91 99 96 96 96 96 13 96 96 18 18 18 18 18 18 79 79 45 0 0 0 0 0
0 0 0 0 0 0 0 0 0 0 0 0 0 0 0 63 25 25 6 89 44 29 84 84 74 74 91 91 99 96 13 13 13 13 13 13 18 18 13 13 13 13 42 79 45 0 0 0 0 0
0 0 0 0 0 0 0 0 0 0 0 0 0 0 0 63 63 25 6 89 87 87 84 74 74 74 74 91 99 96 13 5 5 5 5 13 13 13 13 42 42 42 42 79 45 45 45 45 0 0
0 0 0 0 0 0 0 0 0 0 0 0 0 0 0 66 80 25 6 6 6 87 84 84 84 84 74 74 99 97 13 5 5 23 5 5 5 5 13 42 79 79 79 79 79 79 79 45 0 0
0 0 0 0 0 0 0 0 0 0 66 66 66 66 66 66 80 19 19 55 6 87 92 92 92 84 84 10 10 97 13 13 5 23 23 23 23 5 13 42 42 42 42 42 42 42 79 45 0 0
0 0 0 0 0 0 0 0 0 66 66 28 28 28 28 66 66 66 19 55 51 51 92 39 92 92 92 92 61 61 61 68 5 5 23 0 23 5 13 13 42 33 33 33 33 33 17 45 0 0
0 0 0 0 66 66 66 66 66 66 28 28 24 24 28 28 66 66 28 55 36 36 36 39 92 61 61 61 61 60 60 68 58 5 23 0 23 5 5 5 23 33 17 17 17 17 17 0 0 0
0 0 0 98 66 28 28 28 28 28 28 24 24 24 24 28 28 28 28 36 36 43 43 39 92 61 53 53 61 61 60 60 58 5 23 0 23 23 23 23 23 17 17 0 0 0 0 0 0 0
0 0 0 98 38 24 24 24 24 24 24 24 38 38 24 24 36 36 36 36 43 43 14 39 92 61 53 53 53 61 81 5 5 5 23 0 0 0 0 0 0 0 0 0 0 0 0 0 0 0
0 0 0 0 38 38 38 38 38 38 38 38 38 38 38 38 36 43 43 43 43 85 14 39 39 53 53 39 53 15 15 15 15 5 23 82 82 82 0 0 0 0 0 0 0 0 0 0 0 0
0 0 0 0 0 0 0 0 0 0 0 0 0 65 65 3 3 43 57 85 85 85 14 4 39 39 39 39 4 4 15 62 15 5 23 23 71 82 0 0 0 0 0 0 0 0 0 0 0 0
0 0 0 0 0 0 0 0 0 0 0 0 0 52 0 0 9 9 57 50 8 16 16 4 4 4 4 4 4 30 15 62 15 5 5 90 71 82 0 0 0 0 0 0 0 0 0 0 0 0
0 0 0 0 0 0 0 0 0 0 0 0 0 0 0 0 0 50 50 50 0 0 16 16 16 16 16 16 16 30 15 62 15 15 5 90 70 70 0 0 0 0 0 0 0 0 0 0 0 0
0 0 0 0 0 0 0 0 0 0 0 0 0 0 0 0 0 0 0 0 0 0 0 0 0 0 0 0 0 30 15 62 62 15 5 47 47 70 0 0 0 0 0 0 0 0 0 0 0 0
0 0 0 0 0 0 0 0 0 0 0 0 0 0 0 0 0 0 0 0 0 0 0 0 0 0 0 0 0 30 15 62 62 15 5 88 76 70 0 0 0 0 0 0 0 0 0 0 0 0
0 0 0 0 0 0 0 0 0 0 0 0 0 0 0 0 0 0 0 0 0 0 0 0 0 0 0 0 0 30 15 62 62 15 5 88 0 0 0 0 0 0 0 0 0 0 0 0 0 0
0 0 0 0 0 0 0 0 0 0 0 0 0 0 0 0 0 0 0 0 0 0 0 0 0 0 0 0 0 30 15 62 62 15 86 88 88 0 0 0 0 0 0 0 0 0 0 0 0 0
0 0 0 0 0 0 0 0 0 0 0 0 0 0 0 0 0 0 0 0 0 0 0 0 0 0 0 0 0 30 15 15 15 30 86 32 88 0 0 0 0 0 0 0 0 0 0 0 0 0
0 0 0 0 0 0 0 0 0 0 0 0 0 0 0 0 0 0 0 0 0 0 0 0 0 0 0 0 0 30 30 30 30 30 30 32 88 0 0 0 0 0 0 0 0 0 0 0 0 0
0 0 0 0 0 0 0 0 0 0 0 0 0 0 0 0 0 0 0 0 0 0 0 0 0 0 0 0 0 0 0 0 0 0 30 67 88 0 0 0 0 0 0 0 0 0 0 0 0 0
0 0 0 0 0 0 0 0 0 0 0 0 0 0 0 0 0 0 0 0 0 0 0 0 0 0 0 0 0 0 0 0 0 0 30 30 30 0 0 0 0 0 0 0 0 0 0 0 0 0
0 0 0 0 0 0 0 0 0 0 0 0 0 0 0 0 0 0 0 0 0 0 0 0 0 0 0 0 0 0 0 0 0 0 0 0 0 0 0 0 0 0 0 0 0 0 0 0 0 0
0 0 0 0 0 0 0 0 0 0 0 0 0 0 0 0 0 0 0 0 0 0 0 0 0 0 0 0 0 0 0 0 0 0 0 0 0 0 0 0 0 0 0 0 0 0 0 0 0 0
0 0 0 0 0 0 0 0 0 0 0 0 0 0 0 0 0 0 0 0 0 0 0 0 0 0 0 0 0 0 0 0 0 0 0 0 0 0 0 0 0 0 0 0 0 0 0 0 0 0
0 0 0 0 0 0 0 0 0 0 0 0 0 0 0 0 0 0 0 0 0 0 0 0 0 0 0 0 0 0 0 0 0 0 0 0 0 0 0 0 0 0 0 0 0 0 0 0 0 0
0 0 0 0 0 0 0 0 0 0 0 0 0 0 0 0 0 0 0 0 0 0 0 0 0 0 0 0 0 0 0 0 0 0 0 0 0 0 0 0 0 0 0 0 0 0 0 0 0 0
0 0 0 0 0 0 0 0 0 0 0 0 0 0 0 0 0 0 0 0 0 0 0 0 0 0 0 0 0 0 0 0 0 0 0 0 0 0 0 0 0 0 0 0 0 0 0 0 0 0
0 0 0 0 0 0 0 0 0 0 0 0 0 0 0 0 0 0 0 0 0 0 0 0 0 0 0 0 0 0 0 0 0 0 0 0 0 0 0 0 0 0 0 0 0 0 0 0 0 0
0 0 0 0 0 0 0 0 0 0 0 0 0 0 0 0 0 0 0 0 0 0 0 0 0 0 0 0 0 0 0 0 0 0 0 0 0 0 0 0 0 0 0 0 0 0 0 0 0 0
0 0 0 0 0 0 0 0 0 0 0 0 0 0 0 0 0 0 0 0 0 0 0 0 0 0 0 0 0 0 0 0 0 0 0 0 0 0 0 0 0 0 0 0 0 0 0 0 0 0
