0 0 0 0 0 0 0 0 0 0 0 0 0 0 0 0 0 0 0 0 0 0 0 0 0 0 0 0 0 0 0 0 0 0 0 0 0 0 0 0 0 0 0 0 0 0 0 0 0 0
0 0 0 0 0 0 0 0 0 0 0 0 0 0 0 0 0 0 0 0 0 0 0 0 0 0 0 0 0 0 0 0 0 0 0 0 0 0 0 0 0 0 0 0 0 0 0 0 0 0
0 0 0 0 0 0 0 0 0 0 0 0 0 0 0 0 0 0 0 0 0 0 0 0 0 0 0 0 0 0 0 0 0 0 0 0 0 0 0 0 0 0 0 0 0 0 0 0 0 0
0 0 0 0 0 0 0 0 0 0 0 0 0 0 0 0 0 0 0 0 0 0 0 0 0 0 0 0 0 0 0 0 0 0 0 0 0 0 0 0 0 0 0 0 0 0 0 0 0 0
0 0 40 40 40 40 40 0 0 0 0 0 0 0 0 0 0 0 0 0 0 0 0 0 0 0 0 0 0 0 0 0 0 0 0 0 0 0 0 0 0 0 0 0 0 0 0 0 0 0
0 0 40 19 19 19 40 40 0 0 0 0 0 0 0 0 0 0 0 0 0 0 0 0 0 0 0 0 0 0 0 0 0 0 0 0 0 0 0 0 0 0 0 0 0 0 0 0 0 0
0 0 40 19 54 19 19 40 0 0 0 0 0 0 0 0 0 0 0 0 0 0 0 0 0 0 0 0 0 0 0 0 0 0 0 0 0 0 0 0 0 0 0 0 0 0 0 0 0 0
0 40 40 19 54 54 19 40 40 40 0 0 0 0 0 0 0 0 0 0 0 0 0 0 0 0 0 0 0 0 0 0 0 0 0 0 0 0 0 0 0 0 0 0 0 0 0 0 0 0
0 40 19 19 54 54 19 19 19 40 0 0 0 0 0 0 0 0 0 0 0 0 0 0 0 0 0 0 0 0 0 0 0 0 0 0 0 0 0 0 0 0 0 0 0 0 0 0 0 0
0 40 19 19 54 54 54 54 19 40 0 0 0 0 0 0 0 0 0 0 0 0 0 0 0 0 0 0 0 0 0 0 0 0 0 0 0 0 0 0 0 0 0 0 0 0 0 0 0 0
0 40 40 19 54 54 54 54 19 40 40 0 0 0 0 35 35 35 35 0 0 0 0 0 0 0 0 0 0 0 0 0 0 0 91 91 91 91 0 0 0 0 0 0 0 0 0 0 0 0
0 19 29 19 54 54 54 54 19 19 40 0 0 0 0 99 80 80 42 42 42 0 0 0 0 0 0 0 0 0 0 0 0 13 13 87 3 63 0 0 0 0 0 0 0 0 0 0 0 0
0 19 19 19 54 94 94 94 94 94 40 40 0 0 0 45 45 37 37 37 42 59 59 59 0 0 0 0 0 0 0 0 0 13 20 20 3 17 0 0 0 0 0 0 0 0 0 0 0 0
0 0 0 0 54 94 14 14 14 94 94 40 0 0 0 45 86 86 86 37 41 41 41 59 0 0 0 0 0 0 0 0 13 13 20 96 96 17 0 0 0 0 0 0 0 0 0 0 0 0
0 0 0 0 54 94 14 55 14 14 94 40 40 40 40 45 94 83 86 34 34 34 41 59 0 0 0 0 59 68 68 68 13 20 20 20 96 17 0 0 17 17 17 17 0 0 0 0 0 0
0 0 0 54 54 94 14 55 55 14 94 94 40 40 94 94 94 83 85 76 76 34 41 59 0 0 0 0 59 41 100 100 100 100 93 22 96 17 17 17 17 96 96 17 25 0 0 0 0 0
0 0 0 54 94 94 14 27 55 14 14 94 94 94 94 14 14 83 85 85 76 34 41 59 0 0 0 0 59 41 31 46 46 100 93 96 96 96 96 96 96 96 9 50 25 0 0 0 0 0
0 0 43 54 94 14 14 27 55 55 14 14 14 14 14 14 55 83 83 85 76 34 41 59 59 59 59 59 59 41 31 67 93 93 93 96 96 96 9 9 9 9 9 50 0 0 0 0 0 0
0 0 43 62 94 14 27 27 97 55 55 55 55 55 55 55 55 55 83 85 76 34 41 41 59 59 41 41 41 41 41 67 93 9 9 9 9 9 9 50 50 50 50 50 0 0 0 0 0 0
0 0 43 65 14 14 27 0 97 97 97 97 97 97 97 97 97 55 83 85 76 34 34 41 41 41 41 67 67 67 67 67 93 9 50 50 50 50 50 50 0 0 0 0 0 0 0 0 0 0
0 0 43 27 27 27 27 0 0 0 0 0 0 0 0 0 97 55 83 85 76 76 34 34 34 34 34 67 93 93 93 93 93 9 50 0 0 0 0 0 0 0 0 0 0 0 0 0 0 0
0 0 0 0 0 0 0 0 0 0 0 0 0 0 0 0 97 55 83 85 85 76 76 76 76 76 60 60 93 4 4 4 9 9 50 0 0 0 0 0 0 0 0 0 0 0 0 0 0 0
0 0 0 0 0 0 0 0 0 0 0 0 0 0 0 0 97 55 83 83 85 85 85 85 85 76 26 74 74 74 36 64 9 50 50 0 0 0 0 0 0 0 0 0 0 0 0 0 0 0
0 0 0 0 0 0 0 0 0 0 0 0 0 0 0 0 97 55 55 83 83 83 83 83 66 66 26 1 53 36 36 64 50 50 81 81 81 0 0 0 0 0 0 0 0 0 0 0 0 0
0 0 0 0 0 0 0 0 0 0 0 0 0 0 0 0 97 97 55 55 55 55 32 48 48 48 26 1 53 36 64 64 50 50 50 50 81 0 0 0 0 0 0 0 0 0 0 0 0 0
0 0 0 0 0 0 0 0 0 0 0 0 0 0 0 0 0 97 97 55 55 55 32 32 47 26 26 1 53 36 36 36 36 36 36 50 81 0 0 0 0 0 0 0 0 0 0 0 0 0
0 0 0 0 0 0 0 0 0 0 0 0 0 0 0 0 0 97 97 55 32 32 32 58 58 58 39 1 53 53 53 53 53 53 36 50 81 0 0 0 0 0 0 0 0 0 0 0 0 0
0 0 0 0 0 0 0 0 0 0 0 0 0 0 0 97 97 97 55 55 32 58 58 58 28 28 28 1 7 92 92 92 92 53 36 50 81 0 0 0 0 0 0 0 0 0 0 0 0 0
0 0 0 0 0 0 0 0 0 0 0 0 0 0 0 97 55 55 55 32 32 58 28 28 28 1 1 1 90 53 53 92 92 53 36 15 81 0 0 0 0 0 0 0 0 0 0 0 0 0
0 0 0 0 0 0 0 0 0 0 0 0 0 0 0 97 84 32 32 32 58 58 28 28 1 1 90 90 90 73 53 53 53 53 10 15 81 0 0 0 0 0 0 0 0 0 0 0 0 0
0 0 0 0 0 0 0 0 0 0 0 0 0 21 21 21 84 23 58 58 58 28 28 28 1 90 90 73 73 73 73 73 52 52 10 15 81 0 0 0 0 0 0 0 0 0 0 0 0 0
0 0 0 0 0 0 0 0 0 0 0 0 0 51 84 84 84 23 58 28 28 28 72 28 1 1 90 90 90 73 30 73 89 71 71 15 75 75 0 0 0 0 0 0 0 0 0 0 0 0
0 0 0 0 0 0 0 0 0 0 0 0 0 51 38 23 23 23 58 28 8 8 72 28 28 1 1 1 90 73 30 18 89 89 15 15 61 56 0 0 0 0 0 0 0 0 0 0 0 0
0 0 0 0 0 0 0 0 0 0 0 0 0 0 38 23 58 58 58 28 8 8 72 72 28 28 28 1 90 73 30 18 18 89 61 61 61 61 0 0 0 0 0 0 0 0 0 0 0 0
0 0 0 0 0 0 0 0 0 0 0 0 0 0 38 23 58 28 28 28 8 8 8 72 72 72 28 30 73 73 30 72 18 89 89 89 6 16 16 0 0 0 0 0 0 0 0 0 0 0
0 0 0 0 0 0 0 0 0 0 0 0 0 0 38 23 58 28 28 28 8 0 8 8 8 72 72 30 30 30 30 72 18 18 78 77 6 6 16 16 0 0 0 0 0 0 0 0 0 0
0 0 0 0 0 0 0 0 0 0 0 0 0 0 38 23 58 58 95 28 8 0 0 0 8 8 72 72 72 72 72 72 44 2 78 77 77 6 6 16 0 0 0 0 0 0 0 0 0 0
0 0 0 0 0 0 0 0 0 0 38 38 38 38 38 23 79 28 28 28 8 0 0 0 0 8 8 8 8 8 8 8 44 2 78 78 77 77 6 16 0 0 0 0 0 0 0 0 0 0
0 0 0 0 0 0 0 0 0 0 38 82 82 82 82 82 79 28 8 8 8 0 0 0 0 0 0 0 0 0 0 5 44 2 2 78 78 77 6 16 16 16 0 0 0 0 0 0 0 0
0 0 0 0 0 0 0 0 38 38 38 82 49 49 49 82 79 28 57 0 0 0 0 0 0 0 0 0 0 0 0 70 44 44 44 69 78 77 6 6 6 16 16 0 0 0 0 0 0 0
0 0 0 0 0 0 0 38 38 82 82 82 49 0 49 82 82 98 57 0 0 0 0 0 0 0 0 0 0 0 0 70 70 70 44 44 77 77 24 24 6 6 16 0 0 0 0 0 0 0
0 0 0 0 0 0 0 38 82 82 49 49 49 0 49 49 57 57 57 0 0 0 0 0 0 0 0 0 0 0 0 0 0 70 70 24 24 24 24 24 24 6 16 0 0 0 0 0 0 0
0 0 0 0 0 0 38 38 82 49 49 0 0 0 0 0 0 0 0 0 0 0 0 0 0 0 0 0 0 0 0 0 0 0 0 0 0 0 0 0 24 6 16 33 0 0 0 0 0 0
0 0 0 0 0 0 38 82 82 49 0 0 0 0 0 0 0 0 0 0 0 0 0 0 0 0 0 0 0 0 0 0 0 0 0 0 0 0 0 0 24 6 16 12 0 0 0 0 0 0
0 0 0 0 0 0 88 49 49 49 0 0 0 0 0 0 0 0 0 0 0 0 0 0 0 0 0 0 0 0 0 0 0 0 0 0 0 0 0 0 24 6 16 12 0 0 0 0 0 0
0 0 0 0 0 0 0 0 0 0 0 0 0 0 0 0 0 0 0 0 0 0 0 0 0 0 0 0 0 0 0 0 0 0 0 0 0 0 0 0 24 6 16 12 0 0 0 0 0 0
0 0 0 0 0 0 0 0 0 0 0 0 0 0 0 0 0 0 0 0 0 0 0 0 0 0 0 0 0 0 0 0 0 0 0 0 0 0 0 0 24 24 11 12 0 0 0 0 0 0
0 0 0 0 0 0 0 0 0 0 0 0 0 0 0 0 0 0 0 0 0 0 0 0 0 0 0 0 0 0 0 0 0 0 0 0 0 0 0 0 0 0 0 0 0 0 0 0 0 0
0 0 0 0 0 0 0 0 0 0 0 0 0 0 0 0 0 0 0 0 0 0 0 0 0 0 0 0 0 0 0 0 0 0 0 0 0 0 0 0 0 0 0 0 0 0 0 0 0 0
0 0 0 0 0 0 0 0 0 0 0 0 0 0 0 0 0 0 0 0 0 0 0 0 0 0 0 0 0 0 0 0 0 0 0 0 0 0 0 0 0 0 0 0 0 0 0 0 0 0
