0 0 0 0 0 0 0 0 0 0 0 0 0 0 0 0 0 0 0 0 0 0 0 0 0 0 0 0 0 0 0 0 0 0 0 0 0 0 0 0 0 0 0 0 0 0 0 0 0 0
0 0 0 0 0 0 0 0 0 0 0 0 0 0 0 0 0 0 0 0 0 0 0 0 0 0 0 0 0 0 0 0 0 0 0 0 0 0 0 0 0 0 0 0 0 0 0 0 0 0
0 0 0 0 0 0 0 0 0 0 0 0 0 0 0 0 0 0 0 0 0 0 0 0 0 0 0 0 0 0 0 0 0 0 0 0 0 0 0 0 0 0 0 0 0 0 0 0 0 0
0 0 0 0 0 0 0 0 0 0 0 0 0 0 0 0 0 0 0 0 0 0 0 0 0 0 0 0 0 0 0 0 0 0 0 0 0 0 0 0 0 0 0 0 0 0 0 0 0 0
0 0 0 0 0 0 0 0 0 0 0 0 0 0 0 0 0 0 0 0 0 0 0 0 0 0 0 0 0 0 0 0 0 0 0 0 0 0 0 0 0 0 0 0 0 0 0 0 0 0
0 0 0 0 0 0 0 0 0 0 0 0 0 0 0 0 0 0 0 0 0 0 0 0 0 0 0 0 0 0 0 0 0 0 0 0 0 0 0 0 0 0 0 0 0 0 0 0 0 0
0 0 0 0 0 0 0 0 0 0 0 0 0 0 0 0 0 0 0 0 0 0 0 0 0 0 0 0 0 0 0 0 0 0 0 0 0 0 0 0 0 0 0 0 0 0 0 0 0 0
0 0 0 0 0 0 0 0 0 0 0 0 0 0 0 0 0 0 0 0 0 0 0 0 0 0 0 0 0 0 0 0 0 0 0 0 0 0 48 89 89 89 0 0 0 0 0 0 0 0
0 0 0 0 0 0 0 0 0 0 0 0 0 0 0 0 0 0 0 0 0 0 0 0 0 0 0 0 0 0 0 0 0 0 0 0 48 48 48 85 47 89 0 0 0 0 0 0 0 0
0 0 0 0 0 0 0 0 0 0 0 0 0 0 0 0 0 0 0 0 0 0 0 0 0 0 0 0 0 0 0 0 0 0 0 0 48 85 85 85 67 89 0 0 0 0 0 0 0 0
0 0 0 0 0 0 0 0 0 0 0 62 62 0 0 0 0 0 0 0 0 0 0 0 0 0 0 0 0 0 0 0 0 0 0 48 48 85 67 67 67 35 35 35 0 0 0 0 0 0
0 0 0 0 0 0 0 0 0 0 0 62 34 4 0 0 0 0 0 0 0 0 0 0 0 0 0 0 0 0 0 0 0 0 48 48 85 85 67 94 94 94 94 35 35 35 35 0 0 0
0 0 0 0 0 0 0 0 0 0 7 62 4 4 4 4 4 4 0 0 0 0 0 0 0 0 0 0 0 0 0 0 0 0 48 85 85 57 57 57 57 57 94 94 94 94 35 0 0 0
0 0 0 0 0 0 0 0 0 0 7 9 4 32 32 42 42 4 0 0 0 0 0 0 0 0 0 0 0 0 0 0 0 48 48 85 57 57 77 77 77 57 57 57 59 94 35 15 0 0
0 0 0 0 0 0 0 0 0 0 7 32 32 32 97 97 33 4 46 46 46 46 46 0 0 0 0 0 0 0 0 0 0 80 92 85 57 77 77 93 77 77 99 57 57 98 98 15 0 0
0 0 0 0 0 0 0 0 0 0 65 65 65 32 19 33 33 31 31 31 31 31 46 0 0 0 0 0 0 0 0 0 80 80 75 85 57 77 93 93 93 77 77 93 98 98 0 0 0 0
0 0 0 0 0 0 0 0 0 0 65 71 65 65 19 33 36 36 36 36 36 31 46 0 0 0 0 0 0 0 0 0 80 75 75 73 57 77 93 0 93 93 93 93 0 0 0 0 0 0
0 0 0 0 0 0 0 0 0 0 65 71 71 71 19 33 50 95 95 95 36 31 46 0 0 0 0 0 0 0 0 26 26 75 73 73 66 77 93 0 0 0 0 0 0 0 0 0 0 0
0 0 0 0 0 0 0 0 0 0 54 0 0 71 19 33 91 91 19 95 36 31 46 0 0 0 0 0 0 0 0 26 76 76 73 66 66 93 93 0 0 0 0 0 0 0 0 0 0 0
0 0 0 0 0 0 0 0 0 0 0 0 0 71 19 19 19 19 19 95 36 31 46 0 0 0 0 0 0 0 0 26 76 44 73 66 93 93 0 0 0 0 0 0 0 0 0 0 0 0
0 0 0 0 0 0 0 0 0 0 0 0 0 71 71 71 71 71 19 95 36 31 46 0 0 0 0 0 0 0 0 26 82 44 96 66 87 93 93 0 0 0 93 93 93 0 0 0 0 0
0 0 0 0 0 0 0 0 0 0 0 0 0 0 0 0 0 71 19 95 36 31 46 46 46 46 46 0 0 26 26 26 82 96 96 74 87 87 93 93 0 0 93 72 93 0 0 0 0 0
0 0 0 0 0 0 0 0 0 0 0 0 0 0 0 0 0 71 19 95 36 31 31 31 31 31 26 26 26 26 82 82 82 96 74 74 83 87 87 93 93 93 93 87 29 0 0 0 0 0
0 0 0 0 0 0 0 0 0 0 0 0 0 0 0 0 71 71 19 95 36 82 82 82 82 31 82 82 82 82 82 96 96 96 74 83 83 29 87 87 87 87 87 87 29 0 0 0 0 0
0 0 0 0 0 0 0 0 0 0 0 0 0 0 0 0 71 17 19 95 51 51 51 51 82 82 82 60 96 96 96 96 74 74 74 83 29 29 29 29 29 29 29 29 29 0 0 0 0 0
0 0 0 0 0 0 0 0 0 0 0 0 0 0 0 0 71 17 10 95 86 24 24 51 51 51 51 60 6 96 74 74 74 83 83 83 29 0 0 0 0 0 0 0 0 0 0 0 0 0
0 0 0 0 0 0 0 0 0 0 0 0 0 0 0 0 71 17 10 20 20 20 24 24 24 24 51 51 37 96 64 64 64 83 83 29 29 0 0 0 0 0 0 0 0 0 0 0 0 0
0 0 0 0 0 0 0 0 0 0 0 0 0 0 0 0 71 17 10 88 3 68 68 68 68 24 24 24 37 37 37 37 64 64 83 83 0 0 0 0 0 0 0 0 0 0 0 0 0 0
0 0 0 0 0 0 0 0 0 0 0 0 0 0 0 0 71 17 10 49 3 3 3 3 68 68 68 61 61 40 40 37 37 64 64 83 0 0 0 0 0 0 0 0 0 0 0 0 0 0
0 0 0 0 0 0 0 0 0 0 0 0 0 0 0 71 71 17 10 49 3 0 0 3 3 3 68 68 68 68 40 37 63 37 64 83 83 83 0 0 0 0 0 0 0 0 0 0 0 0
0 0 0 0 0 0 0 0 0 0 0 0 0 0 0 71 17 17 10 49 3 0 0 0 0 3 3 3 68 68 40 37 63 37 64 64 64 83 83 0 0 0 0 0 0 0 0 0 0 0
0 0 0 0 0 0 0 0 0 0 0 71 71 71 71 71 17 10 10 49 3 0 0 0 0 0 0 3 68 40 40 37 63 37 64 52 12 12 83 0 0 0 0 0 0 0 0 0 0 0
0 0 0 0 0 0 0 0 0 0 0 71 17 17 17 17 17 10 49 49 3 0 0 0 0 0 0 3 68 40 55 37 37 37 37 52 53 12 83 0 0 0 0 0 0 0 0 0 0 0
0 0 0 0 0 0 0 0 0 0 0 71 17 10 10 10 10 10 49 3 3 0 0 0 0 0 0 3 68 40 55 55 55 55 37 45 53 12 83 83 83 0 0 0 0 0 0 0 0 0
0 0 0 0 0 0 0 0 0 71 71 71 17 10 49 49 49 49 49 3 0 0 0 0 0 0 0 3 68 40 40 30 30 55 55 53 53 12 12 27 83 22 0 0 0 0 0 0 0 0
0 0 0 0 0 0 0 0 0 71 17 17 17 10 49 3 3 3 3 3 0 0 0 0 0 0 0 3 68 68 79 30 30 30 30 30 53 12 53 18 83 25 0 0 0 0 0 0 0 0
0 0 0 0 0 0 0 0 0 71 17 8 10 10 49 3 0 0 0 0 0 0 0 0 0 0 0 3 3 100 100 100 58 58 58 30 53 53 53 18 25 25 2 0 0 0 0 0 0 0
0 0 0 0 0 0 0 0 39 71 17 17 49 49 49 3 0 0 0 0 0 0 0 0 0 0 0 0 0 0 0 0 0 0 58 30 53 18 18 18 38 38 2 0 0 0 0 0 0 0
0 0 0 0 0 0 0 39 39 43 43 49 49 3 3 3 0 0 0 0 0 0 0 0 0 0 0 0 0 0 0 0 0 0 58 30 53 18 18 90 90 38 2 0 0 0 0 0 0 0
0 0 0 0 0 0 23 39 43 43 49 49 3 3 0 0 0 0 0 0 0 0 0 0 0 0 0 0 0 0 0 0 0 58 58 30 53 53 18 18 90 38 16 16 0 0 0 0 0 0
0 0 0 0 0 0 39 39 43 49 49 3 3 0 0 0 0 0 0 0 0 0 0 0 0 0 0 0 0 0 0 0 0 58 14 30 30 53 53 18 90 38 41 16 16 0 0 0 0 0
0 0 0 0 0 0 39 43 43 49 3 3 0 0 0 0 0 0 0 0 0 0 0 0 0 0 0 0 0 0 0 0 0 58 11 11 30 30 30 90 90 38 41 41 16 16 16 0 0 0
0 0 0 0 0 0 39 43 49 49 3 0 0 0 0 0 0 0 0 0 0 0 0 0 0 0 0 0 0 0 0 0 0 21 21 11 11 11 28 28 70 38 41 41 41 41 16 0 0 0
0 0 0 0 0 0 39 43 49 3 3 0 0 0 0 0 0 0 0 0 0 0 0 0 0 0 0 0 0 0 0 0 0 0 0 0 0 1 1 41 41 41 41 0 0 41 16 0 0 0
0 0 0 0 0 0 13 13 5 3 0 0 0 0 0 0 0 0 0 0 0 0 0 0 0 0 0 0 0 0 0 0 0 0 0 0 0 0 0 0 0 0 0 0 0 41 16 0 0 0
0 0 0 0 0 0 0 81 3 3 0 0 0 0 0 0 0 0 0 0 0 0 0 0 0 0 0 0 0 0 0 0 0 0 0 0 0 0 0 0 0 0 0 0 0 41 16 16 16 0
0 0 0 0 0 0 0 0 0 0 0 0 0 0 0 0 0 0 0 0 0 0 0 0 0 0 0 0 0 0 0 0 0 0 0 0 0 0 0 0 0 0 0 0 0 41 41 41 16 0
0 0 0 0 0 0 0 0 0 0 0 0 0 0 0 0 0 0 0 0 0 0 0 0 0 0 0 0 0 0 0 0 0 0 0 0 0 0 0 0 0 0 0 0 0 41 16 16 16 0
0 0 0 0 0 0 0 0 0 0 0 0 0 0 0 0 0 0 0 0 0 0 0 0 0 0 0 0 0 0 0 0 0 0 0 0 0 0 0 0 0 0 0 0 0 56 69 78 84 0
0 0 0 0 0 0 0 0 0 0 0 0 0 0 0 0 0 0 0 0 0 0 0 0 0 0 0 0 0 0 0 0 0 0 0 0 0 0 0 0 0 0 0 0 0 0 69 84 84 0
