0 0 0 0 0 0 0 0 0 0 0 0 0 0 0 0 0 0 0 0 0 0 0 0 0 0 0 0 0 0 0 0 0 0 0 0 0 0 0 0 0 0 0 0 0 0 0 0 0 0
0 0 0 0 0 0 0 0 0 0 0 0 0 0 0 0 0 0 0 0 0 0 0 0 0 0 0 0 0 0 0 0 0 0 0 0 0 0 0 0 0 0 0 0 0 0 0 0 0 0
0 0 0 0 0 0 0 0 0 0 0 0 0 0 0 0 0 0 0 0 0 0 0 0 0 0 0 0 0 0 0 0 0 0 0 0 0 0 0 0 0 0 0 0 0 0 0 0 0 0
0 0 0 0 0 0 0 0 0 0 0 0 0 0 0 0 0 0 0 0 0 0 0 0 0 0 0 0 0 0 0 0 0 0 0 0 0 0 0 0 0 0 0 0 0 0 0 0 0 0
0 0 0 0 0 0 0 0 0 0 0 0 0 0 0 0 0 0 0 0 0 0 0 0 0 0 0 0 0 0 0 0 0 0 0 0 0 0 0 0 0 0 0 0 0 0 0 0 0 0
0 0 0 0 0 0 0 0 0 0 0 0 0 0 0 0 0 0 0 0 0 0 0 0 0 0 0 0 0 0 0 0 0 0 0 0 0 0 0 0 0 0 0 0 0 0 0 0 0 0
0 0 0 0 0 0 0 0 0 0 0 0 0 0 0 0 0 0 0 0 0 0 0 0 0 0 0 0 0 0 0 0 0 0 0 0 0 0 0 0 0 0 0 0 0 0 0 0 0 0
0 0 0 0 0 0 0 0 0 0 0 0 0 0 0 0 0 0 0 0 0 0 0 0 0 0 0 0 0 0 0 0 0 0 0 0 0 0 0 0 0 0 0 0 0 0 0 0 0 0
0 0 0 0 0 0 0 0 0 33 33 33 33 0 0 0 0 0 0 0 0 0 0 0 0 0 0 0 0 0 0 0 0 0 0 0 0 0 84 84 86 86 94 0 0 0 0 0 0 0
0 0 0 0 0 0 0 0 33 33 63 89 76 0 0 0 0 0 0 0 0 0 0 0 0 0 0 0 0 0 0 0 0 0 0 0 84 84 84 18 18 64 94 0 0 0 0 0 0 0
0 0 0 0 0 0 0 33 33 63 63 69 76 76 0 0 0 0 0 0 0 0 0 0 0 0 0 0 0 0 0 0 0 0 0 0 84 18 18 18 79 79 94 0 0 0 0 0 0 0
0 0 0 0 0 0 0 1 63 63 31 69 69 76 0 0 0 0 0 0 0 0 0 0 0 0 0 0 0 0 0 0 0 0 0 0 84 18 21 21 21 94 94 0 0 0 0 0 0 0
0 0 0 0 0 0 0 0 63 95 31 45 69 74 74 74 74 0 0 0 0 0 0 26 26 26 26 0 0 0 0 0 0 0 0 84 84 18 21 0 0 0 0 0 0 0 0 0 0 0
0 0 0 0 0 0 0 0 63 38 38 45 16 16 16 16 74 0 0 0 0 0 0 26 3 3 26 0 0 0 0 0 0 0 0 84 18 18 21 0 0 0 0 0 0 0 0 0 0 0
0 0 0 0 0 0 0 0 63 63 39 45 14 45 45 16 74 0 0 0 0 0 0 97 97 3 26 0 0 0 0 0 0 0 0 84 18 21 21 0 0 0 0 0 0 0 0 0 0 0
0 0 0 0 0 0 0 0 0 0 39 45 45 45 45 16 74 0 0 0 0 0 0 40 97 3 26 0 0 0 0 0 0 91 84 84 18 21 0 0 0 0 0 0 0 0 0 0 0 0
0 0 0 39 39 39 0 0 0 0 39 39 39 39 45 16 74 74 74 74 0 0 0 40 99 3 26 26 26 26 0 26 26 26 84 18 18 21 0 0 0 0 0 0 0 0 0 0 0 0
0 0 19 83 19 39 0 0 0 0 0 39 19 39 45 16 16 16 16 74 0 7 7 7 99 3 26 59 59 26 26 26 18 18 18 18 21 21 0 0 0 0 0 0 0 0 0 0 0 0
0 0 19 19 19 39 0 0 0 0 0 39 19 39 45 70 70 70 16 74 98 98 44 44 99 3 3 3 25 25 18 18 18 21 21 21 21 0 0 0 0 0 0 0 0 0 0 0 0 0
0 0 0 0 19 39 39 39 39 0 39 39 19 47 47 70 60 70 16 17 98 98 35 99 99 99 99 100 100 100 100 43 80 80 42 21 0 0 0 0 0 0 0 0 0 0 0 0 0 0
0 0 0 0 19 19 19 19 39 39 39 19 19 0 47 28 60 70 16 35 35 35 35 13 13 13 27 27 27 27 43 43 37 58 42 21 0 0 0 0 0 0 0 0 0 0 0 0 0 0
0 0 0 0 0 0 0 19 19 19 19 19 0 0 47 88 60 70 16 65 13 13 13 13 67 6 6 6 6 43 43 37 37 42 42 21 0 0 0 0 0 0 0 0 0 0 0 0 0 0
0 0 0 0 0 0 0 0 0 0 0 0 0 0 0 88 60 70 70 65 65 53 53 53 67 2 2 2 6 43 37 37 42 42 21 21 21 21 21 21 21 21 21 21 21 21 0 0 0 0
0 0 0 0 0 0 0 0 0 0 0 0 0 0 0 88 60 60 70 70 77 77 75 78 67 29 29 2 6 43 37 42 42 42 42 42 42 42 42 42 42 42 42 42 42 21 0 0 0 0
0 0 0 0 0 0 0 0 0 0 0 0 0 0 0 88 88 60 60 60 60 60 75 78 5 5 29 2 6 2 37 42 12 12 12 12 12 12 12 12 12 12 12 12 42 21 0 0 0 0
0 0 0 0 0 0 0 0 0 0 0 0 0 0 0 0 88 54 54 54 54 60 8 78 78 5 29 2 2 2 96 42 42 42 42 12 12 12 42 42 42 42 42 12 12 71 0 0 0 0
0 0 0 0 0 0 0 0 0 0 0 0 0 0 0 0 0 54 60 60 60 60 8 78 5 5 29 29 29 29 96 73 73 73 42 42 42 42 42 73 73 73 42 12 71 71 0 0 0 0
0 0 0 0 0 0 0 0 0 0 0 0 0 0 0 0 54 54 60 8 8 8 8 78 5 29 29 93 93 29 96 96 51 73 73 73 73 73 73 73 51 51 12 12 71 0 0 0 0 0
0 0 0 0 0 0 0 0 0 0 0 54 54 54 54 54 54 60 60 8 56 56 78 78 5 5 5 93 93 29 29 62 51 51 51 51 51 51 51 73 51 12 12 71 71 0 0 0 0 0
0 0 0 0 0 0 0 0 0 0 0 54 60 60 60 60 60 60 8 8 56 36 36 61 61 61 5 85 93 93 29 20 20 11 12 12 12 12 51 51 51 12 71 71 0 0 0 0 0 0
0 0 0 0 0 0 0 0 0 0 0 54 60 8 8 8 8 60 8 56 56 9 36 36 36 61 5 85 49 93 57 20 48 48 12 92 92 12 12 12 12 12 71 0 0 0 0 0 0 0
0 0 0 0 0 0 0 0 0 0 0 54 30 56 56 56 8 8 8 56 9 9 9 9 36 61 5 85 49 20 20 20 48 48 48 92 92 92 92 71 71 71 71 0 0 0 0 0 0 0
0 0 0 0 0 0 0 0 0 0 0 54 30 30 9 56 56 56 56 56 9 0 0 9 36 61 5 85 49 46 46 20 20 20 48 87 87 22 10 10 0 0 0 0 0 0 0 0 0 0
0 0 0 0 0 0 0 0 0 0 0 54 72 68 9 9 9 9 9 9 9 0 0 9 36 61 5 85 66 46 46 46 46 20 32 32 0 0 0 0 0 0 0 0 0 0 0 0 0 0
0 0 0 0 0 0 0 0 0 0 0 54 54 68 4 0 0 0 0 0 0 0 0 9 36 36 85 85 66 15 90 90 46 20 20 32 0 0 0 0 0 0 0 0 0 0 0 0 0 0
0 0 0 0 0 0 0 0 0 0 0 0 55 55 55 0 0 0 0 0 0 0 0 9 9 66 66 66 66 82 90 90 46 46 20 32 0 0 0 0 0 0 0 0 0 0 0 0 0 0
0 0 0 0 0 0 0 0 0 0 0 0 0 0 0 0 0 0 0 0 0 0 0 0 82 82 82 82 82 82 0 90 90 46 20 32 32 32 34 0 0 0 0 0 0 0 0 0 0 0
0 0 0 0 0 0 0 0 0 0 0 0 0 0 0 0 0 0 0 0 0 0 0 0 0 0 0 0 0 0 0 0 90 46 20 20 20 24 24 0 0 0 0 0 0 0 0 0 0 0
0 0 0 0 0 0 0 0 0 0 0 0 0 0 0 0 0 0 0 0 0 0 0 0 0 0 0 0 0 0 0 0 90 46 46 46 20 20 24 81 0 0 0 0 0 0 0 0 0 0
0 0 0 0 0 0 0 0 0 0 0 0 0 0 0 0 0 0 0 0 0 0 0 0 0 0 0 0 0 0 0 0 90 90 90 46 46 20 23 81 0 0 0 0 0 0 0 0 0 0
0 0 0 0 0 0 0 0 0 0 0 0 0 0 0 0 0 0 0 0 0 0 0 0 0 0 0 0 0 0 0 0 0 0 90 90 46 41 23 81 0 0 0 0 0 0 0 0 0 0
0 0 0 0 0 0 0 0 0 0 0 0 0 0 0 0 0 0 0 0 0 0 0 0 0 0 0 0 0 0 0 0 0 0 0 90 46 41 23 81 81 0 0 0 0 0 0 0 0 0
0 0 0 0 0 0 0 0 0 0 0 0 0 0 0 0 0 0 0 0 0 0 0 0 0 0 0 0 0 0 0 0 0 0 0 90 46 41 23 23 81 0 0 0 0 0 0 0 0 0
0 0 0 0 0 0 0 0 0 0 0 0 0 0 0 0 0 0 0 0 0 0 0 0 0 0 0 0 0 0 0 0 0 0 0 90 46 41 50 23 81 0 0 0 0 0 0 0 0 0
0 0 0 0 0 0 0 0 0 0 0 0 0 0 0 0 0 0 0 0 0 0 0 0 0 0 0 0 0 0 0 0 0 0 0 90 46 41 23 23 81 0 0 0 0 0 0 0 0 0
0 0 0 0 0 0 0 0 0 0 0 0 0 0 0 0 0 0 0 0 0 0 0 0 0 0 0 0 0 0 0 0 0 0 0 90 52 23 23 81 81 0 0 0 0 0 0 0 0 0
0 0 0 0 0 0 0 0 0 0 0 0 0 0 0 0 0 0 0 0 0 0 0 0 0 0 0 0 0 0 0 0 0 0 0 90 90 90 81 81 0 0 0 0 0 0 0 0 0 0
0 0 0 0 0 0 0 0 0 0 0 0 0 0 0 0 0 0 0 0 0 0 0 0 0 0 0 0 0 0 0 0 0 0 0 0 0 0 0 0 0 0 0 0 0 0 0 0 0 0
0 0 0 0 0 0 0 0 0 0 0 0 0 0 0 0 0 0 0 0 0 0 0 0 0 0 0 0 0 0 0 0 0 0 0 0 0 0 0 0 0 0 0 0 0 0 0 0 0 0
0 0 0 0 0 0 0 0 0 0 0 0 0 0 0 0 0 0 0 0 0 0 0 0 0 0 0 0 0 0 0 0 0 0 0 0 0 0 0 0 0 0 0 0 0 0 0 0 0 0
