0 0 0 0 0 0 0 0 0 0 0 0 0 0 0 0 0 0 0 0 0 0 0 0 0 0 0 0 0 0 0 0 0 0 0 0 0 0 0 0 0 0 0 0 0 0 0 0 0 0
0 0 0 0 0 0 0 0 0 0 0 0 0 0 0 0 0 0 0 0 0 0 0 0 0 0 0 0 0 0 0 0 0 0 0 0 0 0 0 0 0 0 0 0 0 0 0 0 0 0
0 0 0 0 0 0 0 0 59 59 70 70 0 0 0 0 0 0 0 0 0 0 0 0 0 0 0 0 0 0 0 0 0 0 0 0 0 0 0 0 0 0 0 0 0 0 0 0 0 0
0 0 0 0 0 0 0 0 59 87 41 70 0 0 0 0 0 0 0 0 0 0 0 0 0 0 0 0 0 0 0 0 0 0 0 0 0 0 0 0 0 0 0 0 0 0 0 0 0 0
0 0 0 0 0 0 0 0 59 87 74 70 0 0 0 0 0 0 0 0 0 0 0 0 0 0 0 0 0 0 0 0 0 0 0 0 0 0 0 0 0 0 0 0 0 0 0 0 0 0
0 0 0 0 0 0 0 0 59 87 68 70 0 0 0 0 0 0 0 0 0 0 0 0 0 0 0 0 0 0 0 0 0 0 0 0 0 0 0 0 0 0 0 0 0 0 0 0 0 0
0 0 0 0 0 0 0 0 59 87 68 0 0 0 0 0 0 0 0 0 0 0 0 0 0 0 0 0 0 0 0 0 0 0 0 0 0 0 0 0 0 0 0 0 0 0 0 0 0 0
0 0 0 0 0 0 0 0 59 87 68 68 68 0 0 0 0 0 0 0 0 0 0 0 0 0 0 0 0 0 0 0 0 0 0 0 0 0 0 0 0 0 0 0 0 0 0 0 0 0
0 0 0 0 0 0 0 0 59 87 87 87 68 68 0 0 0 0 0 0 0 0 0 0 0 0 0 0 0 0 0 0 0 0 0 0 0 0 0 0 0 0 0 0 0 0 0 0 0 0
0 0 0 0 0 0 0 0 59 59 59 87 87 68 68 68 0 0 0 0 0 0 0 0 0 0 0 0 0 0 0 0 96 96 96 96 96 0 0 0 0 0 0 0 0 0 0 0 0 0
0 0 0 0 0 0 0 0 0 0 59 59 87 87 87 68 0 0 0 0 0 0 0 0 0 0 0 0 0 0 0 0 96 2 2 2 96 2 86 86 0 0 0 0 0 0 0 0 0 0
0 0 0 0 0 0 0 0 0 0 0 59 59 59 87 68 0 0 0 0 0 0 0 0 0 0 0 0 0 0 0 0 96 67 32 2 2 2 13 10 10 10 10 10 0 0 0 0 0 0
72 81 81 81 0 0 0 0 0 81 81 81 81 59 87 68 0 0 0 0 0 0 0 0 0 0 0 0 0 0 0 0 96 67 13 13 2 2 13 42 42 42 42 10 0 0 0 0 0 0
80 90 90 81 81 81 81 81 81 81 90 90 51 59 87 68 82 0 0 0 0 0 0 0 0 0 0 0 0 0 0 0 96 11 11 13 13 13 13 12 12 12 42 10 0 0 0 0 0 0
80 80 90 90 90 90 90 90 90 90 90 34 51 87 87 84 82 0 0 0 40 40 40 40 40 0 0 0 0 0 40 40 40 40 11 12 12 12 12 12 27 12 42 10 0 0 0 0 0 0
0 80 80 80 80 80 80 80 80 80 69 34 79 79 1 84 82 0 0 0 40 97 97 97 40 40 40 40 0 0 40 11 11 11 11 12 27 27 27 27 27 27 10 10 0 0 0 0 0 0
0 0 0 0 0 0 0 0 0 0 0 34 34 45 1 84 82 0 0 0 40 97 15 63 63 36 36 40 40 40 40 4 37 12 11 12 27 10 10 10 10 10 10 0 0 0 0 0 0 0
0 0 0 0 0 0 0 0 0 0 0 44 73 73 1 84 82 82 82 82 40 97 15 62 77 94 36 40 36 36 36 4 29 12 12 12 27 10 0 0 0 0 0 0 0 0 0 0 0 0
0 0 0 0 0 0 0 0 0 0 0 44 73 1 1 84 40 40 40 82 40 97 97 62 77 94 36 36 36 24 95 4 29 27 27 27 27 10 0 0 0 0 0 0 0 0 0 0 0 0
0 0 0 0 0 0 0 0 0 0 0 44 73 1 97 97 97 97 40 82 40 97 97 62 77 94 36 36 20 3 95 29 29 27 10 10 10 10 0 0 0 0 0 0 0 0 0 0 0 0
0 0 0 0 0 0 0 0 0 0 0 44 73 1 1 1 1 97 40 82 40 97 62 62 77 94 36 36 20 3 95 27 27 27 10 91 46 0 0 0 0 0 0 0 0 0 0 0 0 0
0 0 0 0 0 0 0 0 0 0 44 44 73 73 73 73 1 97 40 40 40 97 62 77 77 94 36 20 20 3 95 27 57 54 54 91 0 0 0 0 0 0 0 0 0 0 0 0 0 0
0 0 0 0 0 0 0 0 0 44 44 73 73 73 73 73 1 97 97 40 40 97 62 77 94 94 94 20 3 3 95 98 57 39 91 91 0 0 0 0 0 0 0 0 0 0 0 0 0 0
0 0 0 0 0 0 0 0 0 44 73 73 62 62 73 62 62 62 97 97 97 97 62 77 94 77 77 20 3 3 99 98 57 39 0 0 0 0 0 0 0 0 0 0 0 0 0 0 0 0
0 0 0 0 0 0 0 0 0 44 73 47 23 62 62 62 55 62 62 62 62 62 62 77 94 77 53 20 20 48 99 98 57 39 39 0 0 0 0 0 0 0 0 0 0 0 0 0 0 0
0 0 0 0 0 0 0 0 0 44 73 47 23 23 23 23 23 23 23 23 23 23 23 77 77 77 56 56 56 33 99 98 57 21 39 0 0 0 0 0 0 0 0 0 0 0 0 0 0 0
0 0 0 0 0 0 0 0 0 44 73 47 47 47 47 47 47 47 47 47 47 47 23 23 23 23 56 33 33 33 99 98 66 21 39 0 0 0 0 0 0 0 0 0 0 0 0 0 0 0
0 0 0 0 0 0 0 0 0 44 73 73 73 73 73 73 73 73 73 73 61 71 71 71 71 71 56 33 99 99 99 98 66 39 39 0 0 0 0 0 0 0 0 0 0 0 0 0 0 0
0 0 0 0 0 0 0 0 0 44 44 44 44 44 44 44 44 44 44 26 61 93 93 93 93 56 56 33 33 8 8 8 66 66 39 0 0 0 0 0 0 0 0 0 0 0 0 0 0 0
0 0 0 0 0 0 0 0 0 0 0 0 0 0 35 35 35 44 44 26 61 49 9 9 38 38 75 75 100 100 100 100 100 66 39 0 0 0 0 0 0 0 0 0 0 0 0 0 0 0
0 0 0 0 0 0 0 0 0 0 0 0 0 0 35 44 44 44 26 26 61 49 19 85 85 38 38 38 38 88 88 88 100 66 39 39 0 0 0 0 0 0 0 0 0 0 0 0 0 0
0 0 0 0 0 0 0 0 0 0 0 0 0 0 35 44 26 26 26 61 61 49 19 43 88 88 88 88 88 88 43 88 100 66 66 39 0 0 0 0 0 0 0 0 0 0 0 0 0 0
0 0 0 0 0 0 0 0 35 35 35 35 35 35 35 44 26 61 61 61 49 49 14 43 43 43 43 43 43 43 43 88 100 100 66 30 30 5 0 0 0 0 0 0 0 0 0 0 0 0
0 0 0 0 0 0 0 0 35 58 58 58 44 44 44 44 26 61 49 49 49 65 14 0 0 0 0 0 0 0 0 88 88 100 22 22 64 5 0 0 0 0 0 0 0 0 0 0 0 0
0 0 0 0 0 0 0 0 35 89 7 26 26 26 26 26 26 61 49 65 65 65 0 0 0 0 0 0 0 0 0 0 88 100 31 16 64 64 0 0 0 0 0 0 0 0 0 0 0 0
0 0 0 0 0 0 0 0 35 89 61 61 61 61 61 61 61 61 49 65 0 0 0 0 0 0 0 0 0 0 0 0 88 16 16 16 76 64 0 0 0 0 0 0 0 0 0 0 0 0
0 0 0 0 0 0 0 0 35 25 25 25 25 25 25 78 78 49 49 65 0 0 0 0 0 0 0 0 0 0 0 0 88 88 88 88 76 64 60 0 0 0 0 0 0 0 0 0 0 0
0 0 0 0 0 0 0 0 0 0 0 83 83 83 78 78 49 49 65 65 0 0 0 0 0 0 0 0 0 0 0 0 0 0 0 17 76 50 60 0 0 0 0 0 0 0 0 0 0 0
0 0 0 0 0 0 0 0 0 0 83 83 78 78 78 49 49 65 65 0 0 0 0 0 0 0 0 0 0 0 0 0 0 0 0 17 17 17 17 0 0 0 0 0 0 0 0 0 0 0
0 0 0 0 0 0 0 0 0 0 6 78 78 49 49 49 65 65 0 0 0 0 0 0 0 0 0 0 0 0 0 0 0 0 0 0 0 0 0 0 0 0 0 0 0 0 0 0 0 0
0 0 0 0 0 0 0 0 0 0 28 78 52 49 65 65 65 0 0 0 0 0 0 0 0 0 0 0 0 0 0 0 0 0 0 0 0 0 0 0 0 0 0 0 0 0 0 0 0 0
0 0 0 0 0 0 0 0 0 0 28 18 18 49 65 0 0 0 0 0 0 0 0 0 0 0 0 0 0 0 0 0 0 0 0 0 0 0 0 0 0 0 0 0 0 0 0 0 0 0
0 0 0 0 0 0 0 0 0 0 28 65 92 92 65 0 0 0 0 0 0 0 0 0 0 0 0 0 0 0 0 0 0 0 0 0 0 0 0 0 0 0 0 0 0 0 0 0 0 0
0 0 0 0 0 0 0 0 0 0 0 65 65 65 65 0 0 0 0 0 0 0 0 0 0 0 0 0 0 0 0 0 0 0 0 0 0 0 0 0 0 0 0 0 0 0 0 0 0 0
0 0 0 0 0 0 0 0 0 0 0 0 0 0 0 0 0 0 0 0 0 0 0 0 0 0 0 0 0 0 0 0 0 0 0 0 0 0 0 0 0 0 0 0 0 0 0 0 0 0
0 0 0 0 0 0 0 0 0 0 0 0 0 0 0 0 0 0 0 0 0 0 0 0 0 0 0 0 0 0 0 0 0 0 0 0 0 0 0 0 0 0 0 0 0 0 0 0 0 0
0 0 0 0 0 0 0 0 0 0 0 0 0 0 0 0 0 0 0 0 0 0 0 0 0 0 0 0 0 0 0 0 0 0 0 0 0 0 0 0 0 0 0 0 0 0 0 0 0 0
0 0 0 0 0 0 0 0 0 0 0 0 0 0 0 0 0 0 0 0 0 0 0 0 0 0 0 0 0 0 0 0 0 0 0 0 0 0 0 0 0 0 0 0 0 0 0 0 0 0
0 0 0 0 0 0 0 0 0 0 0 0 0 0 0 0 0 0 0 0 0 0 0 0 0 0 0 0 0 0 0 0 0 0 0 0 0 0 0 0 0 0 0 0 0 0 0 0 0 0
0 0 0 0 0 0 0 0 0 0 0 0 0 0 0 0 0 0 0 0 0 0 0 0 0 0 0 0 0 0 0 0 0 0 0 0 0 0 0 0 0 0 0 0 0 0 0 0 0 0
