0 0 0 0 0 0 0 0 0 0 0 0 0 0 0 0 0 0 0 0 0 0 0 0 0 0 0 0 0 0 0 0 0 0 0 0 0 0 0 0 0 0 0 0 0 0 0 0 0 0
0 0 0 66 66 66 0 0 0 0 0 0 0 0 0 0 0 0 0 0 0 0 0 0 0 0 0 0 0 0 0 0 0 0 0 0 0 0 0 0 0 0 0 0 0 0 0 0 0 0
0 0 0 66 63 66 66 66 0 0 0 0 0 0 0 0 0 0 0 0 0 0 0 0 0 0 0 0 0 0 0 0 0 0 0 0 0 0 0 0 0 0 0 0 0 0 0 0 0 0
0 0 0 0 18 18 18 66 0 0 0 0 0 0 0 0 0 0 0 0 0 0 0 0 0 0 0 0 0 0 0 0 0 0 0 0 0 0 0 0 0 0 0 0 0 0 0 0 0 0
0 0 0 0 0 0 18 66 0 0 0 0 0 0 0 0 0 0 0 0 0 0 0 0 0 0 0 0 0 0 0 0 0 0 0 0 0 0 0 0 0 0 0 0 0 0 0 0 0 0
0 0 0 0 0 0 18 66 0 0 0 0 0 0 0 0 0 0 0 0 0 0 0 0 0 0 0 0 0 0 0 0 0 0 0 0 0 0 0 0 0 0 0 0 0 0 0 0 0 0
0 0 0 0 0 0 18 66 0 0 0 0 0 0 0 0 0 0 0 0 0 0 0 0 0 0 0 0 0 0 0 0 0 0 0 0 0 0 0 0 0 0 0 0 0 0 0 0 0 0
0 0 0 0 0 0 18 66 66 0 48 0 0 0 0 0 0 0 0 0 0 0 0 0 0 0 0 0 0 0 0 0 0 0 0 0 0 0 0 0 0 0 0 0 0 0 0 0 0 0
0 0 0 0 0 0 18 18 72 72 74 74 74 74 0 0 0 0 0 0 0 0 0 0 0 0 0 0 0 0 0 0 0 0 0 0 0 0 0 0 0 0 0 0 0 0 0 0 0 0
35 3 3 3 3 0 0 34 34 72 72 72 72 74 74 74 0 0 0 0 0 0 0 0 0 0 0 0 0 0 0 0 0 0 0 0 0 0 0 0 0 0 0 0 0 0 0 0 0 0
32 34 34 34 3 3 3 3 34 34 34 34 72 72 72 74 0 0 0 0 0 0 0 0 0 0 0 0 0 0 0 0 0 0 0 0 0 0 0 0 0 0 0 0 0 0 0 0 0 0
32 32 32 34 34 34 34 34 34 32 32 34 34 34 72 74 0 0 0 0 0 0 0 0 0 0 0 0 0 0 0 0 0 0 0 0 0 0 0 0 0 0 0 0 0 0 0 0 0 0
0 0 32 32 32 32 32 32 32 32 32 32 32 34 72 74 74 74 74 74 74 60 60 60 0 0 0 0 0 0 0 0 0 0 0 0 0 0 0 0 0 0 0 0 0 0 0 0 0 0
0 0 0 0 0 0 0 0 0 0 0 0 32 34 1 1 74 97 97 97 97 97 77 60 60 0 0 0 0 0 0 0 0 0 0 0 0 0 0 0 0 0 0 0 0 0 0 0 0 0
0 0 0 0 0 0 0 0 0 0 0 0 30 30 30 1 97 97 55 55 55 51 77 77 60 0 0 0 0 0 0 0 0 0 0 0 0 0 0 0 0 0 0 0 0 0 0 0 0 0
0 0 0 0 0 0 0 0 0 0 0 0 30 85 30 1 97 49 17 49 55 31 31 77 60 52 80 80 0 11 11 0 0 0 0 0 0 0 0 0 0 0 0 0 0 0 0 0 0 0
0 0 0 0 0 0 0 0 0 0 44 44 44 99 99 99 97 49 49 49 55 55 26 77 60 52 36 80 73 73 70 70 0 0 0 0 0 0 0 0 0 0 0 0 0 0 0 0 0 0
0 0 0 0 0 0 0 0 0 0 44 99 99 99 40 99 99 99 99 84 64 55 26 13 60 13 36 73 73 45 45 70 0 0 0 0 0 0 67 67 67 67 0 0 0 0 0 0 0 0
0 0 0 0 0 0 0 0 0 0 44 99 40 40 40 40 40 40 40 84 64 55 26 13 60 13 12 73 37 37 39 70 0 0 0 0 0 67 67 28 28 67 0 0 0 0 0 0 0 0
0 0 0 0 0 0 0 0 0 0 44 99 40 40 44 44 40 84 84 84 64 55 26 13 13 13 12 69 69 39 39 4 0 67 67 67 67 67 28 56 28 67 0 0 0 0 0 0 0 0
0 0 0 0 0 0 0 0 0 0 44 99 15 40 44 44 40 84 64 64 64 55 26 26 26 26 26 69 28 39 82 4 0 67 28 28 28 28 28 28 28 67 0 0 0 0 0 0 0 0
0 0 0 0 0 0 0 0 0 0 44 44 40 40 44 44 40 75 81 64 64 55 95 95 95 95 95 95 28 7 82 0 0 67 28 67 67 67 67 67 67 67 0 0 0 0 0 0 0 0
0 0 0 0 0 0 0 0 0 0 44 44 44 44 44 44 40 75 81 81 64 64 64 27 91 91 91 95 28 82 82 67 67 67 28 67 0 0 0 0 0 0 0 0 0 0 0 0 0 0
0 0 0 0 0 0 0 0 0 0 44 40 40 40 40 40 40 75 75 81 81 81 81 27 27 61 86 95 28 28 28 28 28 28 28 67 0 0 0 0 0 0 0 0 0 0 0 0 0 0
0 0 0 0 0 0 0 0 0 0 44 40 23 53 53 53 53 53 75 75 75 75 92 92 92 61 29 29 29 59 59 5 67 67 67 67 0 0 0 0 0 0 0 0 0 0 0 0 0 0
0 0 0 0 0 0 0 0 0 0 44 40 40 96 96 96 96 53 53 53 53 53 53 96 92 92 92 29 21 21 62 5 0 0 0 0 0 0 0 0 0 0 0 0 0 0 0 0 0 0
0 0 0 0 0 0 0 0 0 0 44 44 44 44 0 0 96 96 96 96 96 96 96 96 96 92 29 29 21 90 62 5 5 0 0 0 0 0 0 0 0 0 0 0 0 0 0 0 0 0
0 0 0 0 0 0 0 0 0 0 0 0 0 0 0 0 0 0 0 0 0 0 0 96 96 92 29 88 88 90 62 62 5 78 0 0 0 0 0 0 0 0 0 0 0 0 0 0 0 0
0 0 0 0 0 0 0 0 0 0 0 0 0 0 0 0 0 0 0 0 0 0 0 96 92 92 29 46 90 90 42 62 24 78 0 0 0 0 0 0 0 0 0 0 0 0 0 0 0 0
0 0 0 0 0 0 0 0 0 0 0 0 0 0 0 0 0 0 0 96 96 96 96 96 92 29 29 46 6 98 98 98 24 78 0 0 0 0 0 0 0 0 0 0 0 0 0 0 0 0
0 0 0 0 0 0 0 0 0 0 0 0 0 0 0 0 0 0 0 96 47 47 47 47 92 29 46 46 6 25 71 71 24 78 0 0 0 0 0 0 0 0 0 0 0 0 0 0 0 0
0 0 0 0 0 0 0 0 0 0 0 0 0 0 0 0 0 0 96 96 47 43 43 47 54 46 46 6 6 25 71 20 20 20 0 0 0 0 0 0 0 0 0 0 0 0 0 0 0 0
0 0 0 0 0 0 0 0 0 0 0 0 0 0 0 0 0 0 96 47 47 43 43 33 54 6 6 6 25 25 71 71 71 20 0 0 0 0 0 0 0 0 0 0 0 0 0 0 0 0
0 0 0 0 0 0 0 0 0 0 0 0 0 0 96 96 96 96 96 47 43 43 25 33 93 33 25 25 25 71 71 89 71 20 20 0 0 0 0 0 0 0 0 0 0 0 0 0 0 0
0 0 0 0 0 0 0 0 0 0 0 0 0 0 96 100 100 100 100 47 43 83 25 33 33 33 25 71 71 71 89 89 71 71 20 20 0 0 0 0 0 0 0 0 0 0 0 0 0 0
0 0 0 0 0 0 0 0 0 0 0 0 0 0 96 100 76 76 76 76 43 83 25 25 25 25 25 71 71 71 89 89 89 71 71 20 0 0 0 0 0 0 0 0 0 0 0 0 0 0
0 0 0 0 0 0 0 0 0 0 0 0 0 0 96 100 76 41 41 41 41 83 83 83 83 83 25 25 25 71 89 89 89 89 71 20 0 0 0 0 0 0 0 0 0 0 0 0 0 0
0 0 0 0 0 0 65 65 65 65 0 0 0 0 96 100 76 41 83 83 83 83 0 0 0 83 83 83 25 71 89 89 89 89 71 20 0 0 0 0 0 0 0 0 0 0 0 0 0 0
0 0 0 0 0 0 65 38 38 68 0 0 96 96 96 100 76 41 83 0 0 0 0 0 0 0 0 83 25 71 71 89 89 89 71 20 0 0 0 0 0 0 0 0 0 0 0 0 0 0
0 0 0 0 0 65 65 8 96 96 96 96 96 100 100 100 76 41 83 83 0 0 0 0 0 0 0 83 25 25 71 71 89 89 71 20 20 20 0 0 0 0 0 0 0 0 0 0 0 0
0 0 0 0 0 10 14 8 96 100 100 100 100 100 58 100 76 41 41 83 0 0 0 0 0 0 0 83 83 25 25 71 89 89 71 71 71 20 0 0 0 0 0 0 0 0 0 0 0 0
0 0 0 0 0 10 87 100 100 100 87 87 87 87 58 100 76 76 41 83 83 0 0 0 0 0 0 0 83 83 25 71 89 89 89 89 71 20 0 0 0 0 0 0 0 0 0 0 0 0
0 0 0 0 0 10 87 87 87 87 87 10 94 16 16 100 100 76 41 41 83 0 0 0 0 0 0 0 0 83 25 71 89 89 89 89 71 20 0 0 0 0 0 0 0 0 0 0 0 0
0 0 0 0 0 10 10 10 10 10 10 10 0 0 16 16 100 76 76 41 83 0 0 0 0 0 0 0 0 83 25 71 71 89 89 89 71 20 19 79 0 0 0 0 0 0 0 0 0 0
0 0 0 0 0 0 0 0 0 0 0 0 0 0 0 16 100 100 76 41 83 0 0 0 0 0 0 0 0 83 25 25 71 71 71 89 71 22 22 79 0 0 0 0 0 0 0 0 0 0
0 0 0 0 0 0 0 0 0 0 0 0 0 0 0 16 57 57 41 41 83 0 0 0 0 0 0 0 0 83 9 9 50 50 50 71 71 50 79 79 0 0 0 0 0 0 0 0 0 0
0 0 0 0 0 0 0 0 0 0 0 0 0 0 0 0 0 83 83 83 83 0 0 0 0 0 0 0 0 0 0 2 2 0 50 50 50 50 0 0 0 0 0 0 0 0 0 0 0 0
0 0 0 0 0 0 0 0 0 0 0 0 0 0 0 0 0 0 0 0 0 0 0 0 0 0 0 0 0 0 0 0 0 0 0 0 0 0 0 0 0 0 0 0 0 0 0 0 0 0
0 0 0 0 0 0 0 0 0 0 0 0 0 0 0 0 0 0 0 0 0 0 0 0 0 0 0 0 0 0 0 0 0 0 0 0 0 0 0 0 0 0 0 0 0 0 0 0 0 0
0 0 0 0 0 0 0 0 0 0 0 0 0 0 0 0 0 0 0 0 0 0 0 0 0 0 0 0 0 0 0 0 0 0 0 0 0 0 0 0 0 0 0 0 0 0 0 0 0 0
