0 0 0 0 0 0 0 0 0 0 0 0 0 0 0 0 0 0 0 0 0 0 0 0 0 0 0 0 0 0 0 0 0 0 0 0 0 0 0 0 0 0 0 0 0 0 0 0 0 0
0 0 0 0 0 0 0 0 0 0 0 0 0 0 0 0 0 0 0 0 0 0 0 0 0 0 0 0 0 0 0 0 0 0 0 0 0 0 0 0 0 0 0 0 0 0 0 0 0 0
0 0 0 0 0 0 0 0 0 0 0 0 0 0 0 0 0 0 0 0 0 0 0 0 0 0 0 0 0 0 0 0 0 0 0 0 0 0 0 0 0 0 0 0 0 0 0 0 0 0
0 0 0 0 0 0 0 0 0 0 0 0 0 0 0 0 0 0 0 0 0 0 0 0 0 0 0 0 0 0 0 0 0 0 0 0 0 0 0 0 0 0 0 0 0 0 0 0 0 0
0 0 0 0 0 0 0 0 0 0 0 0 0 0 0 0 0 0 0 0 0 0 0 0 0 0 0 0 0 0 0 0 0 0 0 0 0 0 0 0 0 0 0 0 0 0 0 0 0 0
0 0 0 0 0 0 0 0 0 0 0 0 0 0 0 0 0 0 0 0 0 0 0 0 0 0 0 0 0 0 0 0 0 0 0 0 0 0 0 0 0 0 0 0 0 0 0 0 0 0
0 0 0 0 0 0 0 0 0 0 0 0 0 0 0 0 0 0 0 0 0 0 0 0 0 0 0 0 0 0 35 35 0 0 0 0 0 0 0 0 0 0 0 0 0 0 0 0 0 0
0 0 0 0 0 0 0 0 0 0 0 0 0 0 0 0 0 0 0 0 0 0 0 0 0 0 0 0 0 0 35 95 35 0 0 0 0 0 0 0 0 0 0 0 0 0 0 0 0 0
0 0 0 0 0 0 0 0 0 0 0 0 0 0 0 0 0 0 0 0 0 0 0 0 0 0 0 0 0 35 35 35 35 0 0 0 0 0 0 0 0 0 0 0 0 0 0 0 0 0
0 0 0 0 0 0 0 0 0 0 0 0 0 0 0 0 0 0 0 0 0 0 0 0 0 0 0 0 0 35 0 0 0 0 0 0 0 0 0 0 0 0 0 0 0 0 0 0 0 0
0 0 0 0 0 0 0 0 0 0 0 0 0 0 0 0 0 0 0 0 0 0 0 0 0 0 0 0 0 35 0 0 0 0 0 0 0 0 0 0 0 0 0 0 0 0 0 0 0 0
0 0 0 0 0 0 0 0 0 0 0 0 0 0 0 0 0 0 0 0 0 0 0 0 0 0 0 0 0 35 0 0 0 0 0 0 0 0 0 0 0 0 0 0 0 0 0 0 0 0
0 0 0 0 0 0 0 0 0 0 0 0 0 0 0 0 0 0 0 0 0 0 0 0 0 0 0 0 0 35 0 0 0 0 0 0 0 0 0 0 0 0 0 0 0 0 0 0 0 0
0 0 0 0 0 0 0 0 0 0 0 0 0 0 0 0 0 0 0 0 0 0 0 0 0 0 0 0 0 35 35 76 76 5 5 0 0 0 0 0 0 0 0 0 0 0 0 0 0 0
0 0 0 0 0 0 0 0 0 0 0 58 100 100 81 86 86 86 86 86 86 86 0 0 0 0 0 0 0 0 35 26 26 26 44 44 0 0 0 0 0 0 0 0 0 0 0 0 0 0
0 0 0 0 0 0 0 0 0 0 0 58 36 40 40 40 12 6 6 6 6 86 86 86 50 50 0 0 0 0 35 26 35 3 3 44 0 0 0 0 0 0 0 0 0 0 0 0 0 0
0 0 0 0 0 0 0 0 0 0 0 48 36 13 63 63 63 63 63 90 6 6 6 42 42 50 50 0 0 0 35 26 35 78 83 44 0 0 0 0 0 0 0 0 0 0 0 0 0 0
0 0 0 0 0 0 0 0 0 0 0 70 36 34 34 34 34 63 34 90 32 32 35 35 42 42 50 0 50 50 35 35 35 78 39 44 0 0 0 0 0 0 0 0 0 0 0 0 0 0
0 0 0 0 0 0 0 0 0 0 0 70 10 10 10 10 34 34 34 41 2 32 32 35 35 42 50 0 50 42 42 42 35 78 39 71 0 0 0 0 0 0 0 0 0 0 0 0 0 0
0 0 0 0 0 0 0 0 0 0 0 70 51 51 51 10 10 10 47 41 2 2 32 32 35 42 50 0 50 42 35 35 35 78 39 71 71 0 0 0 0 0 0 0 0 0 0 0 0 0
0 0 0 0 0 0 0 0 0 38 38 38 38 31 88 88 88 88 47 41 41 2 2 32 35 42 50 50 50 42 35 75 75 78 39 89 71 0 0 0 0 0 0 0 0 0 0 0 0 0
0 0 0 73 73 73 73 0 0 38 88 88 88 88 88 98 98 88 47 47 41 41 2 32 35 42 42 42 42 42 35 75 59 84 84 89 71 0 0 0 0 0 0 0 0 0 0 0 0 0
0 0 0 73 98 98 38 38 38 38 88 98 98 98 98 98 98 88 88 82 82 41 2 32 35 35 35 35 35 35 35 75 59 25 49 89 53 0 0 0 0 0 0 0 0 0 0 0 0 0
0 0 0 73 98 37 88 88 88 88 88 98 73 73 73 73 98 88 22 82 82 41 2 32 32 75 75 75 75 75 75 75 59 25 49 54 53 0 0 0 0 0 0 0 0 0 0 0 0 0
0 0 0 73 98 98 98 98 98 98 98 98 73 98 98 98 98 88 22 79 29 41 60 32 77 75 59 59 59 59 59 59 59 25 49 54 53 0 0 0 0 0 0 0 0 0 0 0 0 0
0 0 0 73 73 73 73 73 73 73 73 73 73 98 88 88 88 88 22 55 29 29 29 29 77 59 59 97 25 25 25 25 25 25 49 54 53 0 0 0 0 0 0 0 0 0 0 0 0 0
0 0 0 0 0 99 98 98 98 98 98 98 98 98 88 22 22 22 22 55 55 29 19 20 77 77 15 97 97 97 25 67 67 67 49 54 53 0 0 0 0 0 0 0 0 0 0 0 0 0
0 0 0 0 0 0 0 52 52 52 52 52 88 88 88 22 55 55 55 55 55 29 19 19 19 77 77 77 7 97 25 25 25 54 54 54 53 53 0 0 0 0 0 0 0 0 0 0 0 0
0 0 0 0 0 0 0 52 1 1 1 1 1 22 22 22 55 80 80 55 55 29 9 9 30 30 30 30 7 97 97 97 25 54 54 54 54 53 0 0 0 0 0 0 0 0 0 0 0 0
0 0 0 0 0 0 0 52 1 66 66 66 1 66 55 55 55 80 55 55 29 29 9 43 43 43 43 30 7 7 7 97 25 25 25 25 54 53 0 0 0 0 0 0 0 0 0 0 0 0
0 0 0 0 0 0 0 52 68 65 65 66 66 66 55 80 80 80 55 29 29 9 9 43 46 46 43 30 62 62 62 56 56 56 56 25 54 53 53 53 53 0 0 0 0 0 0 0 0 0
0 0 0 0 0 0 0 52 68 68 65 65 65 65 55 80 80 80 80 9 9 9 91 43 46 46 43 92 62 18 18 18 18 18 56 25 54 54 54 54 53 72 0 0 0 0 0 0 0 0
0 0 0 0 0 0 0 52 52 68 21 68 23 65 55 80 80 43 80 80 80 80 80 43 46 46 85 85 85 18 57 57 57 18 56 25 25 25 25 54 54 72 96 0 0 0 0 0 0 0
0 0 0 0 0 0 0 0 52 68 68 68 23 65 55 55 80 43 43 43 43 43 43 43 46 14 14 14 14 14 57 0 57 18 56 56 56 56 25 25 54 8 96 0 0 0 0 0 0 0
0 0 0 0 0 0 0 0 52 52 52 52 23 65 16 33 80 80 94 94 94 94 94 94 46 0 0 0 0 0 0 0 57 18 18 18 64 56 56 56 64 8 96 0 0 0 0 0 0 0
0 0 0 0 0 0 0 0 0 0 0 0 23 65 45 45 45 17 17 0 0 0 0 28 28 0 0 0 0 0 0 0 57 57 57 18 64 64 64 64 64 96 96 0 0 0 0 0 0 0
0 0 0 0 0 0 0 0 0 0 0 0 23 23 45 17 17 17 0 0 0 0 0 0 0 0 0 0 0 0 0 0 0 0 57 18 18 27 96 96 96 96 0 0 0 0 0 0 0 0
0 0 0 0 0 0 0 0 0 0 23 23 23 45 45 17 0 0 0 0 0 0 0 0 0 0 0 0 0 0 0 0 0 0 57 57 61 27 0 0 0 0 0 0 0 0 0 0 0 0
0 0 0 0 0 0 0 0 0 24 23 45 45 45 17 17 0 0 0 0 0 0 0 0 0 0 0 0 0 0 0 0 0 0 0 0 61 69 0 0 0 0 0 0 0 0 0 0 0 0
0 0 0 0 0 0 0 0 0 24 93 45 17 17 17 0 0 0 0 0 0 0 0 0 0 0 0 0 0 0 0 0 0 0 0 0 0 0 0 0 0 0 0 0 0 0 0 0 0 0
0 0 0 0 0 0 0 0 0 24 93 11 11 0 0 0 0 0 0 0 0 0 0 0 0 0 0 0 0 0 0 0 0 0 0 0 0 0 0 0 0 0 0 0 0 0 0 0 0 0
0 0 0 0 0 0 0 0 0 24 93 4 0 0 0 0 0 0 0 0 0 0 0 0 0 0 0 0 0 0 0 0 0 0 0 0 0 0 0 0 0 0 0 0 0 0 0 0 0 0
0 0 0 0 0 0 0 0 87 24 74 74 0 0 0 0 0 0 0 0 0 0 0 0 0 0 0 0 0 0 0 0 0 0 0 0 0 0 0 0 0 0 0 0 0 0 0 0 0 0
0 0 0 0 0 0 0 0 0 0 0 0 0 0 0 0 0 0 0 0 0 0 0 0 0 0 0 0 0 0 0 0 0 0 0 0 0 0 0 0 0 0 0 0 0 0 0 0 0 0
0 0 0 0 0 0 0 0 0 0 0 0 0 0 0 0 0 0 0 0 0 0 0 0 0 0 0 0 0 0 0 0 0 0 0 0 0 0 0 0 0 0 0 0 0 0 0 0 0 0
0 0 0 0 0 0 0 0 0 0 0 0 0 0 0 0 0 0 0 0 0 0 0 0 0 0 0 0 0 0 0 0 0 0 0 0 0 0 0 0 0 0 0 0 0 0 0 0 0 0
0 0 0 0 0 0 0 0 0 0 0 0 0 0 0 0 0 0 0 0 0 0 0 0 0 0 0 0 0 0 0 0 0 0 0 0 0 0 0 0 0 0 0 0 0 0 0 0 0 0
0 0 0 0 0 0 0 0 0 0 0 0 0 0 0 0 0 0 0 0 0 0 0 0 0 0 0 0 0 0 0 0 0 0 0 0 0 0 0 0 0 0 0 0 0 0 0 0 0 0
0 0 0 0 0 0 0 0 0 0 0 0 0 0 0 0 0 0 0 0 0 0 0 0 0 0 0 0 0 0 0 0 0 0 0 0 0 0 0 0 0 0 0 0 0 0 0 0 0 0
0 0 0 0 0 0 0 0 0 0 0 0 0 0 0 0 0 0 0 0 0 0 0 0 0 0 0 0 0 0 0 0 0 0 0 0 0 0 0 0 0 0 0 0 0 0 0 0 0 0
