0 0 0 0 0 0 0 0 0 0 0 0 0 0 0 0 0 0 0 0 0 0 0 0 0 0 0 0 0 0 0 0 0 0 0 0 0 0 0 0 0 0 0 0 0 0 0 0 0 0
0 0 0 0 0 0 0 0 0 0 0 0 0 0 0 0 0 0 0 0 0 0 0 0 0 0 0 0 0 0 0 0 0 0 0 0 0 0 0 0 0 0 0 0 0 0 0 0 0 0
0 0 0 0 0 0 0 0 0 0 0 0 0 0 0 0 0 0 0 0 0 0 0 0 0 0 0 0 0 0 0 0 0 0 0 0 0 0 0 0 0 0 0 0 0 0 0 0 0 0
0 0 0 0 0 0 0 0 0 0 0 0 0 0 0 0 0 0 0 0 0 0 0 0 0 0 0 0 0 0 0 0 0 0 0 0 0 0 0 0 0 0 0 0 0 0 0 0 0 0
0 0 0 0 0 0 0 0 0 0 0 0 0 0 0 0 0 0 0 0 0 0 0 0 0 0 0 0 0 0 0 0 0 0 0 0 0 0 0 0 0 0 0 0 0 0 0 0 0 0
0 0 0 0 0 0 0 0 0 0 0 0 0 0 0 0 0 0 0 0 0 0 0 0 0 0 0 0 0 0 0 0 0 0 0 0 0 0 0 0 0 0 0 0 0 0 0 0 0 0
0 0 0 0 0 0 0 0 0 0 0 0 0 0 0 0 0 0 0 0 0 0 0 0 0 0 0 0 0 0 0 0 0 0 0 0 0 0 0 0 0 0 0 0 0 0 0 0 0 0
0 0 0 0 0 0 0 0 55 0 0 0 0 0 0 0 0 0 0 0 0 0 0 0 0 0 0 0 0 0 0 0 0 0 0 0 0 0 0 0 0 0 0 0 0 0 0 0 0 0
0 0 0 0 0 0 0 0 58 58 66 66 0 0 0 0 0 0 0 0 0 0 0 0 0 0 0 0 0 0 0 0 0 0 0 91 91 91 0 0 0 0 0 0 0 0 0 0 0 0
0 0 0 0 0 0 25 100 100 81 81 66 66 66 76 22 0 0 0 0 0 0 0 0 0 0 0 0 0 0 0 0 0 0 91 91 4 10 10 45 45 45 48 48 0 0 0 0 0 0
0 0 0 0 0 0 25 86 77 77 81 81 81 81 76 60 0 0 0 0 0 0 0 0 0 0 0 0 0 0 51 51 51 51 51 67 4 99 99 99 33 35 35 48 0 0 0 0 0 0
0 0 0 0 0 0 25 86 19 77 77 77 77 81 28 60 0 0 0 0 0 0 0 0 0 0 0 0 0 51 51 54 54 54 54 54 54 99 69 69 69 69 52 48 0 0 0 0 0 0
0 0 0 0 0 0 25 7 19 28 28 28 77 77 28 60 0 0 0 0 0 0 0 0 0 0 0 0 51 51 54 54 69 69 69 69 69 69 69 0 0 0 0 0 0 0 0 0 0 0
0 0 0 0 0 0 0 7 82 3 3 28 28 77 28 60 0 0 0 0 0 0 0 0 0 0 0 0 51 54 54 69 69 0 0 0 0 0 0 0 0 0 0 0 0 0 0 0 0 0
0 0 0 0 0 0 0 7 82 82 3 3 28 77 28 60 0 0 0 0 0 0 0 0 0 51 51 51 51 54 69 69 0 0 0 0 0 0 0 0 0 0 0 0 0 0 0 0 0 0
0 0 0 0 0 0 0 7 7 82 82 3 28 77 28 60 0 0 0 32 32 32 2 51 51 51 54 54 54 54 54 69 0 0 0 0 0 0 0 0 0 0 0 0 0 0 0 0 0 0
0 0 0 0 0 0 0 0 7 82 82 3 28 77 28 60 60 60 60 60 59 54 54 54 54 54 54 65 65 96 54 69 0 0 0 0 0 0 0 0 0 0 0 0 0 0 0 0 0 0
0 0 0 0 0 0 0 0 7 82 1 3 28 28 28 28 28 60 60 28 59 65 65 65 65 65 54 65 85 85 54 69 0 0 0 0 0 0 0 0 0 0 0 0 0 0 0 0 0 0
0 0 0 0 0 0 0 0 7 82 82 3 3 3 3 3 28 60 60 28 15 15 71 85 85 65 65 65 85 69 69 69 0 0 0 0 0 0 0 0 0 0 0 0 0 0 0 0 0 0
0 0 0 0 0 0 0 0 7 7 82 82 82 82 82 3 28 28 28 28 15 70 70 36 85 65 65 85 85 69 69 0 0 0 0 69 69 69 69 69 0 0 0 0 0 0 0 0 0 0
0 0 0 0 0 0 0 0 0 7 7 7 7 7 82 3 28 28 3 64 15 70 36 36 85 85 85 85 30 30 69 0 0 0 69 69 30 30 30 69 0 0 0 0 0 0 0 0 0 0
0 0 0 0 0 0 0 0 0 0 0 0 0 7 82 3 3 3 3 37 15 70 36 36 36 36 36 85 85 30 69 69 69 69 69 30 30 87 30 69 0 0 0 0 0 0 0 0 0 0
0 0 0 0 0 0 0 0 0 0 0 0 0 7 82 82 82 82 6 37 15 70 36 36 70 70 11 11 24 30 30 30 30 69 69 30 84 84 17 69 0 0 0 0 0 0 0 0 0 0
0 0 0 0 0 0 0 0 0 0 0 0 0 7 7 8 8 8 6 9 9 70 70 70 70 46 46 13 24 24 24 24 30 30 69 30 84 17 17 0 0 0 0 0 0 0 0 0 0 0
0 0 0 0 0 0 0 0 0 0 0 0 0 0 0 8 78 39 39 39 9 9 9 9 9 46 47 13 43 43 43 24 24 30 30 30 84 17 17 0 0 0 0 0 0 0 0 0 0 0
0 0 0 0 0 0 0 0 0 0 0 0 0 0 0 98 78 23 23 39 39 39 39 57 57 46 47 43 43 27 43 43 24 24 30 30 84 84 17 0 0 0 0 0 0 0 0 0 0 0
0 0 0 0 0 0 0 0 0 0 0 0 0 0 0 98 98 98 23 23 23 57 57 57 46 46 47 27 27 27 68 43 43 24 24 24 24 84 17 0 0 0 0 0 0 0 0 0 0 0
0 0 0 0 0 0 0 0 0 0 0 0 0 0 0 0 14 21 21 14 23 44 73 46 46 47 47 27 68 68 68 68 43 43 43 43 43 17 17 0 0 0 0 0 0 0 0 0 0 0
0 0 0 0 0 0 0 0 0 0 0 0 0 0 0 0 14 14 14 14 23 23 73 75 47 47 47 27 27 27 68 68 17 17 17 17 17 17 0 0 0 0 0 0 0 0 0 0 0 0
0 0 0 0 0 0 0 0 0 0 0 0 0 0 0 0 0 0 0 14 14 23 73 38 38 38 47 27 94 27 27 68 72 0 0 0 0 0 0 0 0 0 0 0 0 0 0 0 0 0
0 0 0 0 0 0 0 0 0 0 0 0 0 0 0 0 14 14 14 14 23 23 73 73 38 38 47 27 94 94 27 68 72 0 0 0 0 0 0 0 0 0 0 0 0 0 0 0 0 0
0 0 0 0 0 0 0 0 0 0 0 0 0 0 0 14 14 23 23 23 23 73 73 38 38 47 47 27 94 94 27 68 72 0 0 0 0 0 0 0 0 0 0 0 0 0 0 0 0 0
0 0 0 0 0 0 0 0 0 0 0 0 0 0 0 14 23 23 73 73 73 73 38 38 47 47 27 27 94 94 27 68 72 72 0 0 0 0 0 0 0 0 0 0 0 0 0 0 0 0
0 0 0 0 0 0 0 0 0 0 0 0 0 0 0 14 20 73 73 61 73 38 38 47 47 27 27 94 94 94 27 68 68 72 0 0 0 0 0 0 0 0 0 0 0 0 0 0 0 0
0 0 0 0 0 0 0 0 0 0 0 0 0 0 0 14 20 34 40 61 61 47 47 47 27 27 94 94 92 94 27 27 68 72 0 0 0 0 0 0 0 0 0 0 0 0 0 0 0 0
0 0 0 0 0 0 0 0 0 0 0 0 0 0 0 14 20 34 40 40 12 12 12 12 12 94 94 92 92 94 94 27 68 72 72 0 0 0 0 0 0 0 0 0 0 0 0 0 0 0
0 0 0 0 0 0 0 0 0 0 0 0 0 0 0 14 20 34 83 40 40 40 40 92 92 92 92 92 92 92 94 27 68 68 72 89 89 89 0 0 0 0 0 0 0 0 0 0 0 0
0 0 0 0 0 0 0 0 14 14 14 14 14 14 14 14 20 34 16 16 16 16 63 63 63 63 63 63 63 92 94 27 27 68 88 88 95 89 0 0 0 0 0 0 0 0 0 0 0 0
0 0 0 0 0 0 0 14 14 20 20 20 20 20 20 20 20 97 97 41 53 90 90 90 90 90 90 90 63 92 94 94 27 56 56 74 74 74 0 0 0 0 0 0 0 0 0 0 0 0
0 0 0 0 0 0 0 14 20 20 97 97 97 97 97 97 97 97 0 0 53 53 53 53 53 53 53 90 63 92 92 94 31 56 29 74 0 62 0 0 0 0 0 0 0 0 0 0 0 0
0 0 0 0 0 14 14 14 20 97 97 0 0 0 0 0 0 0 0 0 0 0 0 0 0 0 53 90 63 63 92 94 94 94 29 74 0 0 0 0 0 0 0 0 0 0 0 0 0 0
0 0 0 0 0 18 20 20 20 97 0 0 0 0 0 0 0 0 0 0 0 0 0 0 0 0 53 90 92 92 92 42 42 42 42 74 0 0 0 0 0 0 0 0 0 0 0 0 0 0
0 0 0 0 49 18 26 5 97 97 0 0 0 0 0 0 0 0 0 0 0 0 0 0 0 0 53 90 79 42 42 42 0 0 80 80 0 0 0 0 0 0 0 0 0 0 0 0 0 0
0 0 0 0 0 18 93 5 0 0 0 0 0 0 0 0 0 0 0 0 0 0 0 0 0 0 53 50 50 50 0 0 0 0 0 0 0 0 0 0 0 0 0 0 0 0 0 0 0 0
0 0 0 0 0 0 0 0 0 0 0 0 0 0 0 0 0 0 0 0 0 0 0 0 0 0 0 0 0 0 0 0 0 0 0 0 0 0 0 0 0 0 0 0 0 0 0 0 0 0
0 0 0 0 0 0 0 0 0 0 0 0 0 0 0 0 0 0 0 0 0 0 0 0 0 0 0 0 0 0 0 0 0 0 0 0 0 0 0 0 0 0 0 0 0 0 0 0 0 0
0 0 0 0 0 0 0 0 0 0 0 0 0 0 0 0 0 0 0 0 0 0 0 0 0 0 0 0 0 0 0 0 0 0 0 0 0 0 0 0 0 0 0 0 0 0 0 0 0 0
0 0 0 0 0 0 0 0 0 0 0 0 0 0 0 0 0 0 0 0 0 0 0 0 0 0 0 0 0 0 0 0 0 0 0 0 0 0 0 0 0 0 0 0 0 0 0 0 0 0
0 0 0 0 0 0 0 0 0 0 0 0 0 0 0 0 0 0 0 0 0 0 0 0 0 0 0 0 0 0 0 0 0 0 0 0 0 0 0 0 0 0 0 0 0 0 0 0 0 0
0 0 0 0 0 0 0 0 0 0 0 0 0 0 0 0 0 0 0 0 0 0 0 0 0 0 0 0 0 0 0 0 0 0 0 0 0 0 0 0 0 0 0 0 0 0 0 0 0 0
