0 0 0 0 0 0 0 0 0 0 0 0 0 0 0 0 0 0 0 0 0 0 0 0 0 0 0 0 0 0 0 0 0 0 0 0 0 0 0 0 0 0 0 0 0 0 0 0 0 0
0 0 0 0 0 0 0 0 0 0 0 0 0 0 0 0 0 0 0 0 0 0 0 0 0 0 0 0 0 0 0 0 0 0 0 0 0 0 0 0 0 0 0 0 0 0 0 0 0 0
0 0 0 0 0 0 0 0 0 0 0 0 0 0 0 0 0 0 0 0 0 0 0 0 0 0 0 0 0 0 0 0 0 0 0 0 0 0 0 0 0 0 0 0 0 0 0 0 0 0
0 0 0 0 0 0 0 0 0 0 0 0 0 0 0 0 0 0 0 0 0 0 0 0 0 0 0 0 0 0 0 0 0 0 0 0 0 0 0 0 0 0 0 0 0 0 0 0 0 0
0 0 0 0 0 0 0 0 0 0 0 0 0 0 0 0 0 0 0 0 0 0 0 0 0 0 0 0 0 0 0 0 0 0 0 0 0 0 0 0 0 0 0 0 0 0 0 0 0 0
0 0 0 0 0 0 0 0 0 0 0 0 0 0 0 0 0 0 0 0 0 0 0 0 0 0 0 0 0 0 0 0 0 0 0 0 0 0 0 0 0 0 0 0 0 0 0 0 0 0
0 0 0 0 0 0 0 0 0 0 0 0 0 0 0 0 0 0 0 0 0 0 0 0 0 0 0 0 0 0 0 0 0 0 0 0 0 0 0 0 0 0 0 0 0 0 0 0 0 0
0 0 0 0 0 0 0 0 0 0 0 0 0 0 0 0 0 0 0 0 0 0 0 0 0 0 0 0 0 0 0 0 0 0 0 0 0 0 0 0 0 0 0 0 0 0 0 0 0 0
0 0 0 0 0 0 79 79 79 0 0 0 0 0 0 0 0 0 0 0 0 0 0 0 0 0 0 0 0 0 0 0 0 0 0 0 0 0 0 0 0 0 0 0 0 0 0 0 0 0
0 0 0 0 0 2 79 84 79 0 0 0 0 0 0 0 0 0 0 0 0 0 0 0 0 0 0 0 0 0 0 0 0 0 0 0 0 0 0 0 0 0 0 0 0 0 0 0 0 0
0 0 0 0 0 2 37 51 79 0 0 0 0 0 0 0 0 0 0 0 0 36 36 36 36 36 0 0 0 0 0 0 0 0 0 0 0 0 0 0 0 0 0 0 0 0 0 0 0 0
0 0 0 0 0 9 37 51 55 55 0 0 0 0 0 0 0 0 0 0 0 36 65 65 65 36 24 0 0 0 0 0 0 0 0 0 0 0 0 0 0 0 0 0 0 0 0 0 0 0
0 0 0 0 0 9 85 85 85 55 0 0 0 0 0 0 0 0 0 0 36 36 65 72 65 36 91 91 4 4 4 0 0 0 0 0 0 0 0 0 0 0 0 0 0 0 0 0 0 0
0 0 0 0 0 0 0 0 85 55 55 55 55 55 0 0 0 0 0 0 36 65 65 72 65 65 91 6 6 82 4 0 0 0 0 0 0 0 0 0 0 0 0 0 0 0 0 0 0 0
0 0 0 0 0 0 0 0 85 85 85 85 85 55 55 0 0 0 0 0 36 65 72 72 72 72 83 6 38 38 4 0 0 0 0 0 0 0 0 0 0 0 0 0 0 0 0 0 0 0
0 0 0 0 0 0 0 0 0 0 0 0 85 85 55 0 0 0 0 0 36 65 65 65 72 72 83 6 38 7 7 0 0 0 0 0 0 0 0 0 0 0 0 0 0 0 0 0 0 0
0 0 0 0 0 0 0 0 0 0 0 0 0 85 55 55 0 0 0 0 36 36 36 65 65 72 83 6 38 7 57 57 18 18 18 0 0 0 0 0 0 0 0 0 0 0 0 0 0 0
0 0 0 0 0 0 0 0 0 0 0 0 0 85 85 55 0 0 36 36 36 36 36 36 65 72 83 6 38 7 98 98 98 98 18 18 18 94 52 0 0 0 0 0 52 52 52 0 0 0
0 0 0 0 0 0 0 0 0 0 0 0 0 0 85 55 55 55 55 68 68 36 36 36 65 72 83 6 38 38 38 69 69 98 18 18 98 98 52 52 52 52 52 0 52 8 52 0 0 0
0 0 0 0 0 0 0 0 0 0 0 0 0 12 85 85 85 85 76 76 65 65 65 65 65 72 83 6 6 6 53 53 45 98 98 98 98 56 56 56 56 56 52 52 52 56 0 0 0 0
0 0 0 0 0 0 0 0 0 0 0 0 41 12 78 5 5 5 5 65 65 20 20 20 65 65 83 83 83 83 83 10 45 98 56 56 56 56 0 0 0 56 56 56 56 56 0 0 0 0
0 0 0 0 0 0 0 0 0 0 0 0 41 78 78 63 39 39 20 20 20 20 19 20 65 65 20 20 67 67 83 67 45 93 56 0 0 0 0 0 0 0 0 0 0 0 0 0 0 0
0 0 0 0 0 0 0 0 0 0 0 0 88 78 63 63 39 20 20 19 19 19 19 20 20 20 20 47 48 67 67 67 44 93 56 0 0 0 0 0 0 0 0 0 0 0 0 0 0 0
0 0 0 0 0 0 0 0 0 0 0 0 88 96 63 39 39 20 19 19 13 13 19 19 19 19 97 47 48 44 44 44 44 93 56 0 0 0 0 0 0 0 0 0 0 0 0 0 0 0
0 0 0 0 0 0 0 0 0 0 0 0 88 88 63 39 13 19 19 13 13 13 13 13 13 62 97 73 48 44 93 93 93 93 56 0 0 0 0 0 0 0 0 0 0 0 0 0 0 0
0 0 0 0 0 0 0 0 0 0 0 0 0 88 63 39 13 13 13 13 39 71 59 59 13 1 97 73 89 44 33 99 99 99 56 0 0 0 0 0 0 0 0 0 0 0 0 0 0 0
0 0 0 0 0 0 0 0 0 0 0 0 0 88 63 39 39 39 39 39 39 59 59 1 1 1 17 73 89 89 33 33 33 99 99 0 0 0 0 0 0 0 0 0 0 0 0 0 0 0
0 0 0 0 0 0 0 0 0 0 0 0 0 88 63 63 63 63 63 81 81 81 1 1 14 73 73 73 49 89 89 89 33 33 43 0 0 0 0 0 0 0 0 0 0 0 0 0 0 0
0 0 0 0 0 0 0 0 0 0 0 0 0 88 88 88 88 88 88 81 1 1 1 14 14 77 54 49 49 49 49 89 89 33 43 43 43 0 0 0 0 0 0 0 0 0 0 0 0 0
0 0 92 92 92 0 0 0 92 92 92 92 92 92 92 92 92 92 81 81 1 14 14 14 60 77 77 77 70 70 49 49 89 33 33 33 43 0 0 0 0 0 0 0 0 0 0 0 0 0
0 0 92 66 92 92 92 92 92 0 0 0 0 92 40 81 81 81 81 1 1 14 60 60 60 64 64 64 64 70 70 49 89 89 89 33 43 0 0 0 0 0 0 0 0 0 0 0 0 0
0 0 0 92 92 0 0 0 0 0 0 0 0 92 40 30 1 1 1 1 14 14 60 64 64 64 0 0 64 64 70 49 49 49 89 33 43 0 0 0 0 0 0 0 0 0 0 0 0 0
0 0 0 0 0 0 0 0 0 0 0 0 0 92 40 30 95 14 14 14 14 14 60 64 0 0 0 0 0 64 70 70 70 49 89 33 43 43 43 0 0 0 0 0 0 0 0 0 0 0
0 0 0 0 0 0 0 0 0 0 0 0 0 92 40 34 34 34 34 34 34 14 60 64 0 0 0 0 0 64 64 64 70 49 89 33 33 58 43 0 0 0 26 26 26 26 26 0 0 0
0 0 0 0 0 0 0 0 0 0 0 0 0 92 40 40 40 40 40 40 34 14 60 64 0 0 0 0 0 0 0 64 70 49 89 89 86 58 43 26 26 26 26 22 22 22 26 0 0 0
0 0 0 0 0 0 0 0 0 0 0 0 28 28 28 28 28 28 34 34 34 14 60 64 64 64 0 0 0 0 0 64 70 49 49 49 74 58 43 26 22 22 22 22 25 22 26 0 0 0
0 0 0 0 0 0 0 0 0 0 0 0 0 46 50 50 31 34 34 14 14 14 60 15 0 64 0 0 0 0 0 64 70 61 21 74 74 58 22 22 22 25 25 25 25 22 26 0 0 0
0 0 0 0 0 0 0 0 0 0 0 0 0 0 0 42 31 90 14 14 60 60 60 15 0 64 64 0 0 0 0 64 29 61 21 74 58 58 22 25 25 25 0 0 25 22 26 0 0 0
0 0 0 0 0 0 0 0 0 0 0 0 0 0 0 42 42 42 14 75 60 15 15 15 0 0 64 0 0 0 0 0 29 100 21 74 74 22 22 25 0 0 0 0 25 22 26 26 0 0
0 0 0 0 0 0 0 0 0 0 0 0 0 0 0 0 0 42 42 60 60 15 0 0 0 0 64 0 0 0 0 0 29 100 21 21 74 25 25 25 0 0 0 0 25 22 22 26 26 0
0 0 0 0 0 0 0 0 0 0 0 0 0 0 0 0 0 0 15 15 15 15 0 0 0 0 64 0 0 0 0 0 29 100 100 21 74 25 16 0 0 0 0 35 25 25 22 22 3 0
0 0 0 0 0 0 0 0 0 0 0 0 0 0 0 0 0 0 0 0 0 0 0 0 0 0 64 0 0 0 0 0 29 29 100 21 74 87 16 0 0 0 0 11 11 25 25 32 3 0
0 0 0 0 0 0 0 0 0 0 0 0 0 0 0 0 0 0 0 0 0 0 0 0 0 0 64 0 0 0 0 0 0 29 100 100 23 87 16 0 0 0 0 0 11 11 11 11 11 0
0 0 0 0 0 0 0 0 0 0 0 0 0 0 0 0 0 0 0 0 0 0 0 0 0 0 64 0 0 0 0 0 0 29 100 23 23 87 16 0 0 0 0 0 0 0 0 0 0 0
0 0 0 0 0 0 0 0 0 0 0 0 0 0 0 0 0 0 0 0 0 0 0 0 0 0 64 0 0 0 0 0 0 29 29 80 87 87 16 0 0 0 0 0 0 0 0 0 0 0
0 0 0 0 0 0 0 0 0 0 0 0 0 0 0 0 0 0 0 0 0 0 0 0 0 64 64 0 0 0 0 0 0 0 16 16 16 16 16 0 0 0 0 0 0 0 0 0 0 0
0 0 0 0 0 0 0 0 0 0 0 0 0 0 0 0 0 0 0 0 0 0 0 0 0 64 27 64 0 0 0 0 0 0 0 0 0 0 0 0 0 0 0 0 0 0 0 0 0 0
0 0 0 0 0 0 0 0 0 0 0 0 0 0 0 0 0 0 0 0 0 0 0 0 0 64 64 64 0 0 0 0 0 0 0 0 0 0 0 0 0 0 0 0 0 0 0 0 0 0
0 0 0 0 0 0 0 0 0 0 0 0 0 0 0 0 0 0 0 0 0 0 0 0 0 0 0 0 0 0 0 0 0 0 0 0 0 0 0 0 0 0 0 0 0 0 0 0 0 0
0 0 0 0 0 0 0 0 0 0 0 0 0 0 0 0 0 0 0 0 0 0 0 0 0 0 0 0 0 0 0 0 0 0 0 0 0 0 0 0 0 0 0 0 0 0 0 0 0 0
