0 0 0 0 0 0 0 0 0 0 0 0 0 0 0 0 0 0 0 0 0 0 0 0 0 0 0 0 0 0 0 0 0 0 0 0 0 0 0 0 0 0 0 0 0 0 0 0 0 0
0 0 0 0 0 0 0 0 0 0 0 0 0 0 0 0 0 0 0 0 0 0 0 0 0 0 0 0 0 0 0 0 0 0 0 0 0 0 0 0 0 0 0 0 0 0 0 0 0 0
0 0 0 0 0 0 0 0 0 0 0 0 0 0 0 0 0 0 0 0 0 0 0 0 0 0 0 0 0 0 0 0 0 0 0 0 0 0 0 0 0 0 0 0 0 0 0 0 0 0
0 0 0 0 0 0 0 0 66 66 66 66 0 0 0 0 0 0 0 0 0 0 0 0 0 0 0 0 0 0 0 0 0 0 0 0 0 0 0 0 0 0 0 0 0 0 0 0 0 0
0 0 0 0 0 0 0 0 66 64 11 66 0 0 0 0 0 0 0 0 0 0 0 0 0 0 0 0 0 0 0 0 0 0 0 0 0 0 0 0 0 0 0 0 0 0 0 0 0 0
0 0 0 0 0 0 0 0 66 64 77 77 0 0 0 0 0 0 0 0 0 0 0 0 0 0 0 0 0 0 0 0 0 0 0 0 0 0 0 0 0 0 0 0 0 0 0 0 0 0
0 0 0 0 0 0 0 0 66 64 64 77 0 0 0 0 0 0 0 0 0 0 0 0 0 0 0 0 0 0 0 0 0 0 0 0 0 0 0 0 0 0 0 0 0 0 0 0 0 0
0 0 0 0 0 0 0 0 66 66 64 77 0 0 0 0 0 0 0 0 0 0 0 0 0 0 0 0 0 0 0 0 0 0 0 0 0 0 0 0 0 0 0 0 0 0 0 0 0 0
0 0 0 0 0 0 0 0 0 83 64 77 0 0 0 0 0 0 0 0 0 0 0 0 0 0 0 0 0 0 0 0 0 0 0 0 0 0 0 0 0 0 0 0 0 0 0 0 0 0
0 0 0 0 0 0 0 0 0 0 64 77 0 0 0 0 0 0 0 0 0 0 0 0 0 0 0 0 0 0 0 0 0 0 0 0 0 0 0 0 0 0 0 0 0 0 0 0 0 0
0 0 0 0 0 0 0 0 0 0 64 77 77 77 77 0 0 0 0 0 0 0 0 0 0 0 0 0 0 0 0 0 97 97 62 62 62 62 62 62 94 94 0 0 0 0 0 0 0 0
0 0 0 0 0 0 0 0 0 0 64 64 64 64 77 77 77 0 0 0 0 0 0 0 0 0 51 51 51 51 51 51 51 62 62 38 38 38 38 38 38 68 68 0 0 0 0 0 0 0
0 0 0 0 0 0 0 0 0 0 0 0 64 64 64 64 77 0 0 0 0 0 0 0 0 0 51 9 9 9 9 9 9 9 9 38 9 9 9 3 46 46 89 0 0 0 0 0 0 0
0 0 0 0 0 0 0 0 0 0 0 0 64 77 77 77 77 77 77 0 0 0 0 0 0 51 51 9 85 85 85 85 85 85 9 9 9 69 3 3 13 89 89 0 0 0 0 0 0 0
0 0 0 0 0 0 0 0 0 0 0 0 64 77 63 63 63 63 77 77 31 0 0 0 0 51 9 9 85 13 13 13 13 85 85 85 85 85 3 13 13 0 0 0 0 0 0 0 0 0
0 0 0 0 0 0 0 0 0 0 0 0 64 77 16 8 20 6 6 6 31 52 14 0 51 51 9 85 85 13 0 0 13 13 13 13 13 13 13 13 0 0 0 0 0 0 0 0 0 0
0 0 0 0 0 0 0 0 0 0 0 0 64 64 16 8 34 34 34 6 31 79 79 79 51 9 9 85 13 13 0 0 0 0 0 0 0 0 0 0 0 0 0 0 0 0 0 0 0 0
0 0 0 0 0 0 0 0 0 0 0 0 0 64 16 8 76 18 34 6 31 79 55 55 55 9 85 85 13 0 0 0 0 0 0 0 0 0 0 0 0 0 0 0 0 0 0 0 0 0
0 0 0 0 0 0 0 0 0 0 0 0 0 64 16 8 8 18 34 6 31 79 55 32 9 9 85 13 13 0 0 0 0 0 0 0 0 0 0 0 0 0 0 0 0 0 0 0 0 0
0 0 0 0 0 0 0 0 0 0 0 0 0 64 16 30 30 18 34 6 31 36 36 32 85 85 85 13 0 0 0 0 0 0 0 0 0 0 0 0 0 0 0 0 0 0 0 0 0 0
0 0 0 0 0 0 0 0 0 0 0 0 0 64 64 30 18 18 34 6 31 36 43 32 85 13 13 13 47 47 47 47 47 47 47 47 47 47 47 47 47 47 47 0 0 0 0 0 0 0
0 0 0 0 0 0 0 0 0 0 0 0 0 57 64 30 18 34 34 6 6 6 43 39 85 13 42 42 42 42 42 42 42 42 42 42 42 42 42 42 42 42 47 47 0 0 0 0 0 0
0 0 0 0 0 0 0 0 0 0 0 0 57 57 7 30 18 34 34 34 6 67 43 39 42 42 42 33 33 33 33 33 33 33 33 33 33 33 33 33 33 42 42 47 0 0 0 0 0 0
0 0 0 0 0 0 0 57 57 57 57 57 57 26 7 30 18 18 18 34 34 67 39 39 80 80 42 42 42 33 33 33 71 71 71 71 71 71 71 71 33 33 42 47 0 0 0 0 0 0
0 0 0 0 0 0 0 57 59 59 59 57 26 26 49 49 49 49 18 18 34 34 39 10 10 80 80 80 42 42 42 33 71 5 5 82 82 82 82 71 71 33 42 47 47 47 0 0 0 0
0 0 0 0 0 0 0 57 59 100 26 26 26 70 70 70 70 49 49 18 18 34 39 65 25 25 25 80 80 80 42 33 71 71 5 82 82 82 82 0 71 33 42 42 42 47 0 0 0 0
0 0 0 0 0 0 0 57 59 70 70 70 70 70 41 41 70 70 49 49 4 4 4 65 78 78 25 25 25 80 42 33 33 71 5 5 5 5 82 0 71 33 33 33 33 71 0 0 0 0
0 0 0 0 0 0 0 57 41 41 41 41 41 41 41 41 41 70 49 17 17 17 72 72 78 78 78 21 25 80 42 42 33 71 71 71 71 5 82 0 71 71 71 71 71 71 0 0 0 0
0 0 0 0 0 0 0 0 0 0 0 0 0 0 0 0 41 70 49 2 40 40 40 78 78 37 87 21 25 80 80 42 33 33 33 33 71 5 82 0 0 0 0 0 0 0 0 0 0 0
0 0 0 0 0 0 0 0 0 0 0 0 0 0 0 81 41 70 70 2 29 15 15 15 37 37 87 21 25 25 80 22 22 22 22 33 71 5 82 82 0 0 0 0 0 0 0 0 0 0
0 0 0 0 0 0 0 0 0 0 0 0 0 0 0 81 12 12 12 12 29 44 37 37 37 88 87 21 21 25 80 75 75 21 22 33 71 5 5 82 82 82 0 0 0 0 0 0 0 0
0 0 0 0 0 0 0 0 0 0 0 0 0 0 81 81 73 73 73 56 56 44 45 88 88 88 87 53 21 25 25 25 98 21 22 33 71 71 5 5 5 82 82 82 82 82 82 82 0 0
0 0 0 0 0 0 0 0 0 0 0 0 0 81 81 73 73 27 27 27 27 27 27 27 61 88 23 53 21 21 21 21 21 21 22 33 33 71 71 71 5 5 5 82 82 5 19 82 0 0
0 0 0 0 0 0 0 0 0 0 0 0 81 81 73 73 27 27 58 58 58 58 58 58 61 88 23 53 53 53 53 21 22 22 22 22 33 33 33 71 71 71 5 82 5 5 50 82 0 0
0 0 0 0 0 0 0 0 0 81 81 81 81 73 73 27 27 58 58 0 0 0 0 0 61 88 23 23 23 23 53 21 21 21 21 22 22 22 33 33 33 71 5 5 5 50 50 0 0 0
0 0 0 0 0 0 0 0 81 81 73 73 73 73 27 27 58 58 0 0 0 0 0 0 1 88 88 88 88 23 53 53 96 96 21 21 21 22 22 22 33 50 50 50 50 50 0 0 0 0
0 0 0 0 0 0 81 81 81 73 73 27 27 27 27 58 58 0 0 0 0 0 0 0 1 1 1 1 88 23 23 53 96 96 96 96 21 21 21 21 60 60 50 0 0 0 0 0 0 0
81 81 81 0 0 0 81 73 73 73 86 27 58 58 58 58 0 0 0 0 0 0 0 0 0 0 0 1 88 91 53 53 96 96 96 96 96 96 96 96 96 24 50 0 0 0 0 0 0 0
81 99 81 81 81 81 81 73 90 86 86 84 58 0 0 0 0 0 0 0 0 0 0 0 0 0 0 1 88 88 88 95 95 95 95 96 24 24 24 24 24 24 0 0 0 0 0 0 0 0
0 28 28 28 28 28 28 73 90 86 0 0 0 0 0 0 0 0 0 0 0 0 0 0 0 0 0 1 1 1 88 88 88 88 95 96 96 24 0 0 0 0 0 0 0 0 0 0 0 0
0 0 0 0 0 0 28 48 90 86 0 0 0 0 0 0 0 0 0 0 0 0 0 0 0 0 0 0 0 1 1 1 1 88 95 95 96 24 0 0 0 0 0 0 0 0 0 0 0 0
0 0 0 0 0 0 0 48 90 86 0 0 0 0 0 0 0 0 0 0 0 0 0 0 0 0 0 0 0 0 0 0 1 88 88 95 96 24 0 0 0 0 0 0 0 0 0 0 0 0
0 0 0 0 0 0 0 54 90 86 0 0 0 0 0 0 0 0 0 0 0 0 0 0 0 0 0 0 0 0 0 0 1 35 95 95 96 24 0 0 0 0 0 0 0 0 0 0 0 0
0 0 0 0 0 0 0 0 90 86 0 0 0 0 0 0 0 0 0 0 0 0 0 0 0 0 0 0 0 0 0 0 1 35 95 96 96 24 0 0 0 0 0 0 0 0 0 0 0 0
0 0 0 0 0 0 0 0 90 86 0 0 0 0 0 0 0 0 0 0 0 0 0 0 0 0 0 0 0 0 0 0 1 35 95 96 24 24 74 0 0 0 0 0 0 0 0 0 0 0
0 0 0 90 90 90 90 90 90 86 0 0 0 0 0 0 0 0 0 0 0 0 0 0 0 0 0 0 0 0 0 0 1 35 95 96 96 93 74 0 0 0 0 0 0 0 0 0 0 0
0 0 0 90 86 86 86 86 86 86 0 0 0 0 0 0 0 0 0 0 0 0 0 0 0 0 0 0 0 0 0 0 1 35 95 95 96 0 0 0 0 0 0 0 0 0 0 0 0 0
0 0 90 90 86 0 0 0 0 0 0 0 0 0 0 0 0 0 0 0 0 0 0 0 0 0 0 0 0 0 0 0 1 35 35 95 96 0 0 0 0 0 0 0 0 0 0 0 0 0
0 0 90 92 86 0 0 0 0 0 0 0 0 0 0 0 0 0 0 0 0 0 0 0 0 0 0 0 0 0 0 0 1 35 95 95 96 0 0 0 0 0 0 0 0 0 0 0 0 0
0 0 0 86 86 0 0 0 0 0 0 0 0 0 0 0 0 0 0 0 0 0 0 0 0 0 0 0 0 0 0 0 1 1 96 96 96 0 0 0 0 0 0 0 0 0 0 0 0 0
