0 0 0 0 0 0 0 0 0 0 0 0 0 0 0 0 0 0 0 0 0 0 0 0 0 0 0 0 0 0 0 0 0 0 0 0 0 0 0 0 0 0 0 0 0 0 0 0 0 0
0 0 0 0 0 0 0 0 0 0 0 0 0 0 0 0 0 0 0 0 0 0 0 0 0 0 0 0 0 0 0 0 0 0 0 0 0 0 0 0 0 0 0 0 0 0 0 0 0 0
0 0 0 0 0 0 0 0 0 0 0 0 0 0 0 0 0 0 0 0 0 0 0 0 0 0 0 0 0 0 0 0 0 0 0 0 0 0 0 0 0 0 0 0 0 0 0 0 0 0
0 0 0 0 0 0 0 0 0 0 0 0 0 0 0 0 0 0 0 0 0 0 0 0 0 0 0 0 42 42 42 42 42 0 0 0 0 0 0 0 0 0 0 0 0 0 0 0 0 0
0 0 0 0 0 0 0 0 0 0 0 0 0 0 0 0 0 0 0 0 0 0 0 0 0 0 0 33 33 87 87 87 42 0 0 0 0 0 0 0 96 96 96 96 96 96 0 0 0 0
0 0 0 0 0 0 0 0 0 0 0 0 0 0 0 0 0 0 0 0 0 0 0 0 0 0 0 33 84 36 36 87 42 0 0 0 0 0 0 0 96 78 78 78 78 74 0 0 0 0
0 0 0 0 0 0 0 0 0 0 0 0 0 0 0 0 0 0 0 0 0 0 0 0 0 0 0 33 84 84 36 87 42 0 0 0 0 0 0 0 96 78 86 86 0 0 0 0 0 0
0 0 0 0 0 0 0 0 0 0 0 0 0 0 0 0 0 0 0 0 0 0 0 0 0 0 0 33 33 84 36 87 42 0 0 0 0 0 0 0 96 78 78 86 0 0 0 0 0 0
0 0 0 0 0 0 0 0 0 0 0 0 0 0 0 0 0 0 0 0 0 0 0 0 0 0 50 50 33 84 36 87 42 0 0 0 0 0 0 0 96 96 78 86 0 0 0 0 0 0
0 0 0 0 0 0 0 0 0 0 0 0 9 9 50 50 0 0 0 0 0 0 0 0 0 0 50 33 33 84 36 87 42 0 0 0 0 0 65 65 65 65 78 86 0 0 0 0 0 0
0 0 0 0 0 0 0 0 0 0 61 37 37 70 70 50 50 0 0 0 0 0 0 0 0 50 50 33 84 84 36 87 42 0 0 0 0 0 18 31 5 78 78 86 0 0 0 0 0 0
0 0 0 0 0 0 0 0 32 32 32 32 32 32 70 70 50 50 50 0 0 50 50 50 50 50 1 33 84 36 36 87 42 0 0 0 0 0 18 5 5 86 86 86 0 0 0 0 0 0
0 0 0 0 0 0 0 0 32 70 70 32 32 32 32 70 70 70 50 0 50 50 10 10 10 10 1 84 84 36 87 87 42 0 0 0 0 0 18 5 86 86 0 0 0 0 0 0 0 0
0 0 0 0 0 0 0 0 30 97 70 70 32 32 32 32 32 70 50 50 50 70 10 13 13 10 10 84 36 36 87 42 42 0 0 0 0 18 18 5 86 0 0 0 0 0 0 0 0 0
0 0 0 0 0 0 0 0 58 97 97 70 70 70 32 32 32 70 70 70 70 70 56 26 13 13 10 84 36 87 87 42 42 0 0 0 0 18 5 5 86 0 0 0 0 0 0 0 0 0
0 0 0 0 0 0 0 0 58 58 97 97 97 70 32 32 32 32 32 32 32 70 56 26 60 13 10 10 36 87 87 98 18 18 18 18 18 18 5 86 86 0 0 0 0 0 0 0 0 0
0 0 0 0 0 0 0 0 0 58 58 58 97 70 70 32 32 32 32 32 32 70 56 26 13 13 13 13 36 87 36 36 18 18 5 5 5 5 5 86 0 0 0 0 0 0 0 0 0 0
0 0 0 0 0 0 0 0 0 0 58 58 97 97 70 32 32 32 32 32 32 70 56 26 26 26 26 13 36 36 36 22 22 44 5 86 86 86 86 86 0 0 0 0 0 0 0 0 0 0
0 0 0 0 0 0 0 0 0 0 58 97 40 97 70 32 32 32 32 32 32 70 56 56 56 56 26 13 13 22 22 22 63 63 5 86 0 0 0 0 0 0 0 0 0 0 0 0 0 0
0 0 0 0 0 0 0 0 0 0 58 97 97 97 70 70 32 32 32 32 32 70 70 56 26 26 26 13 29 76 22 63 63 46 46 86 0 0 0 0 0 0 0 0 0 0 0 0 0 0
0 0 0 0 0 0 0 0 0 0 58 58 58 97 97 70 32 32 32 32 32 32 70 56 26 77 77 77 29 22 22 63 46 46 0 0 0 0 0 0 0 0 0 0 0 0 0 0 0 0
0 0 0 0 0 0 0 0 0 0 0 0 58 58 97 70 32 32 32 32 32 32 70 56 26 77 7 7 29 22 63 63 2 15 0 0 0 0 0 0 0 0 0 0 0 0 0 0 0 0
0 0 0 0 0 0 0 0 0 0 0 0 0 58 97 70 70 70 70 70 70 70 70 56 26 77 77 7 22 22 85 43 43 15 0 0 0 0 0 0 0 0 0 0 0 0 0 0 0 0
0 0 0 0 0 0 0 0 0 0 0 0 0 58 97 97 97 97 97 56 56 56 56 56 82 82 77 7 85 85 85 69 39 15 0 0 0 0 0 0 0 0 0 0 0 0 0 0 0 0
0 0 0 0 0 0 0 0 0 0 0 0 0 58 58 79 79 79 24 24 54 54 54 54 54 77 77 7 7 7 85 69 39 39 39 0 0 0 0 0 0 0 0 0 0 0 0 0 0 0
0 0 0 0 0 0 0 0 0 0 0 0 58 58 58 79 54 54 54 24 54 90 90 90 54 54 25 7 68 7 85 69 69 69 39 39 39 0 0 0 0 0 0 0 0 0 0 0 0 0
0 0 0 0 0 0 0 0 0 0 0 0 58 3 79 79 54 90 54 54 54 90 68 90 90 90 25 68 68 7 85 85 85 69 69 69 39 39 0 0 0 0 0 0 0 0 0 0 0 0
0 0 0 0 0 0 0 0 0 0 0 0 58 72 79 21 57 90 90 90 90 90 68 68 68 68 68 68 68 7 7 7 85 85 41 69 69 39 39 0 0 0 0 0 0 0 0 0 0 0
0 0 0 0 0 0 0 0 0 0 0 0 0 72 79 21 21 21 21 21 21 90 59 71 71 71 71 71 68 68 68 7 7 27 41 41 69 69 39 0 0 0 0 0 0 0 0 0 0 0
0 0 0 0 0 0 0 0 0 0 0 0 0 72 79 79 79 79 79 79 21 90 59 14 73 73 73 71 71 71 68 68 4 52 52 41 41 69 39 39 39 39 39 39 39 0 0 0 0 0
0 0 0 0 0 0 0 0 0 0 0 0 0 72 72 72 72 81 45 45 21 90 94 14 73 66 73 73 73 71 71 6 6 6 52 52 41 20 20 20 20 20 20 67 39 0 0 0 0 0
0 0 0 0 0 0 0 0 0 0 0 0 0 0 0 0 0 81 12 53 53 53 94 14 73 66 66 66 73 73 28 28 88 75 75 52 41 89 89 89 89 34 34 39 39 0 0 0 0 0
0 0 0 0 0 0 0 0 0 0 0 0 0 0 81 81 81 81 12 19 19 19 19 14 73 0 0 66 66 66 66 92 88 88 75 52 41 41 41 41 89 89 0 0 0 0 0 0 0 0
0 0 0 0 0 0 0 0 0 0 0 81 81 81 81 12 12 12 12 19 14 14 14 14 73 0 0 0 0 0 0 0 0 88 75 52 52 52 52 41 41 89 0 0 0 0 0 0 0 0
0 0 0 0 0 0 0 0 0 99 62 81 12 12 12 12 100 19 19 19 14 73 73 73 73 0 0 0 0 0 0 0 0 88 75 75 75 75 52 52 41 89 0 0 0 0 0 0 0 0
0 0 0 0 0 0 0 0 0 99 91 91 12 100 100 100 100 48 35 14 14 73 0 0 0 0 0 0 0 0 0 0 0 88 88 88 88 75 75 75 89 89 0 0 0 0 0 0 0 0
0 0 0 0 0 0 0 0 0 99 91 49 12 100 95 95 95 48 48 48 73 73 0 0 0 0 0 0 0 0 0 0 0 0 0 0 88 88 88 88 88 89 89 0 0 0 0 0 0 0
0 0 0 0 0 0 0 0 0 99 91 47 12 100 95 0 0 0 0 0 0 0 0 0 0 0 0 0 0 0 0 0 0 0 0 0 0 0 0 0 8 8 89 64 0 0 0 0 0 0
0 0 0 0 0 0 0 0 0 99 99 47 11 100 95 0 0 0 0 0 0 0 0 0 0 0 0 0 0 0 0 0 0 0 0 0 0 0 0 0 0 8 93 64 0 0 0 0 0 0
0 0 0 0 0 0 0 0 0 23 23 47 100 100 95 0 0 0 0 0 0 0 0 0 0 0 0 0 0 0 0 0 0 0 0 0 0 0 0 0 0 51 93 83 0 0 0 0 0 0
0 0 0 0 0 23 23 23 23 23 38 38 38 95 95 0 0 0 0 0 0 0 0 0 0 0 0 0 0 0 0 0 0 0 0 0 0 0 0 0 0 83 83 83 0 0 0 0 0 0
0 0 0 0 23 23 55 55 55 55 55 0 0 0 0 0 0 0 0 0 0 0 0 0 0 0 0 0 0 0 0 0 0 0 0 0 0 0 0 0 0 0 0 0 0 0 0 0 0 0
0 0 0 16 23 55 55 0 0 0 0 0 0 0 0 0 0 0 0 0 0 0 0 0 0 0 0 0 0 0 0 0 0 0 0 0 0 0 0 0 0 0 0 0 0 0 0 0 0 0
0 0 0 17 23 55 0 0 0 0 0 0 0 0 0 0 0 0 0 0 0 0 0 0 0 0 0 0 0 0 0 0 0 0 0 0 0 0 0 0 0 0 0 0 0 0 0 0 0 0
0 0 0 17 80 55 0 0 0 0 0 0 0 0 0 0 0 0 0 0 0 0 0 0 0 0 0 0 0 0 0 0 0 0 0 0 0 0 0 0 0 0 0 0 0 0 0 0 0 0
0 0 0 17 17 17 0 0 0 0 0 0 0 0 0 0 0 0 0 0 0 0 0 0 0 0 0 0 0 0 0 0 0 0 0 0 0 0 0 0 0 0 0 0 0 0 0 0 0 0
0 0 0 0 0 0 0 0 0 0 0 0 0 0 0 0 0 0 0 0 0 0 0 0 0 0 0 0 0 0 0 0 0 0 0 0 0 0 0 0 0 0 0 0 0 0 0 0 0 0
0 0 0 0 0 0 0 0 0 0 0 0 0 0 0 0 0 0 0 0 0 0 0 0 0 0 0 0 0 0 0 0 0 0 0 0 0 0 0 0 0 0 0 0 0 0 0 0 0 0
0 0 0 0 0 0 0 0 0 0 0 0 0 0 0 0 0 0 0 0 0 0 0 0 0 0 0 0 0 0 0 0 0 0 0 0 0 0 0 0 0 0 0 0 0 0 0 0 0 0
0 0 0 0 0 0 0 0 0 0 0 0 0 0 0 0 0 0 0 0 0 0 0 0 0 0 0 0 0 0 0 0 0 0 0 0 0 0 0 0 0 0 0 0 0 0 0 0 0 0
