0 0 0 0 0 0 0 0 0 0 0 0 0 0 0 0 0 0 0 0 0 0 0 0 0 0 0 0 0 0 0 0 0 0 0 0 0 0 0 0 0 0 0 0 0 0 0 0 0 0
0 0 0 0 0 0 0 0 0 0 0 0 0 0 0 0 0 0 0 0 0 0 0 0 0 0 0 0 0 0 0 0 0 0 0 0 0 0 0 0 0 0 0 0 0 0 0 0 0 0
0 0 0 0 0 0 0 0 0 0 0 0 0 0 0 0 0 0 0 0 0 0 0 0 0 0 0 0 0 0 0 0 0 0 0 0 0 0 0 0 0 0 0 0 0 0 0 0 0 0
0 0 0 0 0 0 0 0 0 0 0 0 63 63 63 63 63 0 0 0 0 0 0 0 0 0 0 0 0 0 0 0 0 0 0 0 0 0 0 0 0 0 0 0 0 0 0 0 0 0
0 0 0 0 0 0 0 0 0 0 0 0 63 65 73 73 63 0 0 0 0 0 0 0 0 0 0 0 0 0 0 0 0 0 0 0 0 0 0 0 0 0 0 0 0 0 0 0 0 0
0 0 0 0 0 0 0 0 0 0 0 0 63 57 80 73 63 63 63 0 0 0 0 0 0 0 0 0 0 0 0 0 0 0 0 0 0 0 0 0 0 0 0 0 0 0 0 0 0 0
0 0 0 0 0 0 0 0 0 0 0 0 0 57 80 73 73 73 63 0 0 0 0 0 0 0 0 0 0 0 0 0 0 0 0 0 0 0 0 0 0 0 0 0 0 0 0 0 0 0
0 0 0 0 0 0 0 0 0 0 0 0 0 57 80 80 80 73 63 63 0 0 0 0 0 0 0 0 0 0 39 39 39 39 39 0 0 0 0 0 0 0 0 0 0 0 0 0 0 0
0 0 0 0 0 0 0 0 0 0 0 0 0 57 57 57 80 73 73 63 0 0 0 0 0 0 0 0 0 17 17 69 69 69 39 0 0 0 0 0 0 0 0 0 0 0 0 0 0 0
0 0 0 0 0 0 0 0 0 0 0 0 0 0 0 57 80 80 73 63 0 0 0 0 0 0 0 0 0 16 12 29 29 69 39 0 0 0 0 0 0 0 100 35 37 0 0 0 0 0
0 0 0 0 0 0 0 0 0 0 0 0 0 0 0 57 57 80 73 63 0 0 0 0 0 0 0 0 16 16 12 12 29 69 39 0 39 39 39 39 39 39 100 28 28 0 0 0 0 0
0 0 0 0 0 0 0 0 0 0 0 0 0 0 0 0 57 80 73 63 0 0 0 0 0 0 0 0 16 12 12 12 29 69 39 39 39 42 42 42 42 42 42 42 28 0 0 0 0 0
0 0 0 0 0 0 0 0 0 0 0 0 0 0 0 0 57 80 73 63 0 0 0 0 0 0 0 0 16 12 29 29 29 69 39 42 42 42 40 40 40 40 40 46 46 0 0 0 0 0
0 0 0 0 0 0 0 0 0 0 0 57 57 57 57 57 57 80 73 63 0 0 0 0 0 0 0 0 16 12 29 69 69 69 39 42 40 40 40 75 75 78 40 40 25 0 0 0 0 0
0 0 0 0 0 0 0 0 0 0 0 57 91 83 83 57 57 80 73 63 63 63 63 63 63 63 63 0 16 12 29 69 69 42 42 42 40 40 40 40 75 78 78 77 25 0 0 0 0 0
0 0 0 0 0 0 0 0 50 50 84 57 91 48 71 71 57 80 73 73 73 73 73 73 73 73 63 0 16 12 29 29 69 42 42 38 38 38 38 40 75 0 25 25 25 0 0 0 0 0
0 0 0 0 0 0 0 0 50 85 84 57 91 5 5 71 57 80 80 80 80 80 80 80 80 73 63 0 16 12 12 29 69 42 38 38 29 44 38 40 75 0 0 0 0 0 0 0 0 0
0 0 0 0 0 0 0 0 68 85 57 57 91 91 5 71 71 71 71 71 71 71 71 71 80 73 16 0 16 16 12 29 38 38 38 29 29 70 38 40 75 0 0 0 0 0 0 0 0 0
0 0 0 0 0 0 0 0 68 91 91 91 91 91 5 5 5 5 5 5 94 94 94 3 80 62 16 0 0 16 12 29 38 29 29 29 70 70 40 40 75 0 0 0 0 0 0 0 0 0
0 0 0 0 0 0 0 0 68 68 5 5 5 5 5 5 5 5 5 94 94 32 32 3 12 62 16 16 16 16 12 29 38 29 70 70 70 64 64 75 75 0 0 0 0 0 0 0 0 0
0 0 0 0 0 0 0 0 0 33 33 76 51 5 94 94 5 5 5 94 89 24 32 32 12 12 12 12 16 16 12 29 29 29 70 64 64 64 21 21 0 0 0 0 0 0 0 0 0 0
0 0 0 0 0 0 0 0 0 0 0 76 51 14 98 94 94 94 94 94 89 24 24 32 32 32 32 12 12 12 12 29 70 70 70 64 21 21 21 0 0 0 0 0 0 0 0 0 0 0
0 0 0 0 0 0 0 0 0 0 0 97 51 14 14 14 14 14 14 94 89 89 24 32 32 41 32 29 29 29 29 29 70 64 64 64 21 22 0 0 0 0 0 0 0 0 0 0 0 0
0 0 0 0 0 0 0 0 0 0 0 97 51 51 51 51 51 51 14 94 94 89 24 24 24 24 24 24 6 29 70 70 70 64 31 31 31 22 0 0 0 0 0 0 0 0 0 0 0 0
0 0 0 0 0 0 0 0 0 0 0 97 97 97 97 97 97 51 14 14 94 89 89 89 89 24 61 61 6 29 70 13 13 13 13 13 31 22 0 0 0 0 0 0 0 0 0 0 0 0
0 0 0 0 0 0 0 0 0 0 0 0 0 0 0 0 97 51 51 14 94 94 94 94 89 24 24 61 6 6 70 6 6 6 6 13 31 22 0 0 0 0 0 0 0 0 0 0 0 0
0 0 0 0 0 0 0 0 0 0 0 0 0 0 0 0 97 97 51 14 14 14 14 94 89 27 34 61 8 6 6 6 8 8 6 13 31 22 0 0 0 0 0 0 0 0 0 0 0 0
0 0 0 0 0 0 0 0 0 0 0 0 0 0 0 72 72 97 51 51 51 51 14 10 10 27 27 27 8 6 8 8 8 82 13 13 31 22 0 0 0 0 0 0 0 0 0 0 0 0
0 0 0 0 0 0 0 0 0 0 0 0 0 0 72 72 97 97 97 97 97 51 51 10 27 27 8 8 8 8 8 59 59 59 13 31 31 22 0 0 0 0 0 0 0 0 0 0 0 0
0 0 0 0 0 0 0 0 0 0 0 0 0 72 72 51 60 97 97 97 97 51 10 10 27 8 8 59 59 59 59 59 13 13 13 31 23 23 0 0 0 0 0 0 0 0 0 0 0 0
0 0 0 0 0 0 0 0 0 0 0 0 0 72 36 51 51 51 51 51 51 51 10 2 27 27 20 20 93 93 93 59 59 15 66 66 66 23 0 0 0 0 0 0 0 0 0 0 0 0
0 0 0 0 0 0 0 0 0 0 0 0 67 72 36 58 58 58 58 58 58 58 10 2 4 95 95 93 93 90 93 93 59 59 59 55 66 23 0 0 0 0 0 0 0 0 0 0 0 0
0 0 0 0 0 0 0 0 0 0 0 53 53 53 53 58 18 18 18 19 45 26 10 2 4 96 90 90 90 90 90 93 93 93 93 55 66 23 0 0 0 0 0 0 0 0 0 0 0 0
0 0 0 0 0 0 0 0 0 0 0 53 58 58 58 58 18 30 18 18 45 74 74 4 4 96 30 99 52 52 90 11 88 7 7 55 66 23 81 0 0 0 0 0 0 0 0 0 0 0
0 0 0 0 0 0 0 0 0 0 0 53 58 18 18 18 18 30 30 18 96 96 96 96 96 96 30 47 52 52 88 88 88 43 55 55 66 79 81 81 0 0 0 0 0 0 0 0 0 0
0 0 0 0 0 0 0 0 0 0 0 53 58 18 56 56 56 56 30 30 30 30 30 30 30 30 30 0 0 0 0 0 9 43 49 66 66 54 54 81 0 0 0 0 0 0 0 0 0 0
0 0 0 0 0 0 0 0 0 0 53 53 58 18 56 0 0 0 0 0 0 0 0 0 0 0 0 0 0 0 0 0 9 9 49 49 49 49 92 81 0 0 0 0 0 0 0 0 0 0
0 0 0 0 0 0 0 0 0 53 53 58 58 18 56 0 0 0 0 0 0 0 0 0 0 0 0 0 0 0 0 0 0 9 9 9 9 9 92 0 0 0 0 0 0 0 0 0 0 0
0 0 0 0 0 0 0 0 0 53 58 58 18 18 56 0 0 0 0 0 0 0 0 0 0 0 0 0 0 0 0 0 0 0 0 0 0 1 1 0 0 0 0 0 0 0 0 0 0 0
0 0 0 0 0 0 0 0 0 87 18 18 18 86 56 0 0 0 0 0 0 0 0 0 0 0 0 0 0 0 0 0 0 0 0 0 0 0 0 0 0 0 0 0 0 0 0 0 0 0
0 0 0 0 0 0 0 0 0 56 56 56 56 56 56 0 0 0 0 0 0 0 0 0 0 0 0 0 0 0 0 0 0 0 0 0 0 0 0 0 0 0 0 0 0 0 0 0 0 0
0 0 0 0 0 0 0 0 0 0 0 0 0 0 0 0 0 0 0 0 0 0 0 0 0 0 0 0 0 0 0 0 0 0 0 0 0 0 0 0 0 0 0 0 0 0 0 0 0 0
0 0 0 0 0 0 0 0 0 0 0 0 0 0 0 0 0 0 0 0 0 0 0 0 0 0 0 0 0 0 0 0 0 0 0 0 0 0 0 0 0 0 0 0 0 0 0 0 0 0
0 0 0 0 0 0 0 0 0 0 0 0 0 0 0 0 0 0 0 0 0 0 0 0 0 0 0 0 0 0 0 0 0 0 0 0 0 0 0 0 0 0 0 0 0 0 0 0 0 0
0 0 0 0 0 0 0 0 0 0 0 0 0 0 0 0 0 0 0 0 0 0 0 0 0 0 0 0 0 0 0 0 0 0 0 0 0 0 0 0 0 0 0 0 0 0 0 0 0 0
0 0 0 0 0 0 0 0 0 0 0 0 0 0 0 0 0 0 0 0 0 0 0 0 0 0 0 0 0 0 0 0 0 0 0 0 0 0 0 0 0 0 0 0 0 0 0 0 0 0
0 0 0 0 0 0 0 0 0 0 0 0 0 0 0 0 0 0 0 0 0 0 0 0 0 0 0 0 0 0 0 0 0 0 0 0 0 0 0 0 0 0 0 0 0 0 0 0 0 0
0 0 0 0 0 0 0 0 0 0 0 0 0 0 0 0 0 0 0 0 0 0 0 0 0 0 0 0 0 0 0 0 0 0 0 0 0 0 0 0 0 0 0 0 0 0 0 0 0 0
0 0 0 0 0 0 0 0 0 0 0 0 0 0 0 0 0 0 0 0 0 0 0 0 0 0 0 0 0 0 0 0 0 0 0 0 0 0 0 0 0 0 0 0 0 0 0 0 0 0
0 0 0 0 0 0 0 0 0 0 0 0 0 0 0 0 0 0 0 0 0 0 0 0 0 0 0 0 0 0 0 0 0 0 0 0 0 0 0 0 0 0 0 0 0 0 0 0 0 0
