0 0 0 0 0 0 0 0 0 0 0 0 0 0 0 0 0 0 0 0 0 0 0 0 0 0 0 0 0 0 0 0 0 0 0 0 0 0 0 0 0 0 0 0 0 0 0 0 0 0
0 0 0 0 0 0 0 0 0 0 0 0 0 0 0 0 0 0 0 0 0 0 0 0 0 0 0 0 0 0 0 0 0 0 0 0 0 0 0 0 0 0 0 0 0 0 0 0 0 0
0 0 0 0 0 0 0 0 0 0 0 0 0 0 0 0 0 0 0 0 0 0 0 0 0 0 0 0 0 0 0 0 0 0 0 0 0 0 0 0 0 0 0 0 0 0 0 0 0 0
0 0 0 0 0 0 0 0 0 0 0 0 0 0 0 0 0 0 0 0 0 0 0 0 0 0 0 0 0 0 0 0 0 0 0 0 0 0 0 0 0 0 0 0 0 0 0 0 0 0
0 0 0 0 0 0 0 0 0 0 0 0 0 0 0 0 0 0 0 0 0 0 0 0 0 0 0 0 0 0 0 0 0 0 0 0 0 0 0 0 0 0 0 0 0 0 0 0 0 0
0 0 95 95 95 95 95 95 95 0 0 0 0 0 0 0 0 0 0 0 0 0 0 0 0 0 0 0 0 0 0 0 0 0 0 0 0 0 0 0 0 0 0 0 0 0 0 0 0 0
0 0 95 8 8 8 8 8 95 0 0 0 0 0 0 0 0 0 0 0 0 0 0 0 0 0 0 0 0 0 0 0 0 0 0 0 0 0 0 0 0 0 0 0 0 0 0 0 0 0
0 0 95 8 94 94 94 8 95 0 98 98 98 98 98 98 98 0 0 0 0 0 0 0 0 0 0 0 0 0 0 0 0 0 0 0 0 0 0 0 0 0 0 0 0 0 0 0 0 0
0 0 95 8 94 94 94 8 95 7 7 26 26 25 25 25 98 0 0 0 0 0 0 0 0 0 0 0 0 0 0 0 0 0 0 0 0 0 0 0 0 0 0 0 0 0 0 0 0 0
0 0 95 95 8 8 8 8 8 8 26 26 28 93 93 25 98 0 0 0 0 0 0 0 0 0 0 0 0 0 0 0 0 0 0 0 0 0 0 0 0 0 0 0 0 0 0 0 0 0
0 0 0 95 95 95 95 77 55 28 28 28 28 28 93 25 98 0 0 0 0 0 0 0 0 0 0 0 0 0 0 0 0 0 0 0 0 0 0 0 0 0 0 0 0 0 0 0 0 0
0 0 0 0 0 0 0 77 73 73 73 73 73 28 93 25 98 0 0 0 0 0 0 72 72 72 72 72 72 72 72 72 62 62 0 0 0 0 0 0 0 0 0 0 0 0 0 0 0 0
0 0 0 0 0 0 0 77 77 77 77 77 73 28 93 25 98 0 0 0 0 0 0 72 11 11 11 11 11 11 11 85 85 62 0 0 0 0 0 0 0 0 0 0 0 0 0 0 0 0
0 0 0 0 0 0 0 0 0 0 0 77 73 28 93 25 98 0 0 0 0 0 0 72 11 89 89 89 89 89 30 30 85 19 0 0 0 0 0 0 0 0 0 0 0 0 0 0 0 0
0 0 0 0 0 0 27 27 27 27 27 77 73 28 93 25 98 0 0 0 0 0 0 72 11 89 29 29 29 29 69 30 85 19 100 92 92 0 0 0 0 0 0 0 0 0 0 0 0 0
0 0 0 0 0 0 27 73 73 73 73 77 73 28 93 25 98 98 98 0 0 0 0 72 11 89 29 69 69 69 69 30 71 71 100 65 92 0 0 0 0 0 0 0 0 0 0 0 0 0
0 0 0 0 0 0 27 73 53 53 73 73 73 28 93 25 25 25 98 0 0 0 0 72 11 89 29 69 69 30 30 30 9 9 9 65 92 0 0 0 0 0 0 0 0 0 0 0 0 0
0 0 0 0 0 0 27 73 16 36 36 36 36 28 93 42 42 25 98 98 98 98 80 80 11 89 29 29 69 30 9 9 9 90 90 90 92 0 0 0 0 0 0 0 0 0 0 0 0 0
0 0 0 0 0 0 27 73 64 64 64 64 36 36 36 58 42 25 25 25 25 25 25 60 11 89 89 29 69 30 9 91 91 90 23 23 23 0 0 0 0 0 0 0 0 0 0 0 0 0
0 0 0 0 0 0 27 27 27 27 27 64 64 64 36 58 42 42 42 42 42 42 42 60 60 60 60 29 69 30 9 9 91 23 23 23 23 23 0 0 0 0 0 0 0 0 0 0 0 0
0 0 0 0 0 0 0 0 0 0 27 27 27 64 36 58 58 58 42 58 58 58 42 42 74 29 60 29 69 30 30 9 91 91 91 91 91 23 0 0 0 0 0 0 0 0 0 0 0 0
0 0 0 0 0 0 0 0 0 0 0 0 27 64 36 36 36 58 58 58 36 58 58 42 61 29 60 29 69 69 39 9 9 9 9 40 91 14 0 0 0 0 0 0 0 0 0 0 0 0
0 0 0 0 0 0 0 0 0 0 0 0 27 64 64 64 36 36 36 36 36 66 58 37 61 29 29 29 6 81 81 9 9 81 81 40 41 14 0 0 0 0 0 0 0 0 0 0 0 0
0 0 0 0 0 0 0 0 0 0 0 0 27 27 27 64 64 64 64 64 50 66 51 37 61 29 22 22 22 22 81 81 81 81 22 82 41 14 0 0 0 0 0 0 0 0 0 0 0 0
0 0 0 0 0 0 0 0 0 0 0 0 0 0 27 27 27 27 27 27 50 50 51 24 61 29 22 82 82 22 22 22 22 22 22 82 41 14 0 0 0 0 0 0 0 0 0 0 0 0
0 0 0 0 0 0 0 0 0 0 0 0 0 0 0 0 0 0 0 27 50 50 51 24 22 22 22 82 82 82 82 82 82 82 82 82 41 14 0 0 0 0 0 0 0 0 0 0 0 0
0 0 0 0 0 0 0 0 0 0 0 0 0 0 0 0 0 0 27 27 50 51 51 24 47 82 82 82 3 3 3 3 99 67 67 67 41 14 0 0 0 0 0 0 0 0 0 0 0 0
0 0 0 0 0 0 0 0 0 0 0 0 0 0 0 27 27 27 27 50 50 51 24 24 47 3 3 3 3 34 34 3 99 67 86 86 86 14 0 0 0 0 0 0 0 0 0 0 0 0
0 0 0 0 0 0 0 0 0 0 0 0 0 0 0 27 50 50 50 50 51 51 24 45 47 34 34 34 34 34 3 3 99 67 86 14 14 14 2 2 0 0 0 0 0 0 0 0 0 0
0 0 0 0 0 0 0 0 0 0 0 0 0 0 0 96 50 38 38 38 51 24 24 45 34 34 63 63 63 84 3 99 99 67 86 14 14 14 14 48 48 0 0 0 0 0 0 0 0 0
0 0 0 0 0 0 0 0 0 0 0 0 0 33 96 96 70 38 10 10 10 24 45 45 34 63 63 78 63 1 3 99 67 67 86 86 86 86 14 17 87 0 0 0 0 0 0 0 0 0
0 0 0 0 0 0 0 0 0 0 33 33 33 33 88 70 70 5 10 83 83 45 45 34 34 63 78 78 78 1 3 99 67 67 67 67 67 86 14 17 0 0 0 0 0 0 0 0 0 0
0 0 0 0 0 0 0 0 0 0 33 88 88 88 88 76 54 5 35 45 45 45 34 34 63 63 78 56 78 43 3 99 99 21 21 21 67 86 86 17 0 0 0 0 0 0 0 0 0 0
0 0 0 0 0 0 0 0 0 0 33 88 4 76 76 76 54 5 34 34 34 34 34 13 63 78 78 56 78 43 52 52 43 43 43 21 67 67 86 17 79 79 79 0 0 0 0 0 0 0
0 0 0 0 0 0 0 0 0 0 33 88 88 46 46 54 54 5 12 13 13 13 13 13 63 78 56 56 78 43 43 43 43 78 43 21 21 67 86 67 67 31 79 0 0 0 0 0 0 0
0 0 0 0 0 0 0 0 0 0 33 33 33 33 32 32 13 13 13 13 0 0 0 18 63 78 56 0 78 78 78 78 78 78 43 43 21 67 67 67 44 44 79 0 0 0 0 0 0 0
0 0 0 0 0 0 0 0 0 0 0 0 0 0 0 0 0 0 0 0 0 0 0 18 97 78 56 0 0 0 0 0 0 78 78 43 21 59 59 44 44 79 79 0 0 0 0 0 0 0
0 0 0 0 0 0 0 0 0 0 0 0 0 0 0 0 0 0 0 0 0 0 0 18 18 18 56 0 0 0 0 0 0 0 78 43 21 21 59 59 59 79 0 0 0 0 0 0 0 0
0 0 0 0 0 0 0 0 0 0 0 0 0 0 0 0 0 0 0 0 0 0 0 0 0 0 0 0 0 0 0 0 0 0 78 43 43 21 21 21 59 79 0 0 0 0 0 0 0 0
0 0 0 0 0 0 0 0 0 0 0 0 0 0 0 0 0 0 0 0 0 0 0 0 0 0 0 0 0 0 0 0 0 0 78 78 43 43 49 21 59 79 79 79 79 79 79 0 0 0
0 0 0 0 0 0 0 0 0 0 0 0 0 0 0 0 0 0 0 0 0 0 0 0 0 0 0 0 0 0 0 0 0 0 0 78 78 75 49 21 59 59 59 59 59 59 79 0 0 0
0 0 0 0 0 0 0 0 0 0 0 0 0 0 0 0 0 0 0 0 0 0 0 0 0 0 0 0 0 0 0 0 0 0 0 0 15 15 49 21 21 21 21 21 21 59 79 0 0 0
0 0 0 0 0 0 0 0 0 0 0 0 0 0 0 0 0 0 0 0 0 0 0 0 0 0 0 0 0 0 0 0 0 0 0 0 0 15 49 49 49 49 49 49 21 59 79 0 0 0
0 0 0 0 0 0 0 0 0 0 0 0 0 0 0 0 0 0 0 0 0 0 0 0 0 0 0 0 0 0 0 0 0 0 0 0 0 15 15 15 15 15 15 49 20 57 79 0 0 0
0 0 0 0 0 0 0 0 0 0 0 0 0 0 0 0 0 0 0 0 0 0 0 0 0 0 0 0 0 0 0 0 0 0 0 0 0 0 0 0 0 0 15 57 57 57 0 0 0 0
0 0 0 0 0 0 0 0 0 0 0 0 0 0 0 0 0 0 0 0 0 0 0 0 0 0 0 0 0 0 0 0 0 0 0 0 0 0 0 0 0 0 0 0 68 0 0 0 0 0
0 0 0 0 0 0 0 0 0 0 0 0 0 0 0 0 0 0 0 0 0 0 0 0 0 0 0 0 0 0 0 0 0 0 0 0 0 0 0 0 0 0 0 0 0 0 0 0 0 0
0 0 0 0 0 0 0 0 0 0 0 0 0 0 0 0 0 0 0 0 0 0 0 0 0 0 0 0 0 0 0 0 0 0 0 0 0 0 0 0 0 0 0 0 0 0 0 0 0 0
0 0 0 0 0 0 0 0 0 0 0 0 0 0 0 0 0 0 0 0 0 0 0 0 0 0 0 0 0 0 0 0 0 0 0 0 0 0 0 0 0 0 0 0 0 0 0 0 0 0
0 0 0 0 0 0 0 0 0 0 0 0 0 0 0 0 0 0 0 0 0 0 0 0 0 0 0 0 0 0 0 0 0 0 0 0 0 0 0 0 0 0 0 0 0 0 0 0 0 0
