0 0 0 0 0 0 0 0 0 0 0 0 0 0 0 0 0 0 0 0 0 0 0 0 0 0 0 0 0 0 0 0 0 0 0 0 0 0 0 0 0 0 0 0 0 0 0 0 0 0
0 0 0 0 0 0 0 0 0 0 0 0 0 0 0 0 0 0 0 0 0 0 0 0 0 0 0 0 0 0 0 0 0 0 0 0 0 0 0 0 0 0 0 0 0 0 0 0 0 0
0 0 0 0 0 0 0 0 0 0 0 0 0 0 0 0 0 0 0 0 0 0 0 0 0 0 0 0 0 0 0 0 0 0 0 0 0 0 0 0 0 0 0 0 0 0 0 0 0 0
0 0 0 0 0 0 0 0 0 0 0 0 0 0 0 0 0 0 0 0 0 0 0 0 0 58 58 36 36 0 0 0 0 0 0 0 0 0 0 0 0 0 0 0 0 0 0 0 0 0
0 0 0 0 0 0 0 0 0 0 0 0 0 0 0 0 0 0 0 0 0 0 0 0 0 58 74 88 36 0 0 0 0 0 0 0 0 0 0 0 0 0 0 0 0 0 0 0 0 0
0 0 0 0 0 0 0 0 0 0 0 0 0 0 0 0 0 0 6 6 6 0 0 58 58 58 74 88 36 0 0 0 0 0 0 0 0 0 0 0 0 0 0 0 0 0 0 0 0 0
0 0 0 0 0 0 0 0 0 0 0 0 0 0 0 0 0 0 98 91 6 6 6 58 74 74 74 88 36 0 0 0 0 0 0 0 0 0 0 0 0 0 0 0 29 21 0 0 0 0
0 0 0 0 0 0 0 0 0 0 0 0 0 0 0 0 0 0 98 61 61 61 6 58 74 88 88 88 36 0 0 0 0 0 0 0 0 0 0 0 0 0 0 9 9 21 19 30 0 0
0 0 0 0 0 0 0 0 0 0 0 0 0 0 0 0 0 0 98 51 51 61 6 58 74 88 88 36 36 0 0 0 0 0 0 0 0 0 0 9 9 9 9 9 76 76 2 30 0 0
0 0 0 0 0 0 0 0 0 0 0 0 0 0 0 0 0 0 0 51 61 61 6 58 74 74 88 36 36 36 0 0 0 0 0 0 0 0 0 9 76 76 76 76 76 2 2 30 0 0
0 0 0 0 0 0 0 0 0 0 0 0 0 0 0 0 0 0 0 51 61 6 6 58 58 74 88 88 88 36 0 0 0 0 0 0 0 9 9 9 76 2 2 2 2 2 30 30 0 0
0 0 0 0 0 0 0 0 0 0 0 0 0 0 0 0 0 0 0 51 61 6 6 6 58 74 74 74 88 77 77 77 77 77 77 77 77 9 76 76 76 73 2 30 30 30 30 0 0 0
0 0 0 0 0 0 0 0 0 0 0 0 0 0 0 0 0 0 0 51 61 61 6 6 58 58 58 74 88 95 93 77 77 25 25 25 9 9 76 20 20 20 2 30 0 0 0 0 0 0
0 0 0 0 0 0 0 0 0 0 0 0 0 0 0 0 0 0 0 51 51 61 6 6 6 6 58 74 88 95 42 42 42 42 4 25 9 76 76 20 30 30 30 30 0 0 0 0 0 0
0 0 0 0 0 0 0 0 0 0 0 0 0 0 0 0 0 0 0 0 51 61 6 6 6 6 58 74 95 95 45 45 45 45 4 59 9 76 20 20 30 0 0 0 0 0 0 0 0 0
0 0 0 0 0 0 0 0 0 0 0 0 0 0 0 0 0 0 0 0 51 61 61 6 6 58 58 74 60 97 97 1 1 4 4 59 76 76 20 30 30 0 0 0 0 0 0 0 0 0
0 0 0 0 0 0 0 0 0 0 0 0 0 0 0 0 0 40 40 40 51 51 61 6 6 58 74 74 60 17 17 59 1 59 59 59 76 20 20 30 0 0 0 0 0 0 0 0 0 0
0 0 0 0 0 0 0 0 0 0 0 0 0 0 0 0 0 40 75 51 51 51 61 6 58 58 74 60 60 17 64 59 59 59 76 76 76 20 30 30 0 0 0 0 0 0 0 0 0 0
0 0 0 0 0 0 0 0 0 0 0 0 0 0 0 0 0 96 75 26 51 51 61 6 58 74 74 60 17 17 64 100 76 76 76 20 20 20 30 0 0 0 0 0 0 0 0 0 0 0
0 0 0 0 0 0 0 0 0 0 0 0 0 0 0 0 0 96 80 26 38 51 61 6 58 74 60 60 17 64 64 20 20 20 20 20 30 30 30 0 0 0 0 0 0 0 0 0 0 0
0 0 0 0 0 0 0 0 0 0 0 0 0 0 0 0 0 80 80 27 38 61 61 58 58 74 60 17 17 64 20 20 30 30 30 30 30 0 0 0 0 0 0 0 0 0 0 0 0 0
0 0 0 0 0 0 0 0 0 0 0 0 0 0 0 80 80 80 55 27 38 61 58 58 74 74 60 17 64 64 20 30 30 0 0 0 0 0 0 0 0 0 0 0 0 0 0 0 0 0
0 0 0 0 0 0 0 0 0 0 0 0 0 0 0 80 52 52 55 10 38 61 74 58 74 60 60 17 64 20 20 12 12 12 0 0 0 0 0 0 0 0 0 0 0 0 0 0 0 0
0 0 0 0 0 0 0 0 0 0 0 0 0 0 0 80 52 16 16 10 60 60 74 74 74 60 17 17 64 46 46 46 46 12 12 0 0 0 0 0 0 0 0 0 0 0 0 0 0 0
0 0 0 0 0 0 0 0 0 0 0 0 0 0 0 80 52 16 5 24 24 60 60 60 60 60 17 53 53 53 53 53 46 46 12 0 0 0 12 12 12 12 12 12 12 0 0 0 0 0
0 0 0 0 0 0 0 0 0 0 0 0 0 0 0 80 52 16 16 16 24 24 24 90 17 17 17 48 3 3 3 53 85 46 12 12 12 12 12 46 46 46 46 46 72 72 0 0 0 0
0 0 0 0 0 0 0 0 0 0 0 0 0 0 0 80 52 52 52 16 16 16 24 67 67 67 48 48 15 15 3 53 46 46 46 46 46 46 46 46 53 53 53 53 87 70 0 0 0 0
0 0 0 0 0 0 0 0 0 0 0 0 0 0 0 32 52 62 62 62 7 68 68 68 56 11 11 11 11 15 3 53 53 53 53 53 53 53 53 53 53 87 87 87 87 70 0 0 0 0
0 0 0 0 0 0 0 0 0 0 0 0 0 0 0 32 69 62 71 62 66 66 66 68 94 11 65 82 13 15 3 3 81 33 33 33 8 87 87 87 87 87 70 70 70 70 0 0 0 0
0 0 0 0 0 0 0 0 0 0 0 0 0 0 0 32 32 32 71 71 71 71 66 66 66 66 65 82 13 50 50 33 33 33 57 78 8 43 43 43 70 70 70 0 0 0 0 0 0 0
0 0 0 0 0 0 0 0 0 0 0 0 0 0 0 0 0 32 32 32 32 71 71 65 65 65 65 82 13 13 47 47 57 57 57 78 22 22 22 43 43 0 0 0 0 0 0 0 0 0
0 0 0 0 0 0 0 0 0 0 0 0 0 0 0 0 0 0 0 0 32 32 54 54 82 82 82 82 13 13 13 13 57 99 57 78 78 34 22 22 43 0 0 0 0 0 0 0 0 0
0 0 0 0 0 0 0 0 0 0 0 0 0 0 0 0 0 0 0 0 84 32 32 54 82 13 13 13 13 41 41 99 99 99 57 57 39 39 39 22 43 0 0 0 0 0 0 0 0 0
0 0 0 0 0 0 0 0 0 0 0 0 0 0 0 0 0 0 0 0 84 54 54 54 82 13 41 41 41 41 0 0 0 14 14 57 39 0 0 22 43 0 0 0 0 0 0 0 0 0
0 0 0 0 0 0 0 0 0 0 0 0 0 0 0 0 0 0 0 0 84 54 82 82 82 13 41 0 0 0 0 0 0 0 14 57 39 0 0 35 43 0 0 0 0 0 0 0 0 0
0 0 0 0 0 0 0 0 0 0 0 0 0 0 84 84 84 84 84 84 84 54 82 13 13 13 41 0 0 0 0 0 0 0 14 57 39 0 0 0 0 0 0 0 0 0 0 0 0 0
0 0 0 0 0 0 0 0 0 0 0 0 0 0 84 54 54 54 54 54 54 54 82 13 41 41 41 0 0 0 0 0 0 0 14 57 39 0 0 0 0 0 0 0 0 0 0 0 0 0
0 0 0 0 0 0 0 0 0 31 84 84 84 84 84 54 44 44 44 44 44 37 82 13 41 0 0 0 0 0 0 0 0 0 14 57 39 0 0 0 0 0 0 0 0 0 0 0 0 0
0 0 0 0 0 0 0 0 31 31 49 54 54 54 54 54 44 23 23 23 37 37 82 13 41 0 0 0 0 0 0 0 0 0 14 57 39 0 0 0 0 0 0 0 0 0 0 0 0 0
0 0 0 0 0 0 0 0 31 49 49 89 44 44 44 44 44 23 0 23 41 82 82 86 41 0 0 0 0 0 0 0 0 0 14 57 39 0 0 0 0 0 0 0 0 0 0 0 0 0
0 0 0 0 0 0 0 0 31 49 18 18 18 63 23 23 23 23 0 0 41 82 28 86 41 0 0 0 0 0 0 0 0 14 14 57 39 0 0 0 0 0 0 0 0 0 0 0 0 0
0 0 0 0 0 0 31 31 31 49 79 0 0 0 0 0 0 0 0 0 41 82 82 41 41 0 0 0 0 0 0 0 0 14 57 57 39 0 0 0 0 0 0 0 0 0 0 0 0 0
0 0 0 0 0 0 31 49 49 49 79 0 0 0 0 0 0 0 0 0 41 41 41 41 0 0 0 0 0 0 0 0 0 14 57 39 39 0 0 0 0 0 0 0 0 0 0 0 0 0
0 0 0 0 0 0 79 83 79 79 79 0 0 0 0 0 0 0 0 0 0 0 0 0 0 0 0 0 0 0 0 0 0 14 57 57 39 39 39 0 0 0 0 0 0 0 0 0 0 0
0 0 0 0 0 0 79 79 79 0 0 0 0 0 0 0 0 0 0 0 0 0 0 0 0 0 0 0 0 0 0 0 0 14 14 57 57 92 39 0 0 0 0 0 0 0 0 0 0 0
0 0 0 0 0 0 0 0 0 0 0 0 0 0 0 0 0 0 0 0 0 0 0 0 0 0 0 0 0 0 0 0 0 0 14 14 14 39 39 0 0 0 0 0 0 0 0 0 0 0
0 0 0 0 0 0 0 0 0 0 0 0 0 0 0 0 0 0 0 0 0 0 0 0 0 0 0 0 0 0 0 0 0 0 0 0 0 0 0 0 0 0 0 0 0 0 0 0 0 0
0 0 0 0 0 0 0 0 0 0 0 0 0 0 0 0 0 0 0 0 0 0 0 0 0 0 0 0 0 0 0 0 0 0 0 0 0 0 0 0 0 0 0 0 0 0 0 0 0 0
0 0 0 0 0 0 0 0 0 0 0 0 0 0 0 0 0 0 0 0 0 0 0 0 0 0 0 0 0 0 0 0 0 0 0 0 0 0 0 0 0 0 0 0 0 0 0 0 0 0
0 0 0 0 0 0 0 0 0 0 0 0 0 0 0 0 0 0 0 0 0 0 0 0 0 0 0 0 0 0 0 0 0 0 0 0 0 0 0 0 0 0 0 0 0 0 0 0 0 0
