0 0 0 0 0 0 0 0 0 0 0 0 0 0 0 0 0 0 0 0 0 0 0 0 0 0 0 0 0 0 0 0 0 0 0 0 0 0 0 0 0 0 0 0 0 0 0 0 0 0
0 0 0 0 0 0 0 0 0 0 0 0 0 0 0 0 0 0 0 0 0 0 0 0 0 0 0 0 0 0 0 0 0 0 0 0 0 0 0 0 0 0 0 0 0 0 0 0 0 0
0 0 0 0 0 0 0 0 0 0 0 0 0 0 0 0 0 0 0 0 0 0 0 0 0 0 0 0 0 0 0 0 0 0 0 0 0 0 0 0 0 0 0 0 0 0 0 0 0 0
0 0 0 0 66 66 0 0 0 0 0 0 0 0 0 0 0 0 0 0 0 0 0 0 0 0 0 0 0 0 0 0 0 0 0 0 0 0 0 0 0 0 0 0 0 0 0 0 0 0
0 0 0 0 44 65 0 0 0 0 0 0 0 0 0 0 0 0 0 0 0 0 0 0 0 0 0 0 0 0 0 0 0 0 0 0 0 0 0 0 0 0 0 0 0 0 0 0 0 0
0 0 0 0 44 24 24 24 13 13 0 0 0 0 0 0 0 0 0 0 0 0 0 0 0 0 0 0 0 0 0 0 0 0 0 0 0 0 0 0 0 0 0 0 0 0 0 0 0 0
0 0 0 0 44 44 3 73 73 13 0 0 0 0 0 0 0 0 0 0 0 0 0 0 0 0 0 0 0 0 0 0 0 0 0 0 0 0 0 0 0 0 0 0 0 0 0 0 0 0
0 0 0 0 0 0 3 32 73 13 0 0 0 0 0 0 0 0 0 0 0 0 0 0 0 0 0 0 0 87 19 64 64 0 0 0 0 0 0 0 0 0 0 0 0 0 0 0 0 0
0 0 0 0 0 0 0 32 73 13 13 0 0 0 0 0 0 0 0 0 0 0 0 0 0 0 0 99 99 99 19 19 39 39 0 0 0 0 0 0 0 0 0 0 0 0 0 0 0 0
0 0 0 0 0 0 0 32 73 73 13 13 13 13 13 0 0 0 0 0 0 0 0 0 0 0 0 99 34 34 34 57 57 39 0 0 0 88 88 88 88 88 88 88 59 0 0 0 0 0
0 0 0 0 0 0 0 32 32 73 13 72 72 72 7 0 0 0 0 0 0 0 0 0 0 0 0 99 34 92 92 46 57 39 0 0 88 88 100 100 100 100 100 100 100 0 0 0 0 0
0 0 0 0 0 0 0 0 32 73 73 73 4 72 49 49 97 97 97 97 97 97 0 0 0 0 99 99 34 92 46 46 57 39 0 0 88 100 100 54 54 54 54 54 100 0 0 0 0 0
0 0 0 0 0 0 0 0 32 32 32 32 4 89 89 84 84 84 84 84 84 97 97 0 0 0 99 34 34 92 46 57 57 39 39 39 39 100 54 54 18 18 18 54 100 0 0 0 0 0
0 0 0 0 0 0 0 0 0 0 32 22 4 26 89 89 67 67 67 67 84 84 97 0 0 0 99 34 92 92 46 57 57 57 57 57 57 57 54 18 18 16 18 54 100 0 0 0 0 0
0 0 0 0 0 0 0 0 0 0 32 22 63 26 67 89 67 11 11 67 67 84 97 97 0 0 99 34 92 46 46 57 57 57 94 94 94 94 54 18 16 16 18 18 16 0 0 0 0 0
0 0 0 0 0 0 0 0 0 0 32 22 63 38 67 67 67 11 74 11 67 84 84 97 99 0 99 34 92 46 46 57 57 94 94 25 25 25 18 18 16 16 16 16 16 0 0 0 0 0
0 0 0 0 0 0 0 0 0 0 32 22 69 11 11 11 11 11 11 11 67 67 34 34 99 99 99 34 92 92 46 57 94 94 25 25 16 16 16 16 16 0 0 0 0 0 0 0 0 0
0 0 0 0 0 0 0 0 0 0 32 22 28 28 28 28 28 11 6 6 6 36 36 34 34 99 99 34 34 92 46 57 94 25 25 16 16 0 0 0 0 0 0 0 0 0 0 0 0 0
0 0 0 0 0 0 0 0 0 0 32 22 22 22 22 22 28 11 6 6 11 61 36 36 34 99 99 99 34 92 46 46 94 25 16 16 0 0 0 0 0 0 0 0 0 0 0 0 0 0
0 0 0 0 0 0 0 0 0 0 32 32 32 32 32 22 28 11 11 11 11 61 61 36 34 99 99 99 34 92 92 98 94 25 16 0 0 0 0 0 0 0 0 0 0 0 0 0 0 0
0 0 0 0 0 0 0 0 0 0 0 0 0 33 32 22 28 28 28 28 11 11 61 36 34 99 99 99 34 34 92 37 94 25 16 0 0 0 0 0 0 0 0 0 0 0 0 0 0 0
0 0 0 0 0 0 0 0 0 0 0 0 0 33 76 22 31 31 31 28 28 11 61 36 34 34 34 34 34 34 92 37 25 25 16 0 0 0 0 0 0 0 0 0 0 0 0 0 0 0
0 0 0 0 0 0 0 0 0 0 0 0 0 33 31 31 31 93 31 28 60 11 61 36 36 36 36 92 92 92 92 37 25 16 16 50 50 0 0 0 0 0 0 0 0 0 0 0 0 0
0 0 0 0 0 0 0 0 0 0 0 0 0 93 93 93 93 93 31 28 60 91 61 61 75 75 92 92 37 37 37 37 25 25 45 45 50 0 0 0 0 0 0 0 0 0 0 0 0 0
0 0 0 0 0 0 0 0 0 0 0 0 0 0 0 0 0 93 31 28 1 91 78 61 61 71 92 92 79 17 17 17 17 14 14 85 50 0 0 0 0 0 0 0 0 0 0 0 0 0
0 0 0 0 0 0 0 0 0 0 0 0 0 0 0 0 0 93 31 28 78 78 78 78 78 71 79 79 79 40 40 40 40 40 14 85 15 0 0 0 0 0 0 0 0 0 0 0 0 0
0 0 0 0 0 0 0 0 0 0 0 0 0 0 0 0 0 93 31 31 31 48 48 48 78 71 77 40 40 40 30 30 30 58 14 85 15 0 0 0 0 0 0 0 0 0 0 0 0 0
0 0 0 0 0 0 0 0 0 0 0 0 0 0 0 0 0 93 93 93 93 48 48 48 78 53 53 53 41 30 30 95 30 30 14 43 15 0 0 0 0 0 0 0 0 0 0 0 0 0
0 0 0 0 0 0 0 0 0 0 0 0 0 0 0 0 0 0 0 0 0 48 78 78 78 78 78 70 41 30 95 95 90 30 30 43 15 0 0 0 0 0 0 0 0 0 0 0 0 0
0 0 0 0 0 0 0 0 0 0 0 0 0 0 0 0 0 0 0 0 0 48 78 29 29 29 29 29 29 30 95 81 90 90 30 43 15 0 0 0 0 0 0 0 0 0 0 0 0 0
0 0 0 0 0 0 0 0 0 0 0 0 0 0 0 0 0 0 0 0 0 48 78 78 82 95 95 95 95 95 95 81 81 90 30 43 15 0 0 0 0 0 0 0 0 0 0 0 0 0
0 0 0 0 0 0 0 0 0 0 0 0 0 0 0 0 0 48 48 48 48 48 48 78 82 81 81 81 81 81 81 81 81 90 30 43 15 0 0 0 0 0 0 0 0 0 0 0 0 0
0 0 0 0 0 0 0 0 0 0 0 0 0 0 48 48 48 48 5 5 5 48 48 78 82 96 0 0 0 0 0 0 81 90 30 43 15 0 0 0 0 0 0 0 0 0 0 0 0 0
0 0 0 0 0 0 0 0 0 0 0 0 0 0 48 5 5 5 5 12 78 78 78 78 82 96 0 0 0 0 0 0 81 90 30 43 15 15 15 15 0 0 0 0 0 0 0 0 0 0
0 0 0 0 0 0 0 0 0 0 0 8 8 8 48 5 51 51 5 12 42 82 82 82 82 96 0 0 0 0 0 0 81 90 30 43 43 43 43 20 20 62 62 0 0 0 0 0 0 0
0 0 0 0 0 0 0 0 0 0 0 8 21 5 5 5 51 51 5 82 82 82 96 96 96 96 0 0 0 0 0 0 81 90 30 30 30 30 83 83 83 83 62 0 0 0 0 0 0 0
0 0 0 0 0 0 0 0 0 0 0 8 52 52 52 23 51 51 51 51 51 51 51 51 96 0 0 0 0 0 0 0 81 90 90 90 90 9 83 80 80 83 62 0 0 0 0 0 0 0
0 0 0 0 0 0 0 0 0 0 0 8 27 68 86 86 86 86 86 86 86 86 86 51 96 0 0 0 0 0 0 0 81 81 81 2 80 80 80 80 80 83 62 0 0 0 0 0 0 0
0 0 0 0 0 0 0 0 0 0 47 35 0 68 68 68 68 68 68 68 68 68 51 51 96 0 0 0 0 0 0 0 0 0 0 2 10 10 10 10 80 83 62 0 0 0 0 0 0 0
0 0 0 0 0 0 0 0 0 0 0 0 0 0 0 0 0 0 0 0 0 68 56 96 96 0 0 0 0 0 0 0 0 0 0 0 0 0 0 10 80 83 62 0 0 0 0 0 0 0
0 0 0 0 0 0 0 0 0 0 0 0 0 0 0 0 0 0 0 0 0 0 0 0 0 0 0 0 0 0 0 0 0 0 0 0 0 0 0 10 80 83 62 0 0 0 0 0 0 0
0 0 0 0 0 0 0 0 0 0 0 0 0 0 0 0 0 0 0 0 0 0 0 0 0 0 0 0 0 0 0 0 0 0 0 0 0 0 0 10 80 83 62 62 62 62 0 0 0 0
0 0 0 0 0 0 0 0 0 0 0 0 0 0 0 0 0 0 0 0 0 0 0 0 0 0 0 0 0 0 0 0 0 0 0 0 0 0 0 10 80 83 83 83 83 62 0 0 0 0
0 0 0 0 0 0 0 0 0 0 0 0 0 0 0 0 0 0 0 0 0 0 0 0 0 0 0 0 0 0 0 0 0 0 0 0 0 0 0 10 80 80 80 80 80 55 0 0 0 0
0 0 0 0 0 0 0 0 0 0 0 0 0 0 0 0 0 0 0 0 0 0 0 0 0 0 0 0 0 0 0 0 0 0 0 0 0 0 0 10 10 10 10 10 10 10 0 0 0 0
0 0 0 0 0 0 0 0 0 0 0 0 0 0 0 0 0 0 0 0 0 0 0 0 0 0 0 0 0 0 0 0 0 0 0 0 0 0 0 0 0 0 0 0 0 0 0 0 0 0
0 0 0 0 0 0 0 0 0 0 0 0 0 0 0 0 0 0 0 0 0 0 0 0 0 0 0 0 0 0 0 0 0 0 0 0 0 0 0 0 0 0 0 0 0 0 0 0 0 0
0 0 0 0 0 0 0 0 0 0 0 0 0 0 0 0 0 0 0 0 0 0 0 0 0 0 0 0 0 0 0 0 0 0 0 0 0 0 0 0 0 0 0 0 0 0 0 0 0 0
0 0 0 0 0 0 0 0 0 0 0 0 0 0 0 0 0 0 0 0 0 0 0 0 0 0 0 0 0 0 0 0 0 0 0 0 0 0 0 0 0 0 0 0 0 0 0 0 0 0
0 0 0 0 0 0 0 0 0 0 0 0 0 0 0 0 0 0 0 0 0 0 0 0 0 0 0 0 0 0 0 0 0 0 0 0 0 0 0 0 0 0 0 0 0 0 0 0 0 0
