0 0 0 0 0 0 0 0 0 0 0 0 0 0 0 0 0 0 0 0 0 0 0 0 0 0 0 0 0 0 0 0 0 0 0 0 0 0 0 0 0 0 0 0 0 0 0 0 0 0
0 0 0 0 0 0 0 0 0 0 0 0 0 0 0 0 0 0 0 0 0 0 0 0 0 0 0 0 0 0 0 0 0 0 0 0 0 0 0 0 0 0 0 0 0 0 0 0 0 0
0 0 0 0 0 0 0 0 0 0 0 0 0 0 0 0 0 0 0 0 0 0 0 0 0 0 0 0 0 0 0 0 0 0 0 0 0 0 0 0 0 0 0 0 0 0 0 0 0 0
0 0 0 0 0 0 0 0 0 0 0 0 0 0 0 0 0 0 0 0 0 0 0 0 0 0 0 0 0 0 0 0 0 0 0 0 0 0 0 0 0 0 0 0 0 0 0 0 0 0
0 0 0 0 0 5 5 5 5 5 0 0 0 0 0 0 0 0 0 0 0 0 0 0 0 0 0 0 0 0 0 0 0 0 0 0 0 0 0 0 0 0 0 0 0 0 0 0 0 0
0 0 0 0 0 5 69 69 69 5 0 0 0 0 0 0 0 0 0 0 0 0 0 0 0 0 0 0 0 0 0 0 0 0 0 0 0 0 0 32 40 85 85 0 0 0 0 0 0 0
0 0 0 0 0 79 93 79 69 5 0 0 0 0 0 0 0 0 0 0 0 0 0 0 0 0 0 0 0 0 0 0 0 0 0 0 0 0 32 32 2 25 85 0 0 0 0 0 0 0
0 0 0 0 0 79 79 79 69 5 0 0 0 0 0 0 0 0 0 0 0 0 0 0 0 0 0 0 0 0 0 0 0 0 0 0 0 0 32 2 2 25 85 78 0 0 0 0 0 0
0 0 0 0 0 0 0 79 69 5 72 72 72 72 72 0 0 0 0 0 0 0 0 0 0 0 0 0 0 0 0 0 0 0 0 0 0 0 32 2 25 25 85 29 0 0 0 0 0 0
0 0 0 0 0 0 0 79 69 5 72 34 34 34 72 0 0 0 0 0 0 0 0 0 0 0 0 0 0 0 0 0 0 0 0 0 0 0 32 2 25 75 75 29 0 0 0 0 0 0
0 0 0 0 0 0 0 79 69 69 69 69 96 34 72 0 0 0 0 0 0 0 0 0 0 0 0 0 0 0 0 0 0 0 0 0 32 32 32 2 25 81 29 29 0 0 0 0 0 0
0 0 0 0 0 0 0 79 79 79 64 70 96 33 72 72 0 0 0 0 0 0 0 0 0 0 0 0 0 0 0 0 0 0 32 32 32 2 2 2 25 81 0 0 0 0 0 0 0 0
0 0 0 0 0 0 0 0 0 0 64 70 11 33 87 72 72 72 72 0 0 0 0 0 0 0 0 0 0 0 0 0 0 0 32 2 2 2 25 25 25 81 0 0 0 0 0 0 0 0
0 0 0 0 0 0 0 0 0 0 64 70 11 11 87 87 87 87 12 0 0 0 0 0 0 0 0 0 0 0 0 0 0 32 32 2 25 25 25 81 81 81 0 0 0 0 0 0 0 0
0 0 0 0 0 0 0 0 0 0 64 70 70 11 11 11 11 65 12 12 12 0 0 0 0 0 0 0 0 0 32 32 32 32 2 2 25 81 81 81 0 0 0 0 0 0 0 0 0 0
0 0 0 0 0 0 0 0 0 0 64 64 70 70 70 70 11 65 65 65 12 12 12 0 0 0 0 0 32 32 32 2 2 2 2 25 25 81 0 0 0 0 0 0 0 0 0 0 0 0
0 0 0 0 0 0 0 0 0 0 0 64 64 64 64 70 11 11 11 65 65 65 12 0 0 46 32 32 32 2 2 2 25 25 25 25 81 81 0 0 0 0 0 0 0 0 0 0 0 0
0 0 0 0 0 0 0 0 0 0 0 0 0 0 64 70 70 70 11 11 11 55 12 0 0 46 9 2 2 2 25 25 25 81 81 81 81 0 0 0 0 0 0 37 37 37 37 0 0 0
0 0 0 0 0 0 0 0 0 0 0 0 0 0 64 64 64 70 70 70 11 55 46 46 46 46 9 54 67 25 25 81 81 81 0 0 0 0 0 0 0 37 37 37 36 91 37 0 0 0
0 0 0 0 0 0 0 0 0 0 0 0 0 0 0 0 64 64 64 70 11 55 9 9 9 9 9 54 68 25 81 81 0 0 0 0 0 0 37 37 37 37 36 36 36 57 37 0 0 0
0 0 0 0 0 0 0 0 0 0 0 0 0 0 0 0 0 0 64 70 11 11 11 26 26 26 26 54 68 81 81 0 0 0 0 0 0 0 37 36 36 36 36 57 57 57 0 0 0 0
0 0 0 0 0 0 0 0 0 0 0 0 0 0 0 0 0 0 64 70 70 11 20 20 42 42 26 74 68 81 0 0 0 37 37 37 37 37 37 36 57 57 57 57 0 0 0 0 0 0
0 0 0 0 0 0 0 0 0 0 0 0 0 0 0 0 63 0 64 64 70 70 20 48 48 58 58 74 68 81 0 0 0 37 36 36 36 36 36 36 57 0 0 0 0 0 0 0 0 0
0 0 0 0 0 0 0 0 0 0 0 0 0 0 0 0 64 64 64 64 64 70 19 48 82 82 58 74 68 81 81 81 81 81 36 57 57 57 57 57 57 0 0 0 0 0 0 0 0 0
0 0 0 0 0 0 0 0 0 0 0 0 0 0 0 27 27 27 27 64 10 70 43 43 82 58 58 74 68 68 68 68 68 36 36 57 0 0 0 0 0 0 0 0 0 0 0 0 0 0
0 0 0 0 0 0 0 0 0 0 0 0 0 0 0 38 24 24 86 86 86 86 86 82 82 18 74 74 68 23 23 23 68 59 57 57 0 0 0 0 0 0 0 0 0 0 0 0 0 0
0 0 0 0 0 0 0 0 0 0 0 0 0 0 0 38 99 52 52 52 52 82 82 82 3 18 47 74 74 74 80 23 68 23 23 16 0 0 0 0 0 0 0 0 0 0 0 0 0 0
0 0 0 0 0 0 0 0 0 0 0 0 0 0 0 0 99 52 15 17 50 50 49 49 3 3 47 74 74 47 21 23 68 23 71 71 71 0 76 41 41 41 41 41 0 0 0 0 0 0
0 0 0 0 0 0 0 0 0 0 0 0 0 0 39 39 99 52 15 17 17 84 84 61 61 3 47 47 47 47 21 23 23 23 28 28 71 71 71 41 71 71 71 41 0 0 0 0 0 0
0 0 0 0 0 0 0 0 0 0 0 0 0 0 39 100 100 52 15 60 97 97 84 84 61 3 21 21 21 21 21 73 73 73 73 28 28 28 71 71 71 1 62 41 0 0 0 0 0 0
0 0 0 0 0 0 0 0 0 0 0 0 0 0 39 88 13 13 13 60 30 95 95 84 61 3 3 89 89 89 89 89 51 51 73 73 73 28 28 28 28 1 41 41 0 0 0 0 0 0
0 0 0 0 0 0 0 0 0 0 0 0 0 0 0 88 13 60 60 60 30 30 95 84 61 61 3 3 3 3 3 89 89 51 51 51 73 73 73 73 28 1 41 0 0 0 0 0 0 0
0 0 0 0 0 0 0 0 0 0 0 0 0 88 88 88 13 60 0 0 0 30 95 84 84 61 61 61 61 61 3 3 89 51 66 51 51 51 51 73 28 1 41 0 0 0 0 0 0 0
0 0 0 0 0 0 0 0 0 0 88 88 88 88 13 13 13 60 0 0 0 30 95 95 84 84 84 84 84 61 61 61 94 51 66 66 66 66 51 51 1 1 41 0 0 0 0 0 0 0
0 0 0 0 0 0 0 0 0 0 88 13 13 13 13 60 60 60 0 0 0 30 30 95 95 95 95 95 84 84 84 4 94 66 66 14 66 51 51 51 83 6 41 0 0 0 0 0 0 0
0 0 0 0 0 0 0 0 0 88 88 13 60 60 60 60 0 0 0 0 0 0 30 30 30 30 30 95 95 95 84 94 94 66 14 14 66 51 44 51 83 53 53 0 0 0 0 0 0 0
0 0 0 0 0 0 0 0 0 88 13 13 60 0 0 0 0 0 0 0 0 0 0 0 0 0 30 30 30 95 95 94 66 66 14 7 66 66 51 51 45 45 53 0 0 0 0 0 0 0
0 0 0 0 0 0 0 0 0 88 13 60 60 0 0 0 0 0 0 0 0 0 0 0 0 0 0 0 30 30 95 98 66 14 14 7 77 66 66 66 66 92 53 0 0 0 0 0 0 0
0 0 0 0 0 0 0 0 88 88 13 60 0 0 0 0 0 0 0 0 0 0 0 0 0 0 0 0 0 30 14 14 14 14 0 0 0 0 0 0 56 92 0 0 0 0 0 0 0 0
0 0 0 0 0 0 0 0 88 13 13 60 0 0 0 0 0 0 0 0 0 0 0 0 0 0 0 0 0 0 0 0 0 0 0 0 0 0 0 0 0 0 0 0 0 0 0 0 0 0
0 0 0 0 0 0 0 88 88 13 60 60 0 0 0 0 0 0 0 0 0 0 0 0 0 0 0 0 0 0 0 0 0 0 0 0 0 0 0 0 0 0 0 0 0 0 0 0 0 0
0 0 0 0 0 0 0 88 13 13 60 8 0 0 0 0 0 0 0 0 0 0 0 0 0 0 0 0 0 0 0 0 0 0 0 0 0 0 0 0 0 0 0 0 0 0 0 0 0 0
0 0 0 0 0 0 88 88 13 60 60 22 0 0 0 0 0 0 0 0 0 0 0 0 0 0 0 0 0 0 0 0 0 0 0 0 0 0 0 0 0 0 0 0 0 0 0 0 0 0
0 0 0 0 0 0 88 13 13 60 31 31 0 0 0 0 0 0 0 0 0 0 0 0 0 0 0 0 0 0 0 0 0 0 0 0 0 0 0 0 0 0 0 0 0 0 0 0 0 0
0 0 0 0 0 35 88 13 60 60 31 0 0 0 0 0 0 0 0 0 0 0 0 0 0 0 0 0 0 0 0 0 0 0 0 0 0 0 0 0 0 0 0 0 0 0 0 0 0 0
0 0 0 0 0 90 90 60 60 31 31 0 0 0 0 0 0 0 0 0 0 0 0 0 0 0 0 0 0 0 0 0 0 0 0 0 0 0 0 0 0 0 0 0 0 0 0 0 0 0
0 0 0 0 0 0 31 31 31 31 0 0 0 0 0 0 0 0 0 0 0 0 0 0 0 0 0 0 0 0 0 0 0 0 0 0 0 0 0 0 0 0 0 0 0 0 0 0 0 0
0 0 0 0 0 0 0 0 0 0 0 0 0 0 0 0 0 0 0 0 0 0 0 0 0 0 0 0 0 0 0 0 0 0 0 0 0 0 0 0 0 0 0 0 0 0 0 0 0 0
0 0 0 0 0 0 0 0 0 0 0 0 0 0 0 0 0 0 0 0 0 0 0 0 0 0 0 0 0 0 0 0 0 0 0 0 0 0 0 0 0 0 0 0 0 0 0 0 0 0
0 0 0 0 0 0 0 0 0 0 0 0 0 0 0 0 0 0 0 0 0 0 0 0 0 0 0 0 0 0 0 0 0 0 0 0 0 0 0 0 0 0 0 0 0 0 0 0 0 0
