0 0 0 0 0 0 0 0 0 0 0 0 0 0 0 0 0 0 0 0 0 0 0 0 0 0 0 0 0 0 0 0 0 0 0 0 17 17 17 17 0 0 0 0 0 0 0 0 0 0
77 77 77 77 77 0 0 0 0 0 0 0 0 0 0 0 0 0 0 0 0 0 0 0 0 0 0 0 0 0 0 0 0 0 0 61 40 40 40 17 0 0 0 0 0 0 0 0 0 0
77 84 84 84 77 0 0 0 0 0 0 0 0 0 0 0 0 0 0 0 0 0 0 0 0 0 0 0 0 0 0 0 0 0 0 61 40 40 40 17 0 0 0 0 0 0 0 0 0 0
77 84 84 84 77 0 0 0 0 0 0 0 0 0 0 0 0 0 0 0 0 0 0 0 0 0 0 0 0 0 0 0 0 0 0 61 40 40 40 17 17 0 0 0 0 0 0 0 0 0
77 84 84 84 77 0 0 0 51 51 51 51 51 0 0 0 0 0 0 0 0 0 0 0 0 0 0 0 0 0 0 0 0 0 0 61 40 40 40 40 17 0 18 18 0 0 0 0 36 0
0 77 77 77 77 77 0 0 51 27 27 27 51 0 0 0 0 0 0 0 0 0 0 0 0 0 0 0 0 0 0 0 0 0 0 61 61 40 40 17 17 17 17 35 35 35 35 35 24 0
0 0 0 0 54 77 77 0 51 27 41 27 51 51 0 0 0 0 0 0 0 0 0 0 0 0 0 0 0 0 0 0 0 0 0 0 61 40 40 17 29 29 29 29 24 24 24 35 24 0
0 0 0 0 62 7 77 0 51 7 20 27 27 51 0 0 0 0 0 0 0 1 1 1 0 0 0 0 0 0 0 0 0 0 0 0 61 40 40 17 29 0 0 0 0 0 24 24 24 0
0 0 0 0 62 7 77 0 0 7 20 20 27 51 0 0 0 1 1 1 1 1 31 1 0 0 0 0 0 0 0 0 0 0 0 0 61 17 17 17 29 0 0 0 0 0 0 0 0 0
0 0 0 0 62 7 77 0 0 7 7 20 27 51 0 0 0 1 34 34 34 34 34 1 0 0 0 0 0 0 0 0 0 0 0 0 61 6 29 29 29 0 0 0 0 0 0 0 0 0
0 0 0 0 62 7 77 0 0 0 7 20 27 51 0 0 0 1 34 45 22 22 34 1 1 1 0 0 0 0 0 0 0 0 0 0 61 29 29 0 0 0 0 0 0 0 0 0 0 0
0 0 0 62 62 7 77 77 77 77 7 20 27 51 51 46 46 1 34 21 50 22 34 34 34 1 0 0 0 0 0 0 0 0 0 61 61 29 0 0 0 0 0 0 0 0 0 0 0 0
0 0 0 62 7 7 7 7 7 77 7 20 27 27 27 27 67 67 34 21 50 22 22 22 34 1 0 0 0 0 0 0 0 61 61 61 29 29 0 0 0 0 0 0 0 0 0 0 0 0
0 0 0 62 62 62 62 62 7 77 7 20 20 20 20 20 20 23 23 21 50 50 50 22 34 1 0 0 0 0 0 0 0 61 29 29 29 0 0 0 0 0 0 0 0 0 0 0 0 0
0 0 0 0 0 0 0 62 7 7 7 7 7 7 7 7 20 20 14 21 21 21 50 22 34 1 1 0 0 0 0 61 61 61 29 0 0 0 0 0 0 0 0 0 0 0 0 0 0 0
0 0 0 0 0 0 0 62 62 62 62 7 7 7 7 7 7 7 14 14 14 21 50 22 34 34 90 0 0 0 0 61 29 29 29 0 0 0 0 0 0 0 0 0 0 0 0 0 0 0
0 0 0 0 0 0 0 0 0 0 62 62 62 62 62 62 62 62 62 62 14 21 50 22 22 34 90 95 95 61 61 61 29 0 0 0 0 0 0 0 0 0 0 0 0 0 0 0 0 0
0 0 0 0 0 0 0 0 0 0 0 0 0 0 0 0 0 0 0 62 14 21 50 50 22 81 81 81 70 61 29 29 29 0 0 0 0 0 0 0 0 0 0 0 0 0 0 0 0 0
0 0 0 0 0 0 0 0 0 0 0 0 0 0 0 0 0 0 0 62 14 21 21 50 22 22 10 70 70 64 29 0 0 0 0 0 0 0 0 0 0 0 0 0 0 0 0 0 0 0
0 0 0 0 0 0 0 0 0 0 0 0 0 0 0 0 0 0 0 62 14 14 21 50 50 22 10 37 48 64 28 0 0 0 0 0 0 0 0 0 0 0 0 0 0 0 0 0 0 0
0 0 0 0 0 0 0 0 0 0 0 0 0 0 0 0 0 0 0 62 72 14 21 21 50 10 10 37 28 28 28 0 0 0 0 0 0 0 0 0 0 0 0 0 0 0 0 0 0 0
0 0 0 0 0 0 0 0 0 0 0 0 0 0 0 0 0 0 0 57 72 68 68 21 50 10 37 37 28 0 0 0 0 0 0 0 0 0 0 0 0 0 0 0 0 0 0 0 0 0
0 0 0 0 0 0 0 0 0 0 0 0 0 0 0 0 0 0 0 57 72 68 21 21 50 91 37 12 28 0 0 0 0 59 59 59 59 0 0 0 0 0 0 0 0 0 0 0 0 0
0 0 0 0 0 0 0 0 0 0 0 0 57 57 57 57 57 57 57 57 72 68 21 50 50 91 65 12 28 0 0 0 0 28 9 9 59 0 0 0 0 0 0 0 0 0 0 0 0 0
0 0 0 0 0 0 100 100 100 100 100 100 100 72 72 72 72 72 72 72 72 68 13 13 85 85 65 12 28 28 28 28 28 28 12 53 59 0 0 0 0 0 0 0 0 0 0 0 0 0
0 0 0 0 0 0 100 63 63 63 63 63 100 72 63 63 63 63 68 68 68 68 58 13 60 43 43 12 28 28 12 12 12 12 12 59 59 0 0 0 0 0 0 0 0 0 0 0 0 0
0 0 0 0 0 0 100 63 74 74 74 63 63 72 63 74 74 58 68 58 58 58 58 2 60 3 3 12 12 12 12 59 59 59 59 59 0 0 0 0 0 0 0 0 0 0 0 0 0 0
0 0 0 0 0 0 100 63 74 71 74 74 63 63 63 74 15 58 58 58 86 86 58 58 60 32 96 12 47 47 47 59 79 0 0 0 0 0 0 0 0 0 0 0 0 0 0 0 0 0
0 0 0 0 0 0 100 63 74 71 71 74 74 63 63 74 15 86 86 86 86 86 86 58 19 32 96 96 96 44 47 47 79 0 0 0 0 0 0 0 0 0 0 0 0 0 0 0 0 0
0 0 0 0 0 0 100 100 71 71 71 71 74 63 74 74 15 86 99 99 99 99 86 86 19 11 11 11 11 44 44 97 79 0 0 0 0 0 0 0 0 0 0 0 0 0 0 0 0 0
0 0 0 0 0 0 0 100 100 100 100 71 74 74 74 15 15 86 99 80 80 99 99 99 99 99 38 38 11 11 49 97 0 0 0 0 0 0 0 0 0 0 0 0 0 0 0 0 0 0
0 0 0 0 0 0 0 0 0 0 100 71 71 71 74 15 86 86 99 80 80 80 80 80 80 39 39 38 38 11 49 56 56 0 0 0 0 0 0 0 0 0 0 0 0 0 0 0 0 0
0 0 0 0 0 0 0 0 0 0 100 100 100 71 74 15 86 86 99 80 33 33 33 8 94 94 5 5 38 11 49 49 56 0 0 0 0 0 0 0 0 0 0 0 0 0 0 0 0 0
0 0 0 0 0 0 0 0 0 0 0 0 100 71 4 15 15 86 99 80 33 0 0 0 0 0 0 5 38 11 11 49 56 0 0 0 0 0 0 0 0 0 0 0 0 0 0 0 0 0
0 0 0 0 0 0 0 0 0 0 0 0 100 71 66 66 15 86 99 80 33 0 0 0 0 0 0 5 38 26 11 49 56 0 0 0 0 0 0 0 0 0 0 0 0 0 0 0 0 0
0 0 0 0 0 0 0 0 0 0 0 0 100 98 98 66 15 86 99 80 33 0 0 0 0 0 0 5 38 38 49 49 56 0 0 0 0 0 0 0 0 0 0 0 0 0 0 0 0 0
0 0 0 0 0 0 0 0 0 0 0 0 92 92 42 66 15 86 99 80 33 0 0 0 0 0 0 5 5 38 49 49 56 0 0 0 0 0 0 0 0 0 0 0 0 0 0 0 0 0
0 0 0 0 0 0 0 0 0 0 0 0 0 0 42 66 15 86 99 80 33 0 0 0 0 0 0 0 5 38 38 49 56 0 0 0 0 0 0 0 0 0 0 0 0 0 0 0 0 0
0 0 0 0 0 0 0 0 0 0 0 0 0 0 42 66 15 86 99 80 33 0 0 0 0 0 0 0 5 5 38 49 56 56 56 0 0 0 0 0 0 0 0 0 0 0 0 0 0 0
0 0 0 0 0 0 0 0 0 42 42 42 42 42 42 66 52 99 99 80 33 0 0 0 0 0 0 0 0 5 38 49 49 49 56 56 56 56 0 56 56 56 0 0 30 30 0 0 0 0
0 0 0 0 0 0 0 0 0 55 52 52 52 52 52 52 52 80 80 80 33 0 0 0 0 0 0 0 0 5 38 38 38 49 49 49 49 56 56 56 88 56 56 56 56 76 0 0 0 0
0 0 0 0 0 0 0 0 0 55 89 87 87 87 80 80 80 80 33 33 33 0 0 0 0 0 0 0 0 5 5 5 38 38 38 38 49 88 88 88 88 88 88 88 88 88 0 0 0 0
0 0 0 0 0 0 0 0 0 55 55 55 55 87 75 75 33 33 33 0 0 0 0 0 0 0 0 0 0 0 0 5 5 5 25 93 73 73 0 0 0 0 0 0 0 0 0 0 0 0
0 0 0 0 0 0 0 0 82 82 82 55 87 87 83 0 0 0 0 0 0 0 0 0 0 0 0 0 0 0 0 0 0 5 69 69 69 5 0 0 0 0 0 0 0 0 0 0 0 0
0 0 0 0 0 0 0 0 82 83 82 16 87 83 83 0 0 0 0 0 0 0 0 0 0 0 0 0 0 0 0 0 0 5 5 5 5 5 0 0 0 0 0 0 0 0 0 0 0 0
0 0 0 0 0 0 0 78 82 83 82 82 82 83 0 0 0 0 0 0 0 0 0 0 0 0 0 0 0 0 0 0 0 0 0 0 0 0 0 0 0 0 0 0 0 0 0 0 0 0
0 0 0 0 0 0 0 0 0 83 83 83 83 83 0 0 0 0 0 0 0 0 0 0 0 0 0 0 0 0 0 0 0 0 0 0 0 0 0 0 0 0 0 0 0 0 0 0 0 0
0 0 0 0 0 0 0 0 0 0 0 0 0 0 0 0 0 0 0 0 0 0 0 0 0 0 0 0 0 0 0 0 0 0 0 0 0 0 0 0 0 0 0 0 0 0 0 0 0 0
0 0 0 0 0 0 0 0 0 0 0 0 0 0 0 0 0 0 0 0 0 0 0 0 0 0 0 0 0 0 0 0 0 0 0 0 0 0 0 0 0 0 0 0 0 0 0 0 0 0
0 0 0 0 0 0 0 0 0 0 0 0 0 0 0 0 0 0 0 0 0 0 0 0 0 0 0 0 0 0 0 0 0 0 0 0 0 0 0 0 0 0 0 0 0 0 0 0 0 0
