0 0 0 0 0 0 0 0 0 0 0 0 0 0 0 0 0 0 0 0 0 0 0 0 0 0 0 0 0 0 0 0 0 0 0 0 0 0 0 0 0 0 0 0 0 0 0 0 0 0
0 0 0 0 0 0 0 0 0 0 0 0 0 0 0 0 0 0 0 0 0 0 0 0 0 0 0 0 0 0 0 0 0 0 0 0 0 0 0 0 0 0 0 0 0 0 0 0 0 0
0 0 0 0 0 0 0 0 0 0 0 0 0 0 0 0 0 0 0 0 0 0 0 0 0 0 0 0 0 0 0 0 0 0 0 0 0 0 0 0 0 0 0 0 0 0 0 0 0 0
0 0 0 0 0 0 0 0 0 0 0 0 0 0 0 0 0 0 0 0 0 0 0 0 0 0 0 0 0 0 0 0 0 0 0 0 0 0 0 0 0 0 0 0 0 0 0 0 0 0
0 0 0 0 0 0 0 0 0 0 0 0 0 0 0 0 0 0 0 0 0 0 0 0 0 0 0 0 0 0 0 0 0 0 48 48 48 48 59 59 0 0 0 0 0 0 0 0 0 0
0 0 0 0 0 0 0 0 0 0 0 0 0 0 0 0 0 0 0 0 0 0 0 0 0 0 0 0 0 0 0 0 0 0 48 43 43 69 69 59 59 59 0 0 0 0 0 0 0 0
0 0 0 0 0 0 0 0 0 0 0 0 0 0 0 0 0 0 0 0 0 0 0 0 0 0 0 0 0 76 76 76 76 76 48 43 83 35 69 69 69 99 0 0 0 0 0 0 0 0
0 0 0 0 0 0 0 0 0 0 0 0 0 0 0 0 0 0 0 0 0 0 0 0 0 0 76 76 76 76 57 57 57 57 48 43 83 35 35 35 62 99 0 0 0 0 0 0 0 0
0 0 0 0 0 0 0 0 0 40 11 52 56 56 0 0 0 0 0 0 0 0 0 0 0 0 76 57 57 57 57 83 83 57 48 43 83 83 83 35 62 86 0 0 0 0 0 0 0 0
0 0 0 0 0 0 0 0 0 39 11 85 85 56 1 33 0 0 0 0 0 0 0 0 0 0 76 57 8 8 8 82 83 57 57 43 43 43 83 35 62 0 0 0 0 0 0 0 0 0
0 0 0 0 0 0 0 0 0 39 68 68 85 85 1 64 0 0 0 0 0 0 0 0 0 0 76 57 8 82 82 82 83 57 83 83 83 83 83 35 62 0 0 0 0 0 0 0 0 0
0 0 0 0 0 0 0 0 0 39 7 68 68 85 85 64 0 0 0 0 0 0 0 0 0 0 76 57 8 82 83 83 83 57 83 35 35 35 35 35 62 0 0 0 0 0 0 0 0 0
0 0 0 0 0 0 0 0 0 0 7 96 13 13 85 64 0 0 0 0 0 0 0 0 0 0 76 57 8 82 83 57 57 57 83 35 62 62 62 62 62 0 0 0 0 0 0 0 0 0
0 0 0 0 7 7 7 7 7 7 7 46 46 13 85 64 64 64 0 0 0 0 0 0 0 76 76 57 8 82 83 57 57 57 83 35 62 95 95 95 95 0 0 0 0 0 0 0 0 0
0 0 0 0 7 72 72 72 72 72 72 72 72 13 85 85 85 64 0 0 0 0 0 0 0 76 57 57 8 82 83 83 83 83 83 35 62 62 62 62 95 0 0 0 0 0 0 0 0 0
0 0 0 0 77 47 47 47 47 47 47 47 72 13 13 13 85 64 0 0 0 0 0 0 0 76 57 8 8 82 83 35 35 35 35 35 27 19 19 94 95 0 0 0 0 0 0 0 0 0
0 0 0 0 77 77 77 77 77 77 77 47 72 72 72 13 85 64 0 0 0 0 0 0 0 76 57 8 82 82 35 35 18 18 18 35 35 35 2 94 95 0 0 0 0 0 0 0 0 0
0 0 0 0 77 47 47 47 47 77 77 47 47 72 13 13 85 64 64 64 64 64 0 0 0 76 57 8 8 82 18 18 18 44 18 18 35 18 18 94 95 0 0 0 0 0 0 0 0 0
0 0 0 0 77 47 72 72 47 47 47 47 47 72 36 32 32 32 32 32 32 64 64 0 0 76 22 22 8 82 18 44 44 44 44 18 18 18 44 44 44 0 0 0 0 0 0 0 0 0
0 0 0 0 77 77 9 72 72 72 47 47 47 72 36 80 80 80 80 80 32 32 64 64 64 76 22 8 8 82 18 44 44 0 44 44 44 44 44 0 71 0 0 0 0 0 0 0 0 0
0 0 0 0 0 77 9 9 9 72 72 72 72 72 72 72 9 9 9 80 80 32 32 32 64 76 22 8 82 82 18 6 50 0 0 0 0 0 0 0 0 0 0 0 0 0 0 0 0 0
0 0 0 0 0 77 77 77 9 9 9 9 9 9 9 9 9 5 9 9 80 80 80 32 64 64 22 8 60 18 18 78 50 0 0 0 0 0 0 0 0 0 0 0 0 0 0 0 0 0
0 0 0 0 0 29 9 9 9 5 5 5 5 5 5 5 5 5 5 90 80 65 73 32 34 34 34 8 60 87 14 78 50 0 0 0 0 0 0 0 0 0 0 0 0 0 0 0 0 0
0 0 0 0 29 29 9 5 5 5 26 26 26 26 26 26 26 26 5 90 66 66 73 73 34 63 60 60 60 87 78 78 50 0 0 0 0 0 0 0 0 0 0 0 0 0 0 0 0 0
0 0 0 0 29 9 9 5 26 26 26 0 0 0 0 0 0 26 5 90 90 10 10 73 73 63 21 87 87 87 78 50 50 0 0 0 0 0 0 0 0 0 0 0 0 0 0 0 0 0
0 0 0 0 29 9 5 5 26 0 0 0 0 0 0 0 26 26 5 5 90 10 53 53 53 53 21 75 78 78 78 50 0 0 0 0 0 0 0 0 0 0 0 0 0 0 0 0 0 0
0 0 0 0 26 5 5 26 26 0 0 0 0 0 0 0 26 5 5 5 90 10 31 25 97 28 28 75 17 17 17 50 0 0 0 0 0 0 0 0 0 0 0 0 0 0 0 0 0 0
0 0 0 0 26 26 26 26 0 0 0 0 0 0 0 0 26 5 90 90 90 10 31 97 97 67 67 67 67 67 17 50 0 0 0 0 0 0 0 0 0 0 0 0 0 0 0 0 0 0
0 0 0 0 0 0 0 0 0 0 0 0 0 0 0 26 26 5 90 10 10 10 31 97 15 15 24 24 24 67 17 50 50 0 0 0 0 0 0 0 0 0 0 0 0 0 0 0 0 0
0 0 0 0 0 0 0 0 0 0 0 0 0 0 0 26 5 5 90 10 31 31 31 97 15 41 41 30 24 67 17 17 50 0 0 0 0 0 0 0 0 0 0 0 0 0 0 0 0 0
0 0 0 0 0 0 0 0 0 0 0 0 0 0 0 26 5 90 90 10 31 97 97 97 15 41 30 30 24 67 67 17 50 50 50 0 0 0 0 0 0 0 0 0 0 0 0 0 0 0
0 0 0 0 0 0 0 0 0 0 0 0 0 0 0 26 5 90 10 10 31 97 15 15 15 41 30 30 24 24 67 17 17 17 50 0 0 0 0 0 0 0 0 0 0 0 0 0 0 0
0 0 0 0 0 0 0 0 0 0 0 0 0 0 0 26 5 90 10 31 31 97 84 38 41 41 30 30 30 24 67 67 67 17 50 0 0 50 50 50 0 0 0 0 0 0 0 0 0 0
0 0 0 0 0 0 0 0 0 0 0 0 0 0 0 26 5 90 91 58 58 58 84 38 41 30 30 88 30 24 24 24 67 17 50 50 50 50 42 50 0 0 0 0 0 0 0 0 0 0
0 0 0 0 0 0 0 0 0 0 0 0 0 0 0 26 5 54 54 58 84 84 84 38 41 30 88 88 30 30 30 24 67 17 50 50 17 17 17 50 79 12 12 12 0 0 0 0 0 0
0 0 0 0 0 0 0 0 0 0 0 0 0 0 0 26 3 3 3 3 84 38 38 38 41 30 88 0 0 0 30 24 67 17 50 50 17 81 81 81 81 81 81 12 0 0 0 0 0 0
0 0 0 0 0 0 0 0 0 0 0 0 0 0 92 92 92 92 98 84 84 38 41 41 41 30 88 0 0 0 30 24 67 17 17 17 17 20 20 20 20 20 81 12 0 0 0 0 0 0
0 0 0 0 0 0 0 0 0 0 0 0 92 92 92 93 93 93 98 84 38 38 41 30 30 30 88 0 0 0 30 24 67 67 67 67 67 20 51 51 51 51 16 12 0 0 0 0 0 0
0 0 0 0 0 0 0 0 0 0 0 0 92 93 93 93 0 93 98 84 38 41 41 41 88 88 88 0 0 0 30 24 24 24 24 4 67 20 51 16 16 16 16 12 0 0 0 0 0 0
0 0 0 0 0 0 0 0 0 0 0 0 92 93 0 0 0 93 98 84 38 38 38 41 0 0 0 0 0 0 30 30 30 30 37 4 89 51 51 51 23 100 100 12 0 0 0 0 0 0
0 0 0 0 0 0 0 0 0 0 0 0 92 93 0 0 0 93 98 84 84 84 38 41 0 0 0 0 0 0 0 0 0 0 37 4 4 4 61 74 23 45 0 0 0 0 0 0 0 0
0 0 0 0 0 0 0 0 0 0 0 0 92 93 0 0 0 93 98 98 98 84 38 41 0 0 0 0 0 0 0 0 0 0 37 37 37 4 61 74 23 0 0 0 0 0 0 0 0 0
0 0 0 0 0 0 0 0 0 0 0 92 92 93 0 0 0 93 93 98 84 84 38 41 41 41 0 0 0 0 0 0 0 0 0 0 37 4 61 74 37 0 0 0 0 0 0 0 0 0
0 0 0 0 0 0 0 0 0 92 92 92 93 93 0 0 0 0 93 98 84 38 38 38 49 41 0 0 0 0 0 0 0 0 0 0 37 4 61 74 37 0 0 0 0 0 0 0 0 0
0 0 0 0 0 0 0 0 0 92 93 93 93 0 0 0 0 0 93 55 38 38 55 38 49 41 0 0 0 0 0 0 0 0 0 0 37 37 74 74 37 0 0 0 0 0 0 0 0 0
0 0 0 0 0 0 0 0 0 92 92 92 0 0 0 0 0 0 0 55 55 55 55 38 49 41 0 0 0 0 0 0 0 0 0 0 0 37 37 37 37 0 0 0 0 0 0 0 0 0
0 0 0 0 0 0 0 0 0 0 92 70 92 0 0 0 0 0 0 0 0 0 0 38 49 41 41 0 0 0 0 0 0 0 0 0 0 0 0 0 0 0 0 0 0 0 0 0 0 0
0 0 0 0 0 0 0 0 0 0 92 92 92 0 0 0 0 0 0 0 0 38 38 38 49 49 41 0 0 0 0 0 0 0 0 0 0 0 0 0 0 0 0 0 0 0 0 0 0 0
0 0 0 0 0 0 0 0 0 0 0 0 0 0 0 0 0 0 0 0 0 38 49 49 49 41 41 0 0 0 0 0 0 0 0 0 0 0 0 0 0 0 0 0 0 0 0 0 0 0
0 0 0 0 0 0 0 0 0 0 0 0 0 0 0 0 0 0 0 0 0 0 41 41 41 41 0 0 0 0 0 0 0 0 0 0 0 0 0 0 0 0 0 0 0 0 0 0 0 0
