0 0 0 0 0 0 0 0 0 0 0 0 0 0 0 0 0 0 0 0 0 0 0 0 0 0 0 0 0 0 0 0 0 0 0 0 0 0 0 0 0 0 0 0 0 0 0 0 0 0
0 0 0 0 0 0 0 0 0 0 0 0 0 0 0 0 0 0 0 0 0 0 0 0 0 0 0 0 0 0 0 0 0 0 0 0 0 0 0 0 0 0 0 0 0 0 0 0 0 0
0 0 0 0 0 0 0 0 0 0 0 0 0 0 0 0 0 0 0 0 0 0 0 0 0 0 0 0 0 0 0 0 0 0 0 0 0 0 0 0 0 0 0 0 0 0 0 0 0 0
0 0 0 0 0 0 0 0 0 0 0 0 0 0 0 0 0 0 0 0 0 0 0 0 0 0 0 0 0 0 0 0 0 0 0 0 0 0 0 0 0 0 0 0 0 0 0 0 0 0
0 0 0 0 0 0 0 0 0 0 0 0 0 0 0 0 0 0 0 0 0 0 0 0 0 0 0 0 0 0 0 0 0 0 0 0 0 0 0 0 0 0 0 0 0 0 0 0 0 0
0 0 0 0 0 0 0 0 0 0 0 0 0 0 0 0 0 0 0 0 0 0 0 0 0 0 0 0 0 0 0 0 0 0 0 0 0 0 0 0 0 0 0 0 0 0 0 0 0 0
0 0 0 0 0 0 0 0 47 0 0 0 0 0 0 0 0 0 0 0 0 0 0 0 0 0 0 0 0 0 0 0 0 0 0 0 0 0 0 0 0 0 0 0 0 0 0 0 0 0
0 0 0 0 0 0 59 3 74 74 74 0 0 0 0 0 0 0 0 0 0 0 0 0 0 0 0 0 0 0 0 0 0 0 0 0 0 0 0 0 0 0 0 0 0 0 0 0 0 0
0 0 0 0 0 0 59 39 39 39 74 0 0 0 0 0 0 0 0 0 0 0 0 0 0 0 0 0 0 0 0 0 0 0 0 0 0 0 0 0 0 0 0 0 0 0 0 0 0 0
0 0 0 0 9 9 9 9 9 39 74 74 89 0 0 0 0 0 0 0 0 0 67 67 12 12 1 1 0 0 0 0 0 0 0 0 0 0 0 0 0 0 0 0 0 0 0 0 0 0
0 9 9 9 9 95 95 95 9 39 39 83 89 15 15 15 15 0 0 0 0 0 67 38 38 11 11 1 0 0 0 0 0 0 0 0 0 0 0 0 0 0 0 0 0 0 0 0 0 0
0 9 95 95 95 95 95 95 9 9 9 83 36 36 36 36 15 0 0 0 0 0 67 38 34 88 11 1 0 0 0 0 0 0 0 0 0 0 0 0 0 0 0 0 0 0 0 0 0 0
9 95 95 95 95 95 95 95 95 95 9 46 46 46 46 19 15 0 0 0 0 67 67 38 88 88 11 1 0 0 0 0 0 0 0 0 0 0 0 0 0 0 0 0 0 0 0 0 0 0
9 95 95 95 95 95 95 95 95 95 9 46 66 51 71 19 67 67 67 67 0 67 38 38 88 11 11 1 86 86 86 86 86 14 55 18 0 0 0 0 0 0 0 0 0 0 0 0 0 0
9 95 95 95 95 95 95 95 95 95 9 46 46 24 71 19 19 19 19 67 67 67 38 88 88 11 1 1 86 11 11 58 86 32 32 18 20 20 20 20 20 20 20 20 20 20 0 0 0 0
9 9 9 9 95 95 95 95 9 9 9 9 9 24 71 71 71 71 19 19 67 67 38 88 11 11 1 86 86 11 63 58 73 32 65 65 65 65 65 65 65 65 65 65 65 20 0 0 0 0
0 0 0 9 9 9 9 9 9 0 0 0 9 24 24 24 24 71 71 19 67 67 38 88 11 86 86 86 11 11 16 58 73 72 65 40 40 40 40 40 40 40 40 40 65 20 20 20 20 0
0 0 0 0 0 0 0 0 0 0 0 0 9 9 9 9 24 24 71 19 19 38 38 88 11 11 86 11 11 16 16 100 73 72 40 40 33 33 33 33 33 33 33 40 65 65 65 65 20 0
0 0 0 0 0 0 0 0 0 0 0 0 0 0 0 9 9 24 71 71 71 71 80 88 88 11 11 11 16 16 100 100 72 72 40 33 33 33 33 33 33 33 33 40 40 40 40 40 33 0
0 0 0 0 0 0 0 0 0 49 49 49 49 9 9 9 9 24 24 24 24 24 80 80 88 11 11 16 16 23 23 41 41 72 40 33 33 33 33 33 33 33 33 33 33 33 33 33 33 0
0 0 0 0 0 0 0 0 0 49 82 82 54 54 54 54 54 54 54 24 21 52 52 80 88 16 16 16 23 23 91 91 43 43 40 68 68 68 33 33 33 33 33 33 0 0 0 0 0 0
0 0 0 0 0 0 0 0 0 49 82 6 6 6 6 6 54 54 13 24 76 76 52 80 88 77 23 23 23 91 91 94 94 40 40 68 27 68 68 68 68 68 68 33 0 0 0 0 0 0
0 0 0 0 0 0 0 0 0 49 82 6 2 2 2 6 6 76 76 24 76 76 52 80 79 79 23 91 91 91 94 94 68 68 68 68 27 28 28 28 28 28 68 33 33 33 0 0 0 0
0 0 0 0 0 0 0 0 0 49 82 6 2 30 2 2 2 2 76 76 76 2 52 80 80 91 91 91 94 94 94 68 68 27 27 27 27 28 28 28 28 28 68 68 68 33 0 0 0 0
0 0 0 0 0 0 0 0 0 49 82 6 2 30 30 30 30 2 2 2 2 2 10 10 91 91 60 94 94 96 96 68 27 27 28 28 28 28 28 28 28 28 28 28 68 33 27 27 0 0
0 0 0 0 0 0 0 0 0 49 82 45 30 30 45 45 30 30 30 30 30 2 69 35 35 4 60 60 60 60 27 27 27 28 28 28 28 28 28 28 28 28 28 28 68 68 28 27 27 0
0 0 0 0 0 0 0 0 0 49 49 45 45 45 45 45 45 45 45 45 30 30 69 69 53 4 4 4 4 60 27 27 28 28 28 28 28 28 28 28 28 28 28 28 28 28 28 28 27 0
0 0 0 0 0 0 0 0 0 0 61 61 61 61 61 61 61 61 61 45 45 45 69 99 53 70 70 70 4 60 60 27 27 27 27 28 28 28 28 28 28 28 28 28 28 28 28 28 27 0
0 0 0 0 0 0 0 0 0 0 0 0 0 0 0 0 0 0 61 61 45 45 69 99 70 70 84 70 4 4 60 62 37 37 27 27 28 28 28 28 28 28 28 28 28 28 28 27 27 0
0 0 0 0 0 0 0 0 0 0 0 0 0 0 0 0 0 0 0 61 45 69 69 99 84 84 84 70 70 4 48 48 48 37 0 27 27 27 28 27 27 27 27 27 27 27 27 27 0 0
0 0 0 0 0 0 0 0 0 0 0 0 0 0 0 0 0 0 0 61 45 69 99 99 84 81 81 81 70 85 85 87 48 17 0 0 0 27 27 27 0 0 97 0 0 0 0 0 0 0
0 0 0 0 0 0 0 0 0 0 0 0 0 0 0 0 0 92 92 92 45 69 99 84 84 81 98 98 98 98 87 87 87 17 0 0 0 0 0 0 0 0 0 0 0 0 0 0 0 0
0 0 0 0 0 0 0 0 0 0 0 0 0 0 0 0 0 92 93 29 29 69 99 84 7 81 98 87 87 87 87 0 22 22 0 0 0 0 0 0 0 0 0 0 0 0 0 0 0 0
0 0 0 0 0 0 0 0 0 0 0 0 0 0 92 92 92 92 93 64 29 29 84 84 7 81 98 87 0 0 0 0 0 0 0 0 0 0 0 0 0 0 0 0 0 0 0 0 0 0
0 0 0 0 0 0 0 0 0 0 0 0 0 0 92 93 93 93 93 64 64 64 64 64 7 81 98 87 0 0 0 0 0 0 0 0 0 0 0 0 0 0 0 0 0 0 0 0 0 0
0 0 0 0 0 0 0 0 0 0 0 0 0 0 92 93 64 64 64 64 50 50 31 90 90 81 98 87 31 0 0 0 0 0 0 0 0 0 0 0 0 0 0 0 0 0 0 0 0 0
0 0 0 0 0 0 0 0 0 0 0 42 42 92 92 93 64 50 50 50 50 0 31 31 90 44 98 8 31 0 0 0 0 0 0 0 0 0 0 0 0 0 0 0 0 0 0 0 0 0
0 0 0 0 0 0 0 0 0 0 57 5 25 92 93 93 64 50 0 0 0 0 0 31 31 31 31 31 31 0 0 0 0 0 0 0 0 0 0 0 0 0 0 0 0 0 0 0 0 0
0 0 0 0 0 0 0 0 0 0 0 5 75 75 93 78 64 50 0 0 0 0 0 0 0 0 0 0 0 0 0 0 0 0 0 0 0 0 0 0 0 0 0 0 0 0 0 0 0 0
0 0 0 0 0 0 0 0 0 0 0 0 0 75 26 78 56 50 0 0 0 0 0 0 0 0 0 0 0 0 0 0 0 0 0 0 0 0 0 0 0 0 0 0 0 0 0 0 0 0
0 0 0 0 0 0 0 0 0 0 0 0 0 50 50 50 50 50 0 0 0 0 0 0 0 0 0 0 0 0 0 0 0 0 0 0 0 0 0 0 0 0 0 0 0 0 0 0 0 0
0 0 0 0 0 0 0 0 0 0 0 0 0 0 0 0 0 0 0 0 0 0 0 0 0 0 0 0 0 0 0 0 0 0 0 0 0 0 0 0 0 0 0 0 0 0 0 0 0 0
0 0 0 0 0 0 0 0 0 0 0 0 0 0 0 0 0 0 0 0 0 0 0 0 0 0 0 0 0 0 0 0 0 0 0 0 0 0 0 0 0 0 0 0 0 0 0 0 0 0
0 0 0 0 0 0 0 0 0 0 0 0 0 0 0 0 0 0 0 0 0 0 0 0 0 0 0 0 0 0 0 0 0 0 0 0 0 0 0 0 0 0 0 0 0 0 0 0 0 0
0 0 0 0 0 0 0 0 0 0 0 0 0 0 0 0 0 0 0 0 0 0 0 0 0 0 0 0 0 0 0 0 0 0 0 0 0 0 0 0 0 0 0 0 0 0 0 0 0 0
0 0 0 0 0 0 0 0 0 0 0 0 0 0 0 0 0 0 0 0 0 0 0 0 0 0 0 0 0 0 0 0 0 0 0 0 0 0 0 0 0 0 0 0 0 0 0 0 0 0
0 0 0 0 0 0 0 0 0 0 0 0 0 0 0 0 0 0 0 0 0 0 0 0 0 0 0 0 0 0 0 0 0 0 0 0 0 0 0 0 0 0 0 0 0 0 0 0 0 0
0 0 0 0 0 0 0 0 0 0 0 0 0 0 0 0 0 0 0 0 0 0 0 0 0 0 0 0 0 0 0 0 0 0 0 0 0 0 0 0 0 0 0 0 0 0 0 0 0 0
0 0 0 0 0 0 0 0 0 0 0 0 0 0 0 0 0 0 0 0 0 0 0 0 0 0 0 0 0 0 0 0 0 0 0 0 0 0 0 0 0 0 0 0 0 0 0 0 0 0
0 0 0 0 0 0 0 0 0 0 0 0 0 0 0 0 0 0 0 0 0 0 0 0 0 0 0 0 0 0 0 0 0 0 0 0 0 0 0 0 0 0 0 0 0 0 0 0 0 0
