0 0 0 0 0 0 0 0 0 0 0 0 0 0 0 0 0 0 0 0 0 0 0 0 0 0 0 0 0 0 0 0 0 0 0 0 0 0 0 0 0 0 0 0 0 0 0 0 0 0
0 0 0 0 0 0 0 0 0 0 0 0 0 0 0 0 0 0 0 0 0 0 0 0 0 0 0 0 0 0 0 0 0 0 0 0 0 0 0 0 0 0 0 0 0 0 0 0 0 0
0 0 0 0 0 0 0 0 0 0 0 0 0 0 0 0 0 0 0 0 0 0 0 0 0 0 0 0 0 0 0 0 0 0 0 0 0 0 0 0 0 0 0 0 0 0 0 0 0 0
0 0 0 0 0 0 0 0 0 0 0 0 0 0 0 0 0 0 0 0 0 0 0 0 0 0 0 0 0 0 0 0 0 0 0 0 0 0 0 0 0 0 0 0 0 0 0 0 0 0
0 0 0 0 0 0 0 0 0 0 0 0 0 0 0 0 0 0 0 0 0 0 0 0 0 0 0 0 0 0 0 0 0 0 0 0 0 0 0 0 0 0 0 0 0 0 0 0 0 0
0 0 0 0 0 0 0 0 0 0 0 0 0 0 0 0 0 0 0 0 0 0 0 0 0 0 0 0 0 0 0 0 0 0 0 0 0 0 0 0 0 0 0 0 0 0 0 0 0 0
0 0 0 0 0 0 0 0 0 0 0 0 0 0 0 0 0 0 0 0 0 0 0 0 0 0 0 0 0 0 0 0 0 0 0 0 0 0 0 0 0 0 0 2 2 61 0 0 0 0
0 0 0 0 0 0 0 0 0 0 0 0 0 0 0 0 0 0 0 0 0 0 0 0 0 0 0 0 0 0 0 0 0 0 0 0 0 0 0 0 0 0 0 2 82 49 0 0 0 0
0 0 0 0 0 0 0 0 0 12 0 0 0 0 0 0 0 0 0 0 0 0 0 0 0 0 0 0 0 0 0 0 0 0 0 0 0 0 0 0 0 0 0 2 2 49 0 0 0 0
0 0 0 0 0 0 0 0 0 69 69 69 69 0 0 0 0 0 0 0 0 0 0 0 0 0 0 0 0 0 0 0 0 0 0 0 0 0 0 0 0 0 0 2 2 49 0 0 0 0
0 0 0 0 0 0 0 0 92 92 92 92 69 69 0 0 0 0 0 0 0 0 0 0 0 0 0 0 0 0 0 0 0 0 0 0 0 0 0 0 0 0 0 2 49 49 0 0 0 0
0 0 0 0 0 0 0 83 92 8 8 92 92 69 69 69 0 0 0 0 0 0 0 0 0 0 0 0 0 0 0 0 0 0 0 0 0 0 0 0 0 0 0 2 49 0 0 0 0 0
0 0 0 0 0 0 0 83 46 3 8 8 92 92 92 69 0 0 0 0 0 0 0 0 0 0 0 0 0 0 0 0 0 0 0 0 0 0 0 0 0 0 0 2 49 0 0 0 0 0
0 0 0 0 0 0 0 83 46 46 46 8 8 8 92 69 69 0 0 0 0 0 0 0 0 0 0 0 0 0 0 0 0 0 0 0 0 0 0 0 0 0 2 2 49 0 0 0 0 0
0 0 0 0 0 0 0 83 83 83 46 46 46 8 92 92 69 69 69 69 69 69 0 0 0 0 0 0 0 0 0 0 0 0 0 0 0 0 0 0 0 0 2 49 49 0 0 0 0 0
0 0 0 0 0 0 0 0 0 83 83 83 46 8 8 92 92 92 92 92 92 73 0 0 0 0 0 0 0 0 0 0 0 0 0 0 0 0 0 0 0 0 2 49 0 0 0 0 0 0
0 0 0 0 0 0 0 0 0 0 0 83 46 46 8 8 8 8 8 8 45 73 0 0 0 0 0 0 0 0 0 2 2 2 2 0 0 0 2 2 2 2 2 49 0 0 0 0 0 0
0 0 0 0 0 0 0 0 0 0 0 83 83 46 46 46 46 46 46 66 45 73 73 0 0 0 0 0 0 18 18 18 99 49 2 0 0 0 2 49 49 49 49 49 0 0 0 0 0 0
0 0 0 0 0 0 0 0 0 0 0 0 83 83 83 83 83 83 53 66 71 71 73 73 11 11 11 11 11 18 20 20 20 49 2 2 2 2 2 49 50 50 50 49 0 0 0 0 0 0
0 0 0 0 0 0 0 0 0 0 0 0 0 0 0 0 0 57 53 15 15 71 71 73 76 96 96 96 18 18 80 79 1 49 49 49 49 49 49 49 50 75 50 49 90 0 0 0 0 0
0 0 0 0 0 0 0 0 0 0 0 0 0 0 0 0 0 57 7 7 15 15 71 65 65 65 56 80 80 80 80 81 1 50 50 50 50 50 50 50 50 75 75 31 90 85 0 0 0 0
0 0 0 0 0 0 0 0 0 0 0 0 0 0 0 0 0 57 7 16 16 15 15 15 15 15 56 80 56 56 56 81 1 50 75 75 75 75 75 75 75 75 31 31 17 85 0 0 0 0
0 0 0 0 0 0 0 0 0 0 0 0 0 0 0 0 57 57 7 16 15 15 15 36 36 36 56 56 56 78 78 78 1 50 75 31 31 31 31 31 31 31 31 31 17 17 0 0 0 0
0 0 0 0 0 0 0 0 0 0 0 0 0 0 0 0 57 94 7 16 15 36 36 36 14 36 36 56 56 78 35 78 50 50 75 31 41 41 41 41 41 41 41 31 31 17 0 0 0 0
0 0 0 0 0 0 0 0 0 0 0 0 0 0 0 0 57 94 87 16 98 36 29 14 14 14 36 42 42 42 42 78 75 75 75 31 41 41 41 41 41 41 41 41 31 17 17 0 0 0
0 0 0 0 0 0 0 0 0 0 0 0 0 0 0 0 57 94 94 16 16 16 29 14 30 14 14 14 67 37 37 78 31 31 31 31 41 31 31 31 31 31 41 41 31 31 17 17 0 0
0 0 0 0 0 0 0 0 0 0 0 0 0 0 0 0 57 57 94 94 94 32 29 14 30 30 30 30 30 30 37 62 62 31 31 31 31 31 10 10 10 31 41 41 41 41 84 17 0 0
0 0 0 0 0 0 0 0 0 0 0 0 0 0 0 0 68 22 22 22 22 32 29 14 14 86 64 64 64 30 37 37 62 62 62 47 10 10 10 74 10 31 31 31 31 41 97 17 0 0
0 0 0 0 0 0 0 0 0 0 0 68 68 68 68 68 68 22 32 32 32 32 29 29 14 86 9 9 64 30 30 37 37 37 62 47 74 74 74 74 10 10 10 10 31 31 10 17 0 0
0 0 0 0 0 0 0 0 0 0 68 68 22 22 22 22 22 22 32 29 29 29 29 29 14 86 51 9 64 64 30 37 27 37 62 47 54 0 0 0 0 0 0 10 10 10 10 0 0 0
0 0 0 0 0 0 0 0 0 0 68 22 22 32 32 32 32 32 32 29 6 6 6 29 14 86 51 9 9 64 30 37 37 62 62 24 54 54 0 0 0 0 0 0 0 0 0 0 0 0
0 0 0 0 0 0 0 0 0 0 68 22 32 32 29 29 29 29 29 29 6 29 29 29 14 86 51 72 9 64 30 30 30 30 5 24 19 54 0 0 0 0 0 0 0 0 0 0 0 0
0 0 0 0 0 0 0 0 0 0 68 22 32 100 70 100 100 100 25 25 6 29 14 14 14 86 51 72 9 64 64 64 64 30 5 5 19 54 0 0 0 0 0 0 0 0 0 0 0 0
0 0 0 0 0 0 0 0 0 0 68 22 32 100 100 100 55 55 55 44 6 6 86 86 86 86 51 72 9 9 9 9 64 91 64 5 54 54 0 0 0 0 0 0 0 0 0 0 0 0
0 0 0 0 0 0 0 0 0 0 68 22 32 32 32 100 55 40 60 44 44 44 44 51 51 51 51 72 72 72 72 9 64 64 64 5 54 0 0 0 0 0 0 0 0 0 0 0 0 0
0 0 0 0 0 0 0 0 68 68 68 22 22 22 100 100 55 40 60 60 60 60 60 60 51 28 28 28 28 28 72 9 9 9 64 5 54 0 0 0 0 0 0 0 0 0 0 0 0 0
0 59 68 68 68 68 68 68 68 22 22 22 22 100 100 55 55 40 40 40 40 40 40 40 51 28 28 28 28 28 72 72 72 9 64 5 54 54 54 54 54 54 0 0 0 0 0 0 0 0
0 38 95 95 95 95 95 95 95 22 100 100 100 100 55 55 40 40 0 0 0 0 0 0 0 28 72 72 72 72 72 72 72 9 64 5 5 5 5 5 5 54 0 0 0 0 0 0 0 0
0 38 38 38 38 38 38 38 95 100 100 55 55 55 55 40 40 0 0 0 0 0 0 0 0 28 72 9 9 9 9 9 9 9 64 64 64 64 5 26 5 54 0 0 0 0 0 0 0 0
0 0 0 0 0 0 43 48 48 100 34 55 40 40 40 40 0 0 0 0 0 0 0 0 0 28 72 9 93 21 21 21 21 21 21 52 52 64 5 26 5 54 54 0 0 0 0 0 0 0
0 0 0 0 0 89 43 40 40 40 40 40 40 0 0 0 0 0 0 0 0 0 0 0 0 28 72 9 9 52 52 52 52 52 52 52 52 13 26 26 5 5 4 4 0 0 0 0 0 0
0 0 0 0 0 89 58 58 88 39 0 0 0 0 0 0 0 0 0 0 0 0 0 0 0 28 72 72 72 72 23 23 23 23 23 23 77 77 77 26 26 26 63 33 0 0 0 0 0 0
0 0 0 0 0 0 0 39 39 39 0 0 0 0 0 0 0 0 0 0 0 0 0 0 0 28 28 28 28 28 28 0 0 0 0 0 0 0 77 77 77 77 77 33 0 0 0 0 0 0
0 0 0 0 0 0 0 0 0 0 0 0 0 0 0 0 0 0 0 0 0 0 0 0 0 0 0 0 0 0 0 0 0 0 0 0 0 0 0 0 0 0 0 0 0 0 0 0 0 0
0 0 0 0 0 0 0 0 0 0 0 0 0 0 0 0 0 0 0 0 0 0 0 0 0 0 0 0 0 0 0 0 0 0 0 0 0 0 0 0 0 0 0 0 0 0 0 0 0 0
0 0 0 0 0 0 0 0 0 0 0 0 0 0 0 0 0 0 0 0 0 0 0 0 0 0 0 0 0 0 0 0 0 0 0 0 0 0 0 0 0 0 0 0 0 0 0 0 0 0
0 0 0 0 0 0 0 0 0 0 0 0 0 0 0 0 0 0 0 0 0 0 0 0 0 0 0 0 0 0 0 0 0 0 0 0 0 0 0 0 0 0 0 0 0 0 0 0 0 0
0 0 0 0 0 0 0 0 0 0 0 0 0 0 0 0 0 0 0 0 0 0 0 0 0 0 0 0 0 0 0 0 0 0 0 0 0 0 0 0 0 0 0 0 0 0 0 0 0 0
0 0 0 0 0 0 0 0 0 0 0 0 0 0 0 0 0 0 0 0 0 0 0 0 0 0 0 0 0 0 0 0 0 0 0 0 0 0 0 0 0 0 0 0 0 0 0 0 0 0
0 0 0 0 0 0 0 0 0 0 0 0 0 0 0 0 0 0 0 0 0 0 0 0 0 0 0 0 0 0 0 0 0 0 0 0 0 0 0 0 0 0 0 0 0 0 0 0 0 0
