0 0 0 0 0 0 0 0 0 0 0 0 0 0 0 0 0 0 0 0 0 0 0 0 0 0 0 0 0 0 0 0 0 0 0 0 0 0 0 0 0 0 0 0 0 0 0 0 0 0
0 0 0 0 0 0 0 0 0 0 0 0 0 0 0 0 0 0 0 0 0 0 0 0 0 0 0 0 0 0 0 0 0 0 0 0 0 0 0 0 0 0 0 0 0 0 0 0 0 0
0 0 0 0 0 0 0 0 0 0 0 0 0 0 0 0 0 0 0 0 0 0 0 0 0 0 0 0 0 0 0 0 0 0 0 0 0 0 0 0 0 0 0 0 0 0 0 0 0 0
0 0 0 0 0 0 0 0 0 0 0 0 0 0 0 0 0 0 0 0 0 0 0 0 0 0 0 0 0 0 0 0 0 0 0 0 0 0 0 0 0 0 0 0 0 0 0 0 0 0
0 0 0 0 0 0 0 0 0 0 0 0 0 0 0 0 0 0 0 0 0 0 0 0 0 0 0 0 0 0 0 0 0 0 0 0 0 0 0 0 0 0 0 0 0 0 0 0 0 0
0 0 0 0 0 0 0 0 0 0 0 0 0 0 0 0 0 0 0 0 0 0 0 0 0 0 0 0 0 0 0 0 0 0 0 0 0 0 0 0 0 0 0 0 0 0 0 0 0 0
0 0 0 0 0 0 0 0 0 0 0 0 0 0 0 0 0 0 0 0 0 0 0 0 0 0 0 0 0 0 0 0 0 0 0 0 0 0 0 0 0 0 0 0 0 0 0 0 0 0
0 0 0 0 0 0 0 0 0 0 0 0 0 0 0 0 0 0 0 0 0 0 0 0 0 0 0 0 0 0 0 0 0 0 0 0 0 0 0 0 0 0 0 0 0 0 0 0 0 0
0 0 0 0 0 0 0 0 0 0 0 0 0 0 0 0 0 0 0 0 0 0 0 0 0 0 0 0 0 0 0 0 0 0 0 0 0 0 0 0 0 0 0 0 0 0 0 0 0 0
0 0 0 0 0 0 0 0 0 0 0 0 0 0 0 0 0 0 0 0 0 0 0 0 0 0 0 0 0 0 0 0 0 0 0 0 0 0 0 0 0 0 0 0 59 59 59 0 0 0
0 0 0 0 0 0 0 0 0 0 0 0 0 0 0 0 0 0 0 0 0 0 0 0 0 0 0 0 0 0 0 0 0 0 0 0 0 0 0 0 0 0 35 0 59 74 59 0 0 0
0 0 0 0 0 0 0 0 0 0 0 0 0 0 2 2 2 2 0 0 0 0 0 0 0 0 0 0 0 0 0 0 0 0 0 3 3 3 3 0 87 87 87 59 59 77 76 0 0 0
0 0 0 0 0 0 0 0 0 0 0 23 0 16 16 8 8 2 0 0 0 0 0 0 0 0 0 0 0 0 0 0 0 86 86 86 28 28 87 87 87 59 59 59 77 77 76 0 0 0
0 0 0 0 0 0 0 0 0 0 0 65 16 16 34 34 39 2 0 0 0 0 0 0 0 0 0 0 0 0 0 0 86 86 61 61 61 59 59 59 59 59 77 77 77 76 76 0 0 0
0 0 0 0 0 0 0 0 0 0 0 65 15 6 6 30 39 2 0 0 0 0 0 0 0 0 0 0 0 0 0 53 53 92 61 77 77 77 77 77 77 77 77 76 76 76 0 0 0 0
0 0 0 0 0 0 0 0 0 0 0 69 15 88 56 30 39 2 0 0 0 0 0 0 0 0 0 0 0 0 0 53 79 92 61 77 76 76 76 76 76 76 76 76 0 0 0 0 0 0
0 0 0 0 0 0 0 0 0 0 0 69 97 97 56 30 39 2 2 0 0 0 0 0 0 0 0 0 0 0 53 53 90 90 90 77 82 82 82 0 0 0 0 0 0 0 0 0 0 0
0 0 0 0 0 0 0 0 0 0 0 69 69 14 56 30 39 39 53 53 53 0 0 0 0 0 0 0 0 53 53 80 80 51 25 25 25 25 82 82 0 0 0 0 0 0 0 0 0 0
0 0 0 0 0 0 0 0 0 0 0 0 69 14 56 30 84 37 37 37 53 0 0 0 0 53 53 53 53 53 80 80 13 60 60 60 60 25 25 82 0 0 0 0 0 0 0 0 0 0
0 0 0 0 0 0 0 0 0 0 0 0 69 14 56 30 40 40 40 37 53 53 53 53 53 53 80 80 80 80 80 13 13 60 26 26 60 60 25 82 0 0 0 0 0 0 0 0 0 0
0 0 0 0 0 0 0 0 0 0 0 0 69 14 56 56 56 56 40 37 37 80 80 80 53 53 80 20 20 20 49 13 60 60 26 26 26 60 25 82 0 0 0 0 0 0 0 0 0 0
0 0 0 0 0 0 0 0 0 0 0 0 69 14 14 14 14 56 40 40 37 37 98 80 80 80 80 20 75 75 49 63 60 26 26 26 26 60 25 82 0 0 0 0 0 0 0 0 0 0
0 0 0 0 0 0 0 0 0 0 0 0 69 69 14 14 56 56 56 40 40 11 98 20 20 20 20 20 75 93 10 63 60 26 26 26 26 60 25 82 0 0 0 0 0 0 0 0 0 0
0 0 0 0 0 0 0 0 0 0 0 0 14 14 14 56 56 94 94 94 94 11 98 98 75 75 75 75 75 93 66 66 66 66 66 66 66 38 25 82 0 0 0 0 0 0 0 0 0 0
0 0 0 0 0 0 0 0 0 0 0 0 14 56 56 56 94 94 62 62 94 11 11 11 11 93 93 93 75 93 66 38 38 38 38 38 38 38 24 82 0 0 0 0 0 0 0 0 0 0
0 0 0 0 0 0 0 0 0 0 0 0 14 56 45 94 94 62 62 94 94 64 64 64 64 93 4 93 93 93 54 38 38 24 24 24 24 24 24 1 1 0 0 0 0 0 0 0 0 0
0 0 0 0 0 0 0 0 0 0 0 0 14 56 73 94 62 62 62 57 64 64 50 50 50 50 4 4 4 33 54 54 38 38 24 24 24 24 24 24 1 0 0 0 0 0 0 0 0 0
0 0 0 0 0 0 0 0 0 0 0 0 72 56 56 56 62 5 5 57 67 50 50 43 43 50 50 50 4 33 36 54 46 38 38 91 91 91 91 24 1 0 0 0 0 0 0 0 0 0
0 0 0 0 0 0 0 0 0 0 0 0 72 62 62 62 62 5 5 43 43 43 43 43 43 43 50 4 4 58 36 21 46 46 38 91 38 38 91 24 1 0 0 0 0 0 0 0 0 0
0 0 0 0 0 0 0 0 0 0 0 0 99 99 5 5 5 5 7 7 7 7 7 7 83 50 50 4 58 58 36 21 70 46 38 38 38 46 52 24 1 0 0 0 0 0 0 0 0 0
0 0 0 0 0 0 0 0 0 0 0 0 0 99 5 7 7 7 7 78 78 78 78 18 83 50 4 4 58 71 36 48 70 46 46 46 46 46 81 24 1 0 0 0 0 0 0 0 0 0
0 0 0 0 0 0 0 0 0 0 0 0 29 99 5 7 78 78 78 78 0 0 78 18 83 50 4 58 58 71 9 48 70 70 81 81 81 81 81 55 1 0 0 0 0 0 0 0 0 0
0 0 0 0 0 0 0 0 0 0 0 0 29 12 5 7 78 0 0 0 0 0 78 18 83 50 4 58 71 71 9 48 100 55 55 55 55 55 55 55 1 0 0 0 0 0 0 0 0 0
0 0 0 0 0 0 0 0 0 0 0 0 12 12 41 7 78 0 0 0 0 0 78 18 83 50 50 71 71 95 9 32 100 100 100 100 100 100 55 1 1 0 0 0 0 0 0 0 0 0
0 0 0 0 0 0 0 0 0 0 0 0 31 42 42 42 78 0 0 78 78 78 78 18 83 83 83 83 95 95 96 32 0 0 0 0 0 100 55 55 55 0 0 0 0 0 0 0 0 0
0 0 0 0 0 0 0 0 0 0 0 0 0 0 0 0 0 0 0 78 18 18 18 18 17 17 17 17 17 17 17 32 0 0 0 0 0 100 100 100 55 0 0 0 0 0 0 0 0 0
0 0 0 0 0 0 0 0 0 0 0 0 0 0 0 0 0 0 0 78 18 17 17 17 17 0 0 0 0 0 0 0 0 0 0 0 0 0 0 100 55 55 55 0 0 0 0 0 0 0
0 0 0 0 0 0 0 0 0 0 0 0 0 0 0 0 0 0 78 78 18 17 0 0 0 0 0 0 0 0 0 0 0 0 0 0 0 0 0 100 100 100 55 55 55 0 0 0 0 0
0 0 0 0 0 0 0 0 0 0 0 0 0 0 0 0 0 0 78 18 18 17 0 0 0 0 0 0 0 0 0 0 0 0 0 0 0 0 0 0 0 100 100 100 55 0 0 0 0 0
0 0 0 0 0 0 0 0 0 0 0 0 0 0 0 0 0 0 78 18 17 17 0 0 0 0 0 0 0 0 0 0 0 0 0 0 0 0 0 0 0 0 100 100 55 68 68 0 0 0
0 0 0 0 0 0 0 0 0 0 0 0 0 0 0 0 0 0 78 18 18 17 0 0 0 0 0 0 0 0 0 0 0 0 0 0 0 0 0 0 0 0 100 55 55 22 68 0 0 0
0 0 0 0 0 0 0 0 0 0 0 0 0 0 0 0 0 0 78 78 18 17 0 0 0 0 0 0 0 0 0 0 0 0 0 0 0 0 0 0 0 100 100 55 85 22 68 0 0 0
0 0 0 0 0 0 0 0 0 0 0 0 0 0 0 0 0 0 0 78 18 17 17 17 0 0 0 0 0 0 0 0 0 0 0 0 0 0 0 0 0 100 55 55 85 44 44 0 0 0
0 0 0 0 0 0 0 0 0 0 0 0 0 0 0 0 0 0 0 78 18 18 18 17 0 0 0 0 0 0 0 0 0 0 0 0 0 0 0 0 0 100 47 85 85 89 0 0 0 0
0 0 0 0 0 0 0 0 0 0 0 0 0 0 0 0 0 0 0 78 78 78 18 17 0 0 0 0 0 0 0 0 0 0 0 0 0 0 0 0 0 85 85 85 0 0 0 0 0 0
0 0 0 0 0 0 0 0 0 0 0 0 0 0 0 0 0 0 0 0 0 78 18 17 0 0 0 0 0 0 0 0 0 0 0 0 0 0 0 0 0 0 0 0 0 0 0 0 0 0
0 0 0 0 0 0 0 0 0 0 0 0 0 0 0 0 0 0 0 0 0 78 19 27 0 0 0 0 0 0 0 0 0 0 0 0 0 0 0 0 0 0 0 0 0 0 0 0 0 0
0 0 0 0 0 0 0 0 0 0 0 0 0 0 0 0 0 0 0 0 0 27 27 27 0 0 0 0 0 0 0 0 0 0 0 0 0 0 0 0 0 0 0 0 0 0 0 0 0 0
0 0 0 0 0 0 0 0 0 0 0 0 0 0 0 0 0 0 0 0 0 0 0 0 0 0 0 0 0 0 0 0 0 0 0 0 0 0 0 0 0 0 0 0 0 0 0 0 0 0
0 0 0 0 0 0 0 0 0 0 0 0 0 0 0 0 0 0 0 0 0 0 0 0 0 0 0 0 0 0 0 0 0 0 0 0 0 0 0 0 0 0 0 0 0 0 0 0 0 0
