0 0 0 0 0 0 0 0 0 0 0 0 0 0 0 0 0 0 0 0 0 0 0 0 0 0 0 0 0 0 0 0 0 0 0 0 0 0 0 0 0 0 0 0 0 0 0 0 0 0
0 0 0 0 0 0 0 0 0 0 0 0 0 0 0 0 0 0 0 0 0 0 0 0 0 0 0 0 0 0 0 0 0 0 0 0 0 0 0 0 0 0 0 0 0 0 0 0 0 0
0 0 0 0 0 0 0 0 0 0 0 0 0 0 0 0 0 0 0 0 0 0 0 0 0 0 0 0 0 0 0 0 0 0 0 0 0 0 0 0 0 0 0 0 0 0 0 0 0 0
0 0 0 0 0 0 0 0 0 0 0 0 0 0 0 0 0 0 0 0 0 0 0 0 0 0 0 0 0 0 0 0 0 0 0 0 0 0 0 0 0 0 0 0 0 0 0 0 0 0
0 0 0 0 0 0 0 0 0 0 0 0 0 0 0 0 0 0 0 0 0 0 0 0 0 0 0 0 0 0 0 0 0 0 0 0 0 0 0 0 0 0 0 0 0 0 0 0 0 0
0 0 0 0 0 0 0 0 0 0 0 0 0 0 0 0 0 0 0 0 0 0 0 0 0 0 0 0 0 0 0 0 0 0 0 0 0 0 0 97 97 97 97 97 0 0 0 0 0 0
0 0 0 0 0 0 0 0 0 0 0 0 0 0 0 0 0 0 0 0 0 0 0 0 0 0 0 0 0 0 0 0 0 0 0 0 0 0 0 97 61 61 61 97 22 85 0 0 0 0
0 0 0 0 0 0 0 0 0 0 0 0 0 0 0 0 0 0 0 0 0 0 0 0 0 0 0 0 0 0 0 0 0 0 0 0 0 0 0 97 80 21 61 61 21 85 0 0 0 0
0 0 0 0 0 0 0 0 0 0 0 0 0 0 0 0 0 0 0 0 0 76 57 78 78 0 0 0 0 0 0 0 0 0 0 0 0 0 0 95 80 21 21 21 21 85 85 0 0 0
0 0 0 0 0 0 0 0 0 0 0 0 0 0 0 0 0 0 0 0 0 76 24 88 78 0 0 0 0 0 0 0 0 0 0 0 0 0 0 95 80 21 35 35 35 35 85 0 0 0
0 0 0 0 0 0 0 0 0 0 0 0 0 0 0 0 0 0 0 0 0 76 24 88 78 0 0 0 0 0 0 0 0 0 0 0 39 39 39 95 80 21 21 21 38 35 85 0 0 0
0 0 0 0 0 0 0 0 0 0 0 0 0 0 0 0 0 0 0 0 76 76 24 88 78 0 0 0 0 0 0 78 78 78 78 78 78 68 36 36 80 80 80 80 64 35 85 0 0 0
0 0 0 0 0 0 0 0 0 0 0 0 0 0 0 0 0 0 0 0 76 24 24 88 78 0 0 0 0 0 78 78 23 23 23 23 23 23 23 23 80 64 64 64 64 85 85 0 0 0
0 0 0 0 0 0 0 0 0 0 0 0 0 0 0 0 0 0 0 0 76 24 88 88 78 0 0 0 0 0 78 23 23 46 46 46 46 46 46 46 80 80 64 64 85 85 0 0 0 0
0 0 0 0 0 0 0 0 0 0 0 0 2 81 81 81 81 81 0 0 76 24 88 78 78 0 0 0 0 0 78 23 46 46 58 58 58 58 58 46 46 46 58 64 85 85 0 0 0 0
0 0 0 0 0 0 0 0 0 0 0 0 0 43 43 43 43 81 0 0 76 24 88 78 0 0 0 0 0 0 78 23 46 58 58 58 58 58 58 58 58 58 58 64 64 85 0 0 0 0
0 0 0 0 0 0 0 0 0 0 0 0 43 43 16 16 43 81 0 0 76 24 88 78 0 0 0 0 0 0 78 23 46 58 58 58 58 58 58 58 58 58 58 58 64 85 0 0 0 0
0 0 0 0 0 0 0 0 0 0 0 18 43 84 59 16 43 81 81 0 76 24 88 78 78 78 78 78 78 78 78 23 46 54 54 54 54 54 58 58 58 58 58 54 99 85 0 0 0 0
0 0 0 0 0 0 0 0 0 0 0 18 29 84 59 16 43 43 81 40 40 24 88 23 23 23 23 23 23 23 23 23 23 54 34 34 99 54 54 54 58 58 54 54 99 85 0 0 0 0
0 0 0 0 0 0 0 0 0 0 0 18 15 84 59 16 16 43 43 43 65 65 88 88 79 79 79 79 79 79 79 54 54 54 6 1 99 99 99 54 54 54 54 99 99 85 0 0 0 0
0 0 0 0 0 0 0 0 0 0 0 18 15 84 59 59 16 16 16 16 16 8 8 88 79 91 90 90 90 5 41 41 12 32 6 1 73 73 99 99 99 99 99 99 85 85 0 0 0 0
0 0 0 0 0 0 0 0 0 0 0 18 15 84 84 59 59 59 59 59 59 59 59 88 79 91 88 92 92 92 92 93 93 32 6 1 30 73 85 85 85 85 85 85 85 0 0 0 0 0
0 0 0 0 0 0 0 0 0 0 0 18 15 15 84 84 84 84 84 84 84 84 59 88 79 91 88 92 48 48 48 48 32 32 6 1 30 0 0 0 0 0 0 0 0 0 0 0 0 0
0 0 0 0 0 0 0 0 0 0 0 18 18 15 51 51 51 51 51 51 51 84 59 88 88 91 88 92 48 6 6 6 6 6 6 1 30 0 0 0 0 0 0 0 0 0 0 0 0 0
0 0 0 0 0 0 0 0 0 0 0 0 18 18 18 25 69 51 51 51 51 84 59 59 88 91 88 92 48 6 50 50 50 50 50 1 30 0 0 0 0 0 0 0 0 0 0 0 0 0
0 0 0 0 0 0 0 0 0 0 0 0 0 0 0 0 69 52 83 83 83 83 83 59 88 91 88 92 48 6 3 3 3 3 30 30 30 0 0 0 0 0 0 0 0 0 0 0 0 0
0 0 0 0 0 0 0 0 0 0 0 0 0 0 0 0 69 52 71 59 59 59 59 59 88 88 88 92 48 82 82 89 89 3 30 0 0 0 0 0 0 0 0 0 0 0 0 0 0 0
0 0 0 0 0 0 0 0 0 0 0 0 0 0 0 0 69 52 71 88 88 88 88 88 88 88 7 7 48 4 4 4 89 3 30 87 0 0 0 0 0 0 0 0 0 0 0 0 0 0
0 0 0 0 0 0 0 0 0 0 0 0 0 0 0 0 69 52 71 71 70 70 70 98 98 98 98 14 14 14 14 75 89 3 30 0 0 0 0 0 0 0 0 0 0 0 0 0 0 0
0 0 0 0 0 0 0 0 0 0 0 0 0 0 0 31 69 52 52 52 70 17 70 20 17 17 47 47 47 47 27 75 3 3 30 0 0 0 0 0 0 0 0 0 0 0 0 0 0 0
0 0 0 0 0 0 0 0 0 0 0 0 0 0 0 31 19 19 19 52 70 17 17 17 17 96 96 13 13 75 75 75 3 30 30 0 0 0 0 0 0 0 0 0 0 0 0 0 0 0
0 0 0 0 0 0 0 0 0 0 0 0 0 0 0 31 31 10 19 9 70 42 42 42 100 100 13 13 26 26 26 75 3 30 0 0 0 0 0 0 0 0 0 0 0 0 0 0 0 0
0 0 0 0 0 0 0 0 0 0 0 0 0 0 0 63 67 10 42 42 42 42 10 42 42 42 42 42 42 56 26 75 3 30 0 0 0 0 0 0 0 0 0 0 0 0 0 0 0 0
0 0 0 0 0 0 0 0 0 0 0 0 0 0 0 63 67 10 10 10 10 10 10 62 62 62 62 62 62 56 26 75 3 30 30 0 0 0 0 0 0 0 0 0 0 0 0 0 0 0
0 0 0 0 0 0 0 0 0 0 0 0 0 0 0 63 67 0 0 0 0 0 0 0 0 0 0 0 72 56 26 75 3 3 30 30 30 30 0 0 0 0 0 0 0 0 0 0 0 0
0 0 0 0 0 0 0 0 0 0 0 0 0 0 0 63 49 0 0 0 0 0 0 0 0 0 0 72 72 56 26 75 75 3 3 3 3 30 0 0 0 0 0 0 0 0 0 0 0 0
0 0 0 0 0 0 0 0 0 0 0 0 0 0 0 0 0 0 0 0 0 0 0 0 0 0 0 72 56 56 26 77 75 75 75 75 3 30 0 0 0 0 0 0 0 0 0 0 0 0
0 0 0 0 0 0 0 0 0 0 0 0 0 0 0 0 0 0 0 0 0 0 0 0 0 0 0 72 56 26 26 77 77 77 33 75 3 30 30 30 0 0 0 0 0 0 0 0 0 0
0 0 0 0 0 0 0 0 0 0 0 0 0 0 0 0 0 0 0 0 0 0 0 0 0 0 0 72 56 26 74 74 74 77 33 75 3 3 3 30 0 0 0 0 0 0 0 0 0 0
0 0 0 0 0 0 0 0 0 0 0 0 0 0 0 0 0 0 0 0 0 0 0 0 0 0 0 72 56 26 74 74 74 77 33 75 75 75 3 37 37 0 0 0 0 0 0 0 0 0
0 0 0 0 0 0 0 0 0 0 0 0 0 0 0 0 0 0 0 0 0 0 0 0 0 0 0 72 56 26 74 74 74 77 33 33 33 75 3 28 37 37 37 37 37 37 0 0 0 0
0 0 0 0 0 0 0 0 0 0 0 0 0 0 0 0 0 0 0 0 0 0 0 0 0 0 0 72 56 26 74 74 74 77 33 11 33 75 53 28 28 28 28 28 28 37 0 0 0 0
0 0 0 0 0 0 0 0 0 0 0 0 0 0 0 0 0 0 0 0 0 0 0 0 0 0 0 72 56 26 26 26 26 33 33 11 33 33 60 60 60 60 60 60 28 94 0 0 0 0
0 0 0 0 0 0 0 0 0 0 0 0 0 0 0 0 0 0 0 0 0 0 0 0 0 0 0 72 56 56 56 56 56 56 11 11 11 44 44 86 86 86 86 86 66 94 0 0 0 0
0 0 0 0 0 0 0 0 0 0 0 0 0 0 0 0 0 0 0 0 0 0 0 0 0 0 0 72 72 72 72 72 72 72 72 45 11 11 11 11 0 0 0 0 0 0 0 0 0 0
0 0 0 0 0 0 0 0 0 0 0 0 0 0 0 0 0 0 0 0 0 0 0 0 0 0 0 0 0 0 0 0 0 45 45 45 0 0 0 0 0 0 0 0 0 0 0 0 0 0
0 0 0 0 0 0 0 0 0 0 0 0 0 0 0 0 0 0 0 0 0 0 0 0 0 0 0 0 0 0 0 0 0 55 0 0 0 0 0 0 0 0 0 0 0 0 0 0 0 0
0 0 0 0 0 0 0 0 0 0 0 0 0 0 0 0 0 0 0 0 0 0 0 0 0 0 0 0 0 0 0 0 0 0 0 0 0 0 0 0 0 0 0 0 0 0 0 0 0 0
0 0 0 0 0 0 0 0 0 0 0 0 0 0 0 0 0 0 0 0 0 0 0 0 0 0 0 0 0 0 0 0 0 0 0 0 0 0 0 0 0 0 0 0 0 0 0 0 0 0
0 0 0 0 0 0 0 0 0 0 0 0 0 0 0 0 0 0 0 0 0 0 0 0 0 0 0 0 0 0 0 0 0 0 0 0 0 0 0 0 0 0 0 0 0 0 0 0 0 0
