0 0 0 0 0 0 0 0 0 0 0 0 0 0 0 0 65 65 65 0 0 0 0 0 0 0 0 0 0 0 0 0 0 0 0 0 0 0 0 0 0 0 0 0 0 0 0 0 0 0
0 0 0 0 0 0 0 0 0 0 0 0 0 0 0 0 65 29 29 2 2 2 0 0 0 0 0 0 0 0 0 0 0 0 0 0 0 0 0 0 0 0 0 0 0 0 0 0 0 0
0 0 0 0 0 0 0 0 0 0 0 0 0 0 0 0 65 29 29 29 29 2 72 72 72 72 0 0 0 0 0 0 0 0 0 0 0 0 0 0 0 0 0 0 0 0 0 0 0 0
0 0 0 0 0 0 0 0 0 0 0 0 0 0 0 65 65 29 29 29 29 2 72 2 2 72 72 0 0 0 0 0 0 0 0 0 0 0 0 0 0 0 0 0 0 0 0 0 0 0
0 0 0 0 0 0 0 0 0 0 0 0 0 0 0 65 29 29 29 29 29 2 72 2 9 86 72 0 0 0 0 0 0 0 0 0 0 0 0 0 0 0 0 0 0 0 0 0 0 0
0 0 0 0 0 0 0 0 0 0 0 0 0 0 0 65 29 29 29 29 29 2 72 2 9 86 72 0 0 0 0 0 0 0 0 0 0 0 0 0 0 0 0 0 0 0 0 0 0 0
0 0 0 0 0 0 0 0 0 0 0 0 0 0 0 65 29 29 29 29 29 2 2 2 9 86 72 0 0 0 0 0 0 0 0 0 0 0 0 0 0 0 0 0 0 0 0 0 0 0
0 0 0 0 0 0 0 0 0 0 0 0 0 0 0 65 29 29 29 29 29 29 29 2 9 86 72 0 0 0 0 0 0 0 0 0 0 0 0 0 0 0 0 0 0 0 0 0 0 0
0 0 0 0 0 0 0 0 0 0 0 64 0 65 65 65 29 29 29 29 29 29 29 2 9 86 72 0 0 0 0 0 0 0 0 0 0 0 0 0 0 0 0 0 0 0 0 45 0 0
0 0 0 0 0 0 0 0 0 0 0 51 78 65 29 29 29 29 29 29 29 29 29 2 9 86 72 0 0 0 0 0 0 0 0 0 0 0 0 0 0 0 0 0 71 71 71 71 0 0
0 0 0 0 0 0 0 0 0 0 0 51 95 65 29 29 29 29 29 29 29 29 29 2 9 86 72 0 0 0 0 0 0 0 0 0 0 0 0 0 0 0 0 0 71 53 53 71 0 0
0 0 0 0 0 0 0 0 0 0 0 82 95 65 29 29 29 29 29 29 29 29 29 2 9 86 72 0 0 0 0 0 0 0 0 0 0 0 0 0 0 0 71 71 71 53 88 90 0 0
0 0 0 0 0 0 0 0 82 82 82 82 95 65 29 29 29 29 29 29 29 29 29 2 9 86 72 72 0 0 0 0 0 0 0 0 0 0 0 0 71 71 71 53 53 53 88 90 0 0
0 0 0 0 0 0 0 0 82 92 95 95 95 65 29 29 29 29 29 29 29 29 29 2 9 86 86 72 36 36 36 36 36 36 50 50 0 0 0 0 71 53 53 53 88 88 88 90 0 0
0 0 0 0 0 0 0 0 82 18 84 95 65 65 74 29 29 29 29 29 29 29 29 2 9 39 62 62 62 62 62 62 62 62 62 47 0 0 0 0 71 53 88 88 88 90 90 90 0 0
0 0 0 0 0 0 0 0 0 18 84 95 65 2 2 2 29 29 29 29 29 29 29 2 9 39 22 22 22 22 22 22 22 22 61 47 71 71 71 71 71 53 88 90 90 90 0 0 0 0
0 0 0 0 0 0 0 0 0 89 84 95 65 65 65 2 2 2 2 2 2 2 2 2 9 39 80 80 22 22 28 28 28 22 22 47 71 53 53 53 53 53 88 41 0 0 0 0 0 0
0 0 0 0 0 0 0 0 0 89 84 95 95 95 65 65 65 65 65 65 65 40 40 40 40 39 91 12 12 12 12 32 28 28 22 47 71 53 88 88 88 88 88 13 0 0 0 0 0 0
0 0 0 0 0 0 0 0 0 89 84 84 84 95 95 95 95 95 95 65 93 93 68 68 40 39 91 37 37 37 37 32 32 28 22 47 71 53 88 28 28 28 15 13 0 0 0 0 0 0
0 0 0 0 0 0 0 0 0 89 89 89 84 95 84 84 84 84 95 65 93 91 94 68 40 39 91 37 91 91 37 6 32 28 22 24 71 53 88 28 32 32 31 13 0 0 0 0 0 0
0 0 0 0 0 0 0 0 0 0 0 89 84 84 84 89 89 84 95 95 93 91 68 68 39 39 91 91 91 52 100 6 32 28 22 53 53 53 88 28 32 7 7 13 0 0 0 0 0 0
0 0 0 0 0 0 0 0 0 0 0 89 89 89 89 89 89 84 84 84 93 91 39 39 39 91 91 52 52 52 100 6 32 28 22 88 88 88 88 28 32 7 96 96 0 0 0 0 0 0
0 0 0 0 0 0 0 0 0 0 0 0 0 0 0 5 76 76 84 84 43 91 91 91 91 91 52 52 100 100 100 6 32 28 22 28 28 28 28 28 32 7 96 0 0 0 0 0 0 0
0 0 0 0 0 0 0 0 0 0 0 0 0 0 0 4 76 35 35 34 43 43 91 91 43 52 52 8 100 6 6 6 32 28 22 28 32 32 32 32 32 7 96 0 0 0 0 0 0 0
0 0 0 0 0 0 0 0 0 0 0 0 0 0 0 0 76 35 26 34 34 43 91 91 43 56 66 8 6 6 32 32 32 28 28 28 32 57 57 57 7 7 96 0 0 0 0 0 0 0
0 0 0 0 0 0 0 0 0 0 0 0 0 0 0 0 76 35 26 43 43 43 43 43 43 20 20 8 73 59 32 28 28 28 32 32 32 32 32 57 7 96 96 0 0 0 0 0 0 0
0 0 0 0 0 0 0 0 0 0 0 0 0 0 0 0 76 35 26 1 11 11 11 11 81 81 55 55 55 59 32 32 32 32 32 59 59 59 32 57 7 63 0 0 0 0 0 0 0 0
0 0 0 0 0 0 0 0 0 0 0 0 0 0 0 0 76 35 35 1 11 16 16 30 30 27 27 27 27 59 59 59 59 59 59 59 83 59 32 57 19 63 0 0 0 0 0 0 0 0
0 0 0 0 0 0 0 0 0 0 0 0 0 0 0 0 76 76 38 38 11 16 69 69 67 67 21 21 21 21 21 21 21 21 59 83 83 59 59 83 19 0 0 0 0 0 0 0 0 0
0 0 0 0 0 0 0 0 0 0 0 0 0 0 0 0 0 76 76 76 11 16 99 70 70 67 0 0 0 0 0 0 0 21 59 83 83 83 83 83 19 0 0 0 0 0 0 0 0 0
0 0 0 0 0 0 0 0 0 0 0 0 0 0 0 0 75 75 75 76 44 16 99 0 70 67 0 0 0 0 0 0 0 21 59 83 19 19 19 19 19 0 0 0 0 0 0 0 0 0
0 0 0 0 0 0 0 0 0 0 0 0 0 75 75 75 75 76 76 76 44 16 49 0 70 67 0 0 0 0 0 0 0 21 59 83 19 0 0 0 0 0 0 0 0 0 0 0 0 0
0 0 0 0 0 0 0 0 0 0 0 0 75 75 76 76 76 76 46 46 44 16 49 0 70 67 67 0 0 0 0 0 0 21 59 83 19 0 0 0 0 0 0 0 0 0 0 0 0 0
0 0 0 0 0 0 0 0 0 0 0 0 75 76 76 46 46 46 46 33 33 16 49 0 70 70 67 0 0 0 0 0 0 21 59 83 19 0 0 0 0 0 0 0 0 0 0 0 0 0
0 0 0 0 0 0 0 0 0 0 0 75 75 76 46 46 33 33 33 33 49 49 49 0 0 70 67 67 0 0 0 0 21 21 59 83 19 10 10 0 0 0 0 0 0 0 0 0 0 0
0 0 0 0 0 0 0 0 0 0 75 75 76 76 46 33 33 77 77 77 77 0 0 0 0 70 70 67 0 0 0 0 21 59 59 83 19 85 10 0 0 0 0 0 0 0 0 0 0 0
0 0 0 0 0 0 0 0 0 0 75 76 76 46 46 33 77 77 0 0 0 0 0 0 0 70 70 67 0 0 0 0 21 59 83 83 54 85 10 0 0 0 0 0 0 0 0 0 0 0
0 0 0 0 0 0 0 0 0 0 75 76 46 46 33 33 77 0 0 0 0 0 0 0 0 70 67 67 0 0 0 0 21 59 59 59 54 54 54 0 0 0 0 0 0 0 0 0 0 0
0 0 0 0 0 3 75 75 75 75 75 76 46 33 33 77 77 0 0 0 0 0 0 0 0 70 67 0 0 0 0 0 21 21 21 23 23 23 54 0 0 0 0 0 0 0 0 0 0 0
0 0 0 0 0 3 25 42 76 76 76 76 46 33 77 77 0 0 0 0 0 0 0 0 0 70 67 0 0 0 0 0 0 0 21 21 21 23 54 54 54 0 0 0 0 0 0 0 0 0
0 0 0 0 0 25 25 46 46 46 46 46 46 33 77 0 0 0 0 0 0 0 0 0 0 70 67 0 0 0 0 0 0 0 0 0 21 23 23 23 54 0 0 0 0 0 0 0 0 0
0 0 0 0 0 25 46 46 87 87 87 87 87 33 77 0 0 0 0 0 0 0 0 0 0 70 67 67 0 0 0 0 0 0 0 0 21 21 21 23 54 0 0 0 0 0 0 0 0 0
0 0 0 0 0 25 46 87 87 17 17 87 33 33 77 0 0 0 0 0 0 0 0 0 0 70 70 67 0 0 0 0 0 0 0 0 0 23 23 23 54 54 54 54 0 0 0 0 0 0
0 0 0 0 0 25 46 14 87 17 87 87 33 77 77 0 0 0 0 0 0 0 0 0 0 0 70 67 0 0 0 0 0 0 0 0 0 60 0 98 98 98 98 54 54 97 0 0 0 0
0 0 0 0 0 25 58 87 87 17 87 33 33 77 0 0 0 0 0 0 0 0 0 0 0 70 70 67 0 0 0 0 0 0 0 0 0 0 0 0 0 0 98 98 48 97 0 0 0 0
0 0 0 0 0 17 17 17 17 17 87 33 77 77 0 0 0 0 0 0 0 0 0 0 0 70 79 67 0 0 0 0 0 0 0 0 0 0 0 0 0 0 0 98 98 98 0 0 0 0
0 0 0 0 0 0 0 0 0 17 17 77 77 0 0 0 0 0 0 0 0 0 0 0 0 70 70 0 0 0 0 0 0 0 0 0 0 0 0 0 0 0 0 0 0 0 0 0 0 0
0 0 0 0 0 0 0 0 0 0 0 0 0 0 0 0 0 0 0 0 0 0 0 0 0 0 0 0 0 0 0 0 0 0 0 0 0 0 0 0 0 0 0 0 0 0 0 0 0 0
0 0 0 0 0 0 0 0 0 0 0 0 0 0 0 0 0 0 0 0 0 0 0 0 0 0 0 0 0 0 0 0 0 0 0 0 0 0 0 0 0 0 0 0 0 0 0 0 0 0
0 0 0 0 0 0 0 0 0 0 0 0 0 0 0 0 0 0 0 0 0 0 0 0 0 0 0 0 0 0 0 0 0 0 0 0 0 0 0 0 0 0 0 0 0 0 0 0 0 0
