0 0 0 0 0 0 0 0 0 0 0 0 0 0 0 0 0 0 0 0 0 0 0 0 0 0 0 0 0 0 0 0 0 0 0 0 0 0 0 0 0 0 0 0 0 0 0 0 0 0
0 0 0 0 0 0 0 0 0 0 0 0 0 0 0 0 0 0 0 0 0 0 0 0 0 0 0 0 0 0 0 0 0 0 0 0 0 0 0 0 0 0 0 0 0 0 0 0 0 0
0 0 0 0 0 0 0 0 0 0 0 0 0 0 0 0 0 0 0 0 0 0 0 0 0 0 0 0 0 0 0 0 0 0 0 0 0 0 0 0 0 0 0 0 0 0 0 0 0 0
0 0 0 0 0 0 0 0 0 0 0 0 0 0 0 0 0 0 0 0 0 0 0 0 0 0 0 0 0 0 0 0 0 0 0 0 0 0 0 0 0 0 0 0 0 0 0 0 0 0
0 0 0 0 0 0 0 0 0 0 0 0 0 0 0 0 0 0 0 0 0 0 0 0 0 0 0 0 0 0 0 0 0 0 0 0 0 29 29 0 0 0 0 77 77 77 77 48 0 0
0 0 0 0 0 0 0 0 0 0 0 0 0 0 0 0 0 0 0 0 0 0 0 0 0 0 0 0 0 0 0 0 0 0 0 0 0 55 87 87 77 77 77 77 6 6 6 56 0 0
0 0 0 0 0 0 0 0 0 0 0 0 0 0 0 0 0 0 0 0 0 0 0 0 0 0 0 0 0 0 0 0 0 0 0 0 0 55 11 77 77 6 6 6 6 56 56 56 0 0
0 0 0 0 0 0 0 0 0 0 0 0 0 0 0 0 0 0 0 0 0 0 0 0 0 0 0 0 0 0 0 0 0 0 0 0 0 55 11 6 6 6 56 56 56 56 50 0 0 0
0 0 0 0 0 0 0 0 0 0 0 0 0 0 0 0 0 0 0 0 0 0 0 0 0 0 0 0 0 0 0 0 0 0 0 0 55 55 11 85 56 56 56 0 0 0 0 0 0 0
0 0 0 0 0 0 0 0 0 0 0 5 5 15 15 0 0 0 0 0 0 0 0 0 0 0 0 0 0 0 0 0 0 0 0 0 55 11 11 49 56 0 0 0 0 0 0 0 0 0
0 0 0 0 0 0 0 0 0 0 0 5 97 97 17 0 0 0 0 0 0 0 0 0 0 0 0 0 0 0 0 0 0 0 0 0 55 11 49 49 56 0 0 0 0 0 0 0 0 0
0 0 0 0 0 0 0 0 0 0 0 5 9 39 17 17 17 17 17 17 0 0 0 0 0 0 0 0 0 0 0 0 0 0 0 0 55 11 49 49 56 0 0 0 0 0 0 0 0 0
0 0 0 0 0 0 0 0 0 0 0 0 9 39 8 8 8 8 8 17 0 0 0 0 0 0 0 0 0 0 0 0 0 0 0 0 55 11 11 49 56 0 0 0 0 0 0 0 0 0
0 0 0 0 0 0 0 0 0 0 0 0 9 46 46 52 25 25 8 17 0 0 0 0 0 0 0 0 0 0 0 0 0 0 0 0 55 55 11 49 56 0 0 0 0 0 0 0 0 0
0 0 0 0 0 0 0 0 0 0 0 0 9 9 10 52 82 25 8 17 0 0 0 0 0 0 0 0 0 0 0 71 71 71 71 71 71 55 11 49 56 0 0 0 0 0 0 0 0 0
0 0 0 0 0 0 0 0 0 0 0 0 0 0 10 10 82 25 8 17 0 0 0 0 0 0 0 0 0 0 0 71 55 55 55 55 55 55 11 49 56 56 69 0 0 0 0 0 0 0
0 0 0 0 0 0 0 0 0 0 0 0 0 0 0 96 82 25 8 17 0 0 0 0 0 0 0 0 0 0 71 71 28 11 11 11 11 11 11 49 49 31 69 0 0 0 0 0 0 0
0 0 0 0 0 0 0 0 0 0 0 0 0 0 0 100 82 25 8 17 0 0 0 0 0 0 0 71 71 71 71 24 28 11 81 81 81 81 81 81 59 31 69 69 0 0 0 0 0 0
0 0 0 0 0 0 0 0 0 0 0 0 0 0 0 100 82 25 8 17 17 0 0 0 0 0 79 79 83 83 83 83 28 11 81 73 73 73 73 73 59 31 23 69 0 0 0 0 0 0
0 0 0 0 0 0 0 0 0 0 0 0 0 0 0 100 82 25 8 8 17 17 79 79 79 79 79 38 38 11 11 11 11 11 81 73 20 20 20 73 73 73 23 69 0 0 0 0 0 0
0 0 0 0 0 0 0 0 0 0 0 0 0 0 0 100 82 25 25 8 8 38 38 38 38 38 38 38 64 11 81 81 81 81 81 73 20 0 20 20 20 20 20 69 0 0 0 0 0 0
0 0 0 0 0 0 0 0 0 0 0 0 0 0 0 100 82 82 25 25 25 25 33 33 33 33 33 90 64 81 81 73 73 73 73 73 20 0 0 0 0 0 0 0 0 0 0 0 0 0
0 0 0 0 0 0 0 0 0 0 0 0 0 0 0 100 100 82 82 82 82 82 82 16 4 4 27 90 14 14 14 73 20 20 20 20 20 0 0 0 0 0 0 0 0 0 0 0 0 0
0 0 0 0 0 0 0 0 0 0 0 0 0 0 0 0 100 100 82 82 16 16 16 16 66 63 27 90 89 30 14 73 20 0 0 0 0 0 0 0 0 0 0 0 0 0 0 0 0 0
0 0 0 0 0 0 0 0 0 0 0 0 0 0 0 0 0 100 82 16 16 66 66 66 66 89 27 90 89 14 14 73 20 42 42 42 42 42 42 42 0 0 0 0 0 0 0 0 0 0
0 0 0 0 0 0 0 0 0 0 0 0 0 0 0 0 0 100 82 16 66 66 35 35 80 89 89 89 89 2 73 73 42 42 3 3 3 3 3 42 42 0 0 0 0 0 0 0 0 0
0 0 0 0 0 0 0 0 0 0 0 0 0 0 0 0 60 100 82 62 84 35 35 35 80 80 80 44 2 2 73 3 3 3 3 61 61 61 3 3 42 0 0 0 0 0 0 0 0 0
0 0 0 0 0 0 0 0 0 0 0 0 57 57 57 57 57 100 43 62 74 74 86 35 35 35 80 44 2 61 61 61 3 3 61 61 44 44 78 3 42 0 0 0 0 0 0 0 0 0
0 0 0 0 0 0 0 0 0 0 0 67 57 43 43 43 43 43 43 74 74 86 86 86 86 35 80 44 2 2 2 61 3 3 61 44 44 78 78 3 42 0 0 0 0 0 0 0 0 0
0 0 0 0 0 0 0 0 0 0 0 67 91 43 74 74 74 43 74 74 86 86 98 98 86 35 80 44 44 44 2 61 61 61 61 44 78 78 3 3 42 47 47 0 0 0 0 0 0 0
0 0 0 0 0 0 0 0 67 67 67 67 91 75 93 93 74 74 74 86 86 41 98 86 86 35 80 94 94 44 2 44 44 44 44 44 78 78 3 88 88 88 47 0 0 0 0 0 0 0
0 0 0 0 0 0 67 67 67 91 91 91 91 75 75 93 93 93 93 86 41 41 98 86 35 35 80 26 94 44 44 44 68 68 68 44 18 78 3 3 3 88 47 0 0 0 0 0 0 0
0 0 0 0 0 0 67 91 91 91 75 75 75 75 75 92 65 65 93 86 41 51 98 86 35 80 80 94 94 94 94 44 44 68 68 32 18 78 78 78 3 88 47 0 0 0 0 0 0 0
0 0 0 0 0 0 67 91 45 75 75 67 67 21 37 37 65 93 93 86 41 51 98 86 86 98 98 98 98 98 94 94 53 68 18 18 18 76 76 76 88 88 47 0 0 0 0 0 0 0
0 0 0 0 0 0 67 67 75 75 67 67 67 21 21 7 65 93 86 86 41 51 98 98 98 98 51 51 51 98 98 68 22 68 76 76 76 76 34 34 34 47 47 0 0 0 0 0 0 0
0 0 0 0 0 0 0 67 67 67 67 0 21 21 21 7 65 65 41 41 41 51 51 51 51 51 51 95 51 70 54 68 68 68 76 34 34 34 34 0 0 0 0 0 0 0 0 0 0 0
0 0 0 0 0 0 0 0 0 0 0 0 1 12 12 7 7 7 7 51 51 51 0 0 0 0 0 95 95 70 54 54 54 76 76 34 0 0 0 0 0 0 0 0 0 0 0 0 0 0
0 0 0 0 0 0 0 0 0 0 0 0 0 0 36 36 36 36 36 36 0 0 0 0 0 0 0 0 95 70 70 70 54 40 40 34 0 0 0 0 0 0 0 0 0 0 0 0 0 0
0 0 0 0 0 0 0 0 0 0 0 0 0 0 0 0 0 0 0 0 0 0 0 0 0 0 0 0 95 95 95 70 72 72 40 40 0 0 0 0 0 0 0 0 0 0 0 0 0 0
0 0 0 0 0 0 0 0 0 0 0 0 0 0 0 0 0 0 0 0 0 0 0 0 0 0 0 0 0 0 95 70 13 58 58 99 0 0 0 0 0 0 0 0 0 0 0 0 0 0
0 0 0 0 0 0 0 0 0 0 0 0 0 0 0 0 0 0 0 0 0 0 0 0 0 0 0 0 0 0 95 70 0 0 0 0 0 0 0 0 0 0 0 0 0 0 0 0 0 0
0 0 0 0 0 0 0 0 0 0 0 0 0 0 0 0 0 0 0 0 0 0 0 0 0 0 0 0 0 0 95 70 0 0 0 0 0 0 0 0 0 0 0 0 0 0 0 0 0 0
0 0 0 0 0 0 0 0 0 0 0 0 0 0 0 0 0 0 0 0 0 0 0 0 0 0 0 0 0 0 95 70 0 0 0 0 0 0 0 0 0 0 0 0 0 0 0 0 0 0
0 0 0 0 0 0 0 0 0 0 0 0 0 0 0 0 0 0 0 0 0 0 0 0 0 0 0 0 0 0 95 70 0 0 0 0 0 0 0 0 0 0 0 0 0 0 0 0 0 0
0 0 0 0 0 0 0 0 0 0 0 0 0 0 0 0 0 0 0 0 0 0 0 0 0 0 0 0 0 0 95 70 70 0 0 0 0 0 0 0 0 0 0 0 0 0 0 0 0 0
0 0 0 0 0 0 0 0 0 0 0 0 0 0 0 0 0 0 0 0 0 0 0 0 0 0 0 0 0 0 95 19 70 0 0 0 0 0 0 0 0 0 0 0 0 0 0 0 0 0
0 0 0 0 0 0 0 0 0 0 0 0 0 0 0 0 0 0 0 0 0 0 0 0 0 0 0 0 0 0 95 95 0 0 0 0 0 0 0 0 0 0 0 0 0 0 0 0 0 0
0 0 0 0 0 0 0 0 0 0 0 0 0 0 0 0 0 0 0 0 0 0 0 0 0 0 0 0 0 0 0 0 0 0 0 0 0 0 0 0 0 0 0 0 0 0 0 0 0 0
0 0 0 0 0 0 0 0 0 0 0 0 0 0 0 0 0 0 0 0 0 0 0 0 0 0 0 0 0 0 0 0 0 0 0 0 0 0 0 0 0 0 0 0 0 0 0 0 0 0
0 0 0 0 0 0 0 0 0 0 0 0 0 0 0 0 0 0 0 0 0 0 0 0 0 0 0 0 0 0 0 0 0 0 0 0 0 0 0 0 0 0 0 0 0 0 0 0 0 0
