0 0 0 0 0 0 0 0 0 0 0 0 0 0 0 0 0 0 0 0 0 0 0 0 0 0 0 0 0 0 0 0 0 0 0 0 0 0 0 0 0 0 0 0 0 0 0 0 0 0
0 0 0 0 0 0 0 0 0 0 0 0 0 0 0 0 0 0 0 0 0 0 0 0 0 0 0 0 0 0 0 0 0 0 0 0 0 0 0 0 0 0 0 0 0 0 0 0 0 0
0 0 0 0 0 0 0 0 0 0 0 0 0 0 0 0 0 0 0 0 0 0 0 0 0 0 0 0 0 0 0 0 0 0 0 0 0 0 0 0 0 0 0 0 0 0 0 0 0 0
0 0 0 0 0 0 0 0 0 0 0 0 0 0 0 0 0 0 0 0 0 0 0 0 0 0 0 0 0 0 0 0 0 0 0 0 0 0 0 0 0 0 0 0 0 0 0 0 0 0
0 0 0 0 0 0 0 0 0 0 0 0 0 0 0 0 0 0 0 0 0 0 0 0 0 0 0 0 0 0 0 0 0 0 0 0 0 0 0 0 0 0 0 0 0 0 0 0 0 0
0 0 0 0 0 0 0 0 0 0 0 0 0 0 0 0 0 0 0 0 0 0 0 0 0 0 0 0 0 0 0 0 0 0 0 0 0 0 0 0 0 0 0 0 0 0 0 0 0 0
0 0 20 6 6 0 0 0 0 0 0 0 0 0 0 0 0 0 66 66 66 0 0 0 0 0 0 0 0 0 0 0 0 0 0 0 0 0 0 0 0 0 0 0 0 0 0 0 0 0
0 0 84 100 6 6 6 6 6 0 0 0 0 0 0 0 0 18 18 56 66 0 0 0 0 0 0 0 0 0 0 0 0 0 0 0 0 0 0 0 0 0 0 0 0 0 0 0 0 0
0 0 84 100 100 100 100 100 6 6 0 0 0 0 0 0 0 18 67 35 66 0 0 0 0 0 0 0 0 0 0 0 0 0 0 0 0 0 0 86 86 76 26 0 0 0 0 0 0 0
0 0 84 84 84 84 84 100 100 6 0 0 0 0 0 0 0 18 67 35 66 0 0 0 0 0 0 0 0 0 0 0 0 88 88 53 53 53 53 53 76 76 0 0 0 0 0 0 0 0
0 0 0 0 0 0 84 84 100 22 22 22 10 10 10 10 10 18 67 35 66 0 0 0 0 0 0 0 0 0 0 0 0 88 94 94 23 23 17 38 38 76 0 0 0 0 0 0 0 0
0 0 0 0 0 0 0 75 100 51 8 82 82 82 82 82 82 18 67 35 66 66 0 0 0 0 0 0 0 0 0 83 83 83 94 28 28 17 17 5 69 69 0 0 0 0 0 0 0 0
0 0 0 0 0 0 0 75 52 51 8 18 18 18 18 18 82 18 67 35 35 66 66 0 0 0 0 0 0 0 34 83 44 94 94 28 5 5 5 5 90 0 0 0 0 0 0 0 0 0
0 0 0 0 0 0 0 75 52 78 78 78 78 78 78 18 82 18 67 67 35 35 66 0 0 0 0 0 0 0 34 71 44 12 62 28 5 90 90 90 90 0 0 0 0 0 0 0 0 0
0 0 0 0 0 0 0 75 75 75 75 75 75 75 78 18 82 18 18 67 67 35 66 0 0 34 34 34 34 34 34 71 30 12 62 5 5 90 0 0 0 0 0 0 0 0 0 0 0 0
0 0 0 0 0 0 0 0 0 0 0 0 0 75 78 18 18 18 18 18 67 35 66 0 34 34 66 66 66 66 66 66 30 29 62 5 90 90 0 0 0 0 0 0 0 0 0 0 0 0
0 0 0 0 0 0 0 0 0 0 0 0 24 75 78 78 18 18 18 18 67 35 66 0 34 66 66 30 30 30 30 30 30 29 42 5 90 0 0 0 0 0 0 0 0 0 0 0 0 0
0 0 0 0 0 0 0 0 0 0 0 0 1 1 1 78 78 78 67 67 67 35 66 34 34 66 30 30 29 29 29 29 29 29 42 81 90 0 0 0 0 0 0 0 0 0 0 0 0 0
0 0 0 0 0 0 0 0 80 80 80 80 80 80 1 1 78 78 3 87 35 35 66 34 66 66 30 29 29 42 42 42 42 42 42 81 0 0 0 0 0 0 0 0 0 0 0 0 0 0
0 0 0 0 0 0 0 0 80 1 1 1 1 1 1 1 7 70 70 87 35 66 66 34 66 30 30 29 42 42 81 81 81 81 81 81 0 0 0 0 0 0 0 0 0 0 0 0 0 0
0 0 0 0 0 0 0 0 80 1 61 61 61 61 61 61 7 99 11 87 35 66 34 34 66 30 29 29 42 81 81 0 0 0 0 0 0 0 0 0 0 0 0 0 0 0 0 0 0 0
0 0 0 0 0 0 0 0 80 1 61 99 99 99 99 61 7 99 11 87 35 66 34 66 66 30 29 42 42 81 81 0 0 0 0 0 0 0 0 0 0 0 0 0 0 0 0 0 0 0
0 0 0 0 0 0 0 0 80 1 61 99 11 11 99 61 7 99 11 87 35 66 66 66 30 30 29 42 42 42 81 81 0 0 0 0 0 0 0 0 0 0 0 0 0 0 0 0 0 0
0 0 0 0 0 0 0 0 80 1 61 61 32 11 99 99 7 99 11 87 35 35 35 35 35 60 29 89 89 42 16 81 0 0 0 0 0 0 0 0 0 0 0 0 0 0 0 0 0 0
0 0 0 0 0 0 0 0 80 1 96 39 32 11 11 99 99 99 11 87 87 87 87 87 87 60 43 43 4 4 16 81 0 0 0 0 0 0 0 0 0 0 0 0 0 0 0 0 0 0
0 0 0 0 0 0 0 0 80 80 96 39 32 32 11 11 11 11 11 11 11 32 32 19 21 21 21 21 21 37 16 81 0 0 0 0 0 0 0 0 0 0 0 0 0 0 0 0 0 0
0 0 0 0 0 0 0 0 0 80 96 39 39 32 32 32 32 32 32 11 32 32 79 19 95 63 63 63 63 63 16 81 0 0 0 0 0 0 0 0 0 0 0 0 0 0 0 0 0 0
0 0 0 0 0 0 80 80 80 80 96 96 39 25 25 25 25 25 32 32 32 79 79 50 95 2 15 41 58 58 16 81 0 0 0 0 0 0 0 0 0 0 0 0 0 0 0 0 0 0
0 0 0 0 0 0 80 39 39 39 39 39 39 25 48 48 25 25 32 79 79 79 50 50 65 65 15 64 58 97 97 81 0 0 0 0 0 0 0 0 0 0 0 0 0 0 0 0 0 0
0 0 0 0 0 80 80 39 25 25 25 25 25 25 48 25 25 32 32 79 77 77 50 13 13 15 15 64 58 58 74 74 74 0 0 0 0 0 0 0 0 0 0 0 0 0 0 0 0 0
0 0 0 0 0 73 55 55 48 48 48 48 48 48 48 25 32 32 79 79 77 98 98 98 98 98 64 64 64 93 93 93 74 74 0 0 0 0 0 0 0 0 0 0 0 0 0 0 0 0
0 0 0 0 0 14 14 47 47 47 47 47 47 47 48 25 31 79 79 77 77 98 0 0 0 0 0 0 64 64 64 93 93 74 74 74 74 74 74 0 0 0 0 0 0 0 0 0 0 0
0 0 0 0 0 0 0 0 0 0 0 0 47 47 48 48 31 40 77 77 98 98 0 0 0 0 0 0 0 0 64 64 93 93 93 93 93 93 74 0 0 0 0 0 0 0 0 0 0 0
0 0 0 0 0 0 0 0 0 0 0 47 47 48 48 48 77 36 77 98 98 0 0 0 0 0 0 0 0 0 0 64 64 64 64 64 27 93 74 0 0 0 0 0 0 0 0 0 0 0
0 0 0 0 0 0 0 0 0 0 0 47 48 48 77 77 77 77 77 98 0 0 0 0 0 0 0 0 0 0 0 0 0 0 0 68 68 93 74 0 0 0 0 0 0 0 0 0 0 0
0 0 0 0 0 0 0 0 0 0 0 47 92 77 77 98 98 98 98 98 0 0 0 0 0 0 0 0 0 0 0 0 0 0 0 0 68 49 74 0 0 0 0 0 0 0 0 0 0 0
0 0 0 0 0 0 0 0 47 47 47 47 92 46 98 98 0 0 0 0 0 0 0 0 0 0 0 0 0 0 0 0 0 0 0 0 0 0 0 0 0 0 0 0 0 0 0 0 0 0
0 0 0 0 0 0 0 0 9 92 92 92 92 46 98 0 0 0 0 0 0 0 0 0 0 0 0 0 0 0 0 0 0 0 0 0 0 0 0 0 0 0 0 0 0 0 0 0 0 0
0 0 0 0 0 0 0 0 9 45 46 46 46 46 98 0 0 0 0 0 0 0 0 0 0 0 0 0 0 0 0 0 0 0 0 0 0 0 0 0 0 0 0 0 0 0 0 0 0 0
0 0 0 0 0 0 0 0 54 45 46 98 98 98 98 0 0 0 0 0 0 0 0 0 0 0 0 0 0 0 0 0 0 0 0 0 0 0 0 0 0 0 0 0 0 0 0 0 0 0
0 0 0 0 0 0 0 0 54 45 46 46 72 72 72 0 0 0 0 0 0 0 0 0 0 0 0 0 0 0 0 0 0 0 0 0 0 0 0 0 0 0 0 0 0 0 0 0 0 0
0 0 0 0 0 0 0 0 54 45 45 46 46 33 91 0 0 0 0 0 0 0 0 0 0 0 0 0 0 0 0 0 0 0 0 0 0 0 0 0 0 0 0 0 0 0 0 0 0 0
0 0 0 0 0 0 0 0 54 54 45 45 46 33 59 0 0 0 0 0 0 0 0 0 0 0 0 0 0 0 0 0 0 0 0 0 0 0 0 0 0 0 0 0 0 0 0 0 0 0
0 0 0 0 0 0 0 0 57 46 46 46 46 85 59 0 0 0 0 0 0 0 0 0 0 0 0 0 0 0 0 0 0 0 0 0 0 0 0 0 0 0 0 0 0 0 0 0 0 0
0 0 0 0 0 0 0 0 85 85 85 85 85 85 0 0 0 0 0 0 0 0 0 0 0 0 0 0 0 0 0 0 0 0 0 0 0 0 0 0 0 0 0 0 0 0 0 0 0 0
0 0 0 0 0 0 0 0 0 0 0 0 0 0 0 0 0 0 0 0 0 0 0 0 0 0 0 0 0 0 0 0 0 0 0 0 0 0 0 0 0 0 0 0 0 0 0 0 0 0
0 0 0 0 0 0 0 0 0 0 0 0 0 0 0 0 0 0 0 0 0 0 0 0 0 0 0 0 0 0 0 0 0 0 0 0 0 0 0 0 0 0 0 0 0 0 0 0 0 0
0 0 0 0 0 0 0 0 0 0 0 0 0 0 0 0 0 0 0 0 0 0 0 0 0 0 0 0 0 0 0 0 0 0 0 0 0 0 0 0 0 0 0 0 0 0 0 0 0 0
0 0 0 0 0 0 0 0 0 0 0 0 0 0 0 0 0 0 0 0 0 0 0 0 0 0 0 0 0 0 0 0 0 0 0 0 0 0 0 0 0 0 0 0 0 0 0 0 0 0
0 0 0 0 0 0 0 0 0 0 0 0 0 0 0 0 0 0 0 0 0 0 0 0 0 0 0 0 0 0 0 0 0 0 0 0 0 0 0 0 0 0 0 0 0 0 0 0 0 0
