0 0 0 0 0 0 0 0 0 0 0 0 0 0 0 0 0 0 0 0 0 0 0 0 0 0 0 0 0 0 0 0 0 0 0 0 0 0 0 0 0 0 0 0 0 0 0 0 0 0
0 0 0 0 0 0 0 0 0 0 0 0 0 0 0 0 0 0 0 0 0 0 0 0 0 0 0 0 0 0 0 0 0 0 0 0 0 0 0 0 0 0 0 0 0 0 0 0 0 0
0 0 0 0 0 0 0 0 0 0 0 0 0 0 0 0 0 0 0 0 0 0 0 0 0 0 0 0 0 0 0 0 0 0 0 0 0 0 0 0 0 0 0 0 0 0 0 0 0 0
0 0 0 0 0 0 0 0 0 0 0 0 0 0 0 0 0 0 0 0 0 0 0 0 0 0 0 0 0 0 0 0 0 0 0 0 0 0 0 0 0 0 0 0 0 0 0 0 0 0
0 0 0 0 0 0 0 0 0 0 0 0 0 0 0 0 0 0 0 0 0 0 0 0 0 0 0 0 0 0 0 0 0 0 0 0 0 0 0 0 0 0 0 0 0 0 0 0 0 0
0 0 0 0 0 0 0 0 0 0 0 0 0 0 0 0 0 0 0 0 0 0 0 0 0 0 0 0 0 0 0 0 0 0 0 0 0 0 0 0 0 0 0 0 0 0 0 0 0 0
0 0 0 0 0 0 0 0 0 0 0 0 0 0 0 0 0 0 0 0 0 24 24 24 24 24 24 24 24 24 24 0 0 0 0 0 0 0 0 0 0 0 0 0 0 0 0 0 0 0
0 0 0 0 0 0 0 0 0 0 0 0 0 0 0 0 0 0 0 0 84 84 51 51 24 24 12 12 12 12 24 0 0 0 0 0 0 0 0 0 0 0 0 0 0 0 0 0 0 0
0 0 0 0 0 0 0 0 0 0 0 0 0 0 0 0 0 0 0 0 84 30 95 51 51 51 12 2 2 12 24 0 0 0 0 0 0 0 0 0 0 0 0 0 0 0 0 0 0 0
0 0 0 0 0 0 0 0 0 0 0 0 0 0 0 0 0 0 0 0 84 30 95 95 51 51 95 82 2 12 24 0 0 0 0 0 0 0 0 0 0 0 0 0 0 0 0 0 0 0
0 0 0 0 0 0 0 0 0 0 0 0 0 0 0 0 0 0 0 0 84 30 30 95 95 95 95 2 2 12 24 0 0 0 0 0 0 0 0 0 0 0 0 0 0 0 0 0 0 0
0 0 0 0 0 0 0 0 0 0 0 0 0 0 0 0 0 0 0 0 84 84 30 30 30 95 2 2 12 12 24 0 0 0 0 0 0 0 0 0 0 0 0 0 0 0 0 0 0 0
0 0 0 0 0 0 0 0 0 0 0 0 0 0 0 0 0 0 0 0 0 84 84 84 30 95 2 12 12 11 24 0 0 0 22 79 79 79 79 79 79 79 79 0 0 0 0 0 0 0
0 0 0 0 0 0 0 0 0 0 0 0 0 0 0 0 0 0 0 0 0 0 0 84 30 95 2 2 2 11 11 0 0 73 22 50 50 50 50 50 50 50 79 0 0 0 0 0 0 0
0 0 0 0 0 0 0 0 0 0 0 0 0 0 0 0 0 0 0 0 0 0 0 84 30 95 95 95 2 2 11 0 10 73 50 50 36 36 36 36 36 50 79 0 0 0 0 0 0 0
0 0 0 0 0 0 0 0 0 0 0 0 0 4 4 4 4 4 0 0 0 0 0 84 30 30 30 95 95 2 11 11 10 66 50 36 36 89 89 89 99 69 79 0 0 0 0 0 0 0
0 0 0 0 0 0 0 0 0 0 0 0 0 0 0 0 0 4 0 0 0 84 84 84 84 84 30 30 95 2 2 11 11 66 50 36 89 89 46 69 69 69 0 0 0 0 0 0 0 0
0 0 0 0 0 0 0 0 0 0 0 0 0 0 0 0 87 4 0 84 84 84 30 30 30 30 30 30 95 64 38 38 98 66 50 36 89 46 46 0 0 0 0 0 0 0 0 0 0 0
0 0 0 0 0 0 0 0 0 0 0 0 0 0 0 0 33 4 0 84 17 17 17 75 75 75 30 30 95 64 6 50 50 50 50 36 89 46 0 0 0 0 0 0 0 0 0 0 0 0
0 0 0 0 0 0 0 0 0 0 0 0 0 0 0 0 53 4 4 84 17 31 63 63 55 75 30 30 95 64 6 36 36 36 36 36 89 46 0 0 0 0 0 0 0 0 0 0 0 0
0 0 0 0 0 0 0 0 0 0 0 0 0 0 0 0 53 83 84 84 17 31 72 63 80 75 30 95 95 6 6 36 89 89 89 89 89 46 0 0 0 0 0 0 0 0 0 0 0 0
0 0 0 0 0 0 0 0 0 0 0 0 0 0 0 0 53 83 17 17 17 25 72 63 80 95 95 95 100 100 40 36 89 46 46 46 46 46 0 0 0 0 0 0 0 0 0 0 0 0
0 0 0 0 0 0 0 0 0 0 0 0 0 0 0 0 53 83 35 35 35 25 72 63 80 95 42 42 42 40 40 1 89 46 0 0 0 0 0 0 0 0 0 0 0 0 0 0 0 0
0 0 0 0 0 0 0 0 0 0 0 0 0 0 0 0 53 90 90 32 47 25 72 63 80 80 80 14 40 40 1 1 3 46 0 0 0 0 0 0 0 0 0 0 0 0 0 0 0 0
0 0 0 0 0 0 0 0 0 0 0 0 0 0 0 0 13 13 71 32 47 9 72 63 63 63 78 14 8 8 8 21 3 46 0 0 0 0 0 0 0 0 0 0 0 0 0 0 0 0
0 0 0 0 0 0 0 0 0 0 0 0 0 0 0 0 0 13 71 32 76 9 72 72 91 91 78 65 8 16 16 16 3 46 0 0 0 0 0 0 0 0 0 0 0 0 0 0 0 0
0 0 0 0 0 0 0 0 0 0 0 0 0 0 0 0 60 60 71 77 76 9 85 92 92 65 65 65 48 16 3 3 3 46 0 0 0 0 0 0 0 0 0 0 0 0 0 0 0 0
0 0 0 0 0 0 0 0 0 0 0 0 0 0 0 0 0 60 60 77 76 76 85 28 92 92 92 65 48 16 16 46 46 46 0 0 0 0 0 0 0 0 0 0 0 0 0 0 0 0
0 0 0 0 0 0 0 0 0 0 0 0 0 0 0 0 0 96 26 77 77 77 77 28 20 20 92 65 48 48 16 27 27 0 0 0 0 0 0 0 0 0 0 0 0 0 0 0 0 0
0 0 0 0 0 0 0 0 0 0 0 0 0 0 0 0 0 0 26 26 26 26 94 28 20 58 58 65 44 48 16 16 70 0 0 0 0 0 0 0 0 0 0 0 0 0 0 0 0 0
0 0 0 0 0 0 0 0 0 0 0 0 0 0 0 0 0 0 0 0 0 0 94 74 20 57 61 61 61 48 48 54 70 0 0 0 0 0 0 0 0 0 0 0 0 0 0 0 0 0
0 0 0 0 0 0 0 0 0 0 0 0 0 0 0 0 0 0 0 0 0 43 43 43 20 57 57 57 61 61 15 54 54 0 0 0 0 0 0 0 0 0 0 0 0 0 0 0 0 0
0 0 0 0 0 0 0 0 0 0 0 0 0 0 0 0 0 0 0 43 43 43 20 20 20 57 56 57 57 59 15 45 54 0 0 0 0 0 0 0 0 0 0 0 0 0 0 0 0 0
0 0 0 0 0 0 0 0 0 0 0 0 0 0 0 0 0 0 0 43 20 20 20 57 57 57 56 81 52 59 7 45 54 18 0 0 0 0 0 0 0 0 0 0 0 0 0 0 0 0
0 0 0 0 0 0 0 0 0 0 0 0 0 0 0 0 0 0 0 43 20 57 57 57 56 56 56 81 52 52 7 45 93 18 0 0 0 0 0 0 0 0 0 0 0 0 0 0 0 0
0 0 0 0 0 0 0 0 0 0 0 0 0 0 0 0 43 43 43 43 20 57 56 56 56 0 86 81 81 81 7 37 93 41 41 41 41 0 0 0 0 0 0 0 0 0 0 0 0 0
0 0 0 0 0 0 0 0 0 0 0 0 0 0 0 43 43 20 20 20 20 57 56 0 0 0 0 0 0 81 81 37 93 93 93 93 41 41 0 0 0 0 0 0 0 0 0 0 0 0
0 0 0 0 0 0 0 0 0 0 0 0 0 0 0 43 20 20 57 57 57 57 56 0 0 0 0 0 0 0 81 37 37 37 37 93 93 41 0 0 0 0 0 0 0 0 0 0 0 0
0 0 0 0 0 0 0 0 0 0 0 0 0 0 0 43 20 57 57 56 56 56 56 0 0 0 0 0 0 0 81 67 0 0 37 37 93 41 41 41 41 41 41 0 0 0 0 0 0 0
0 0 0 0 0 0 0 0 0 0 0 0 0 0 0 43 20 20 57 56 56 0 0 0 0 0 0 0 0 0 62 62 0 0 0 37 93 93 93 93 93 93 41 0 0 0 0 0 0 0
0 0 0 0 0 0 0 0 0 0 0 0 0 0 0 43 43 20 57 57 56 0 0 0 0 0 0 0 0 0 0 0 0 0 0 37 37 37 37 37 37 93 41 41 0 0 0 0 0 0
0 0 0 0 0 0 0 0 0 0 0 0 0 0 0 88 43 20 20 57 56 0 0 0 0 0 0 0 0 0 0 0 0 0 0 0 0 0 0 0 37 93 93 41 41 41 0 0 0 0
0 0 0 0 0 0 0 0 0 0 0 0 0 0 0 5 5 5 20 57 56 0 0 0 0 0 0 0 0 0 0 0 0 0 0 0 0 0 0 0 37 37 93 93 93 41 0 0 0 0
0 0 0 0 0 0 0 0 0 0 0 0 0 0 0 29 19 19 19 39 56 0 0 0 0 0 0 0 0 0 0 0 0 0 0 0 0 0 0 0 0 37 37 37 93 41 41 0 0 0
0 0 0 0 0 0 0 0 0 0 0 0 0 0 0 29 97 29 29 29 29 0 0 0 0 0 0 0 0 0 0 0 0 0 0 0 0 0 0 0 0 0 0 37 93 93 41 0 0 0
0 0 0 0 0 0 0 0 0 0 0 0 0 0 0 29 29 29 0 0 0 0 0 0 0 0 0 0 0 0 0 0 0 0 0 0 0 0 0 0 0 0 0 37 37 93 41 41 0 0
0 0 0 0 0 0 0 0 0 0 0 0 0 0 0 0 0 0 0 0 0 0 0 0 0 0 0 0 0 0 0 0 0 0 0 0 0 0 0 0 0 0 0 0 37 37 23 68 0 0
0 0 0 0 0 0 0 0 0 0 0 0 0 0 0 0 0 0 0 0 0 0 0 0 0 0 0 0 0 0 0 0 0 0 0 0 0 0 0 0 0 0 0 0 0 49 23 34 0 0
0 0 0 0 0 0 0 0 0 0 0 0 0 0 0 0 0 0 0 0 0 0 0 0 0 0 0 0 0 0 0 0 0 0 0 0 0 0 0 0 0 0 0 0 0 34 34 34 0 0
0 0 0 0 0 0 0 0 0 0 0 0 0 0 0 0 0 0 0 0 0 0 0 0 0 0 0 0 0 0 0 0 0 0 0 0 0 0 0 0 0 0 0 0 0 0 0 0 0 0
