0 0 0 0 0 0 0 0 0 0 0 0 0 0 0 0 0 0 0 0 0 0 0 0 0 0 0 0 0 0 0 0 0 0 0 0 0 0 0 0 0 0 0 0 0 0 0 0 0 0
0 0 0 0 0 0 0 0 0 0 0 0 0 0 0 0 0 0 0 0 0 0 0 0 0 0 0 0 0 0 0 0 0 0 0 0 0 0 0 0 0 0 0 0 0 0 0 0 0 0
0 0 0 0 0 0 0 0 0 0 0 0 0 0 0 0 0 0 0 0 0 0 0 0 0 0 0 0 0 0 0 0 0 0 0 0 0 0 0 0 0 0 0 0 0 0 0 0 0 0
0 0 0 0 0 0 0 0 0 0 0 0 0 0 0 0 0 0 0 0 0 0 0 0 0 0 0 0 0 0 0 0 0 0 0 0 0 0 0 0 0 0 0 0 0 0 0 0 0 0
0 0 0 0 0 0 0 0 0 0 0 0 0 0 0 0 0 0 0 0 0 0 0 0 0 0 0 0 0 0 0 0 0 0 0 0 0 0 0 0 0 0 0 0 0 0 0 0 0 0
0 0 0 0 0 0 0 0 0 0 0 0 0 0 0 0 0 0 0 0 0 0 0 0 0 0 0 0 0 0 0 0 0 0 0 0 0 0 0 0 0 0 0 0 0 0 0 0 0 0
0 0 0 0 0 0 0 0 0 0 0 0 0 0 0 0 0 0 0 0 0 0 0 0 0 0 0 0 0 0 0 0 0 0 0 0 0 0 0 0 0 0 0 0 0 0 0 0 0 0
0 0 0 0 0 0 0 0 59 59 0 0 0 0 0 0 0 0 0 0 0 0 0 0 0 0 0 0 0 0 0 0 0 0 0 0 0 0 0 0 0 0 0 0 0 0 0 0 0 0
0 0 0 0 0 0 0 99 99 16 0 0 0 0 0 0 0 0 0 0 0 0 0 0 0 0 0 0 0 0 0 0 0 0 0 0 0 0 0 0 0 0 0 0 0 0 0 0 0 0
0 0 0 0 0 0 45 45 92 16 0 0 0 0 0 0 0 0 0 0 0 0 0 0 0 0 0 0 0 0 0 37 37 37 37 1 0 0 0 0 0 0 0 0 0 0 0 0 0 0
0 0 0 0 0 0 42 87 92 16 16 0 0 0 79 86 86 0 0 0 0 0 0 0 0 0 0 0 0 0 37 37 20 20 13 1 1 0 0 0 0 0 0 0 0 0 0 0 0 0
0 0 0 0 0 0 0 87 92 92 16 16 16 0 79 25 100 100 100 0 0 0 0 0 0 0 0 0 0 0 37 23 20 88 13 50 1 0 0 0 0 0 0 0 0 0 0 0 0 0
0 0 0 0 0 0 0 87 87 92 92 92 16 0 79 25 10 76 100 0 0 0 0 0 0 0 0 0 0 0 37 23 41 88 21 50 55 0 0 0 0 0 0 0 0 0 0 0 0 0
0 0 0 0 0 0 0 0 87 87 87 92 16 16 79 25 10 77 100 0 0 0 0 0 0 0 0 0 0 0 37 23 62 88 21 69 55 0 0 0 0 0 0 0 0 0 0 0 0 0
0 0 0 0 0 0 0 0 0 0 87 92 92 16 61 61 10 77 37 37 37 0 0 0 0 0 0 0 0 0 37 37 62 88 21 69 0 0 0 0 0 0 0 0 0 0 0 0 0 0
0 0 0 0 0 0 0 0 0 0 87 87 92 70 70 61 10 77 77 77 37 37 37 0 0 0 0 0 0 0 0 37 62 88 21 69 0 0 0 0 0 0 0 0 0 0 0 0 0 0
0 0 0 0 0 0 0 0 0 0 0 87 87 87 70 61 10 10 10 77 77 77 37 0 0 0 0 0 0 0 0 37 62 88 21 69 0 0 0 0 0 0 0 0 0 0 0 0 0 0
0 0 0 0 0 0 0 0 0 0 0 0 0 87 51 51 51 51 10 10 10 77 37 0 0 0 37 37 37 37 37 37 62 52 21 97 0 0 0 0 0 0 0 0 0 0 0 0 0 0
0 0 0 0 0 0 0 0 0 0 0 0 0 87 2 2 2 93 10 40 19 77 37 0 37 37 37 62 62 62 62 62 62 52 60 97 0 0 0 0 0 0 0 0 0 0 0 0 0 0
0 0 0 0 0 0 0 0 0 0 0 0 0 87 11 56 56 93 10 66 19 77 37 0 37 74 74 74 52 52 52 52 52 52 60 7 0 0 0 0 0 0 0 0 0 0 0 0 0 0
0 0 0 0 0 0 0 11 11 11 11 11 11 11 11 56 47 93 93 66 19 77 37 0 37 74 63 52 52 60 60 60 60 60 60 7 0 0 0 0 0 0 0 0 0 0 0 0 0 0
0 0 0 0 0 0 11 11 83 83 83 83 83 83 83 83 83 83 93 66 19 77 37 37 37 77 63 33 60 60 30 30 30 7 7 7 0 0 0 0 0 0 0 0 0 0 0 0 0 0
0 0 0 0 0 0 11 53 46 46 46 46 46 46 46 46 83 83 93 66 19 77 77 77 77 77 38 33 30 30 30 24 9 9 67 8 0 0 0 0 0 0 0 0 0 0 0 0 0 0
0 0 0 0 0 0 11 91 91 91 91 91 91 91 91 46 83 83 93 66 19 19 19 77 38 38 38 14 14 27 34 24 9 68 68 8 0 0 0 0 0 0 0 0 0 0 0 0 0 0
0 0 0 0 0 0 0 0 0 0 0 0 0 0 91 46 46 83 93 66 66 66 19 38 38 14 14 14 32 32 34 24 9 68 71 71 0 0 0 0 0 0 0 0 0 0 0 0 0 0
0 0 0 0 0 0 0 0 0 0 0 0 0 0 91 91 46 46 46 46 26 94 19 75 75 75 84 84 84 22 34 24 9 68 71 0 0 0 0 0 0 0 0 0 0 0 0 0 0 0
0 0 0 0 0 0 0 0 0 0 0 0 0 0 0 91 91 91 91 91 26 94 75 75 89 89 89 89 89 89 34 24 9 68 71 0 0 0 0 0 0 0 0 0 0 0 0 0 0 0
0 0 0 0 0 0 0 0 0 0 0 0 0 0 0 0 0 98 26 26 26 94 75 89 89 64 64 89 34 34 34 24 9 68 71 0 0 0 0 0 0 0 0 0 0 0 0 0 0 0
0 0 0 0 0 0 0 0 0 0 0 0 0 0 0 0 0 98 26 43 43 94 94 57 64 64 64 89 34 34 24 24 9 68 71 71 71 71 0 0 0 0 0 0 0 0 0 0 0 0
0 0 0 0 0 0 0 0 0 0 0 0 0 0 0 0 0 98 26 43 49 49 49 57 4 17 64 89 89 34 24 9 9 68 68 68 68 71 71 71 0 0 0 0 0 0 0 0 0 0
0 0 0 0 0 0 0 0 0 0 0 0 0 0 0 0 0 98 26 43 49 4 4 4 4 17 64 64 89 34 24 24 24 24 24 24 68 68 68 71 0 0 0 0 0 0 0 0 0 0
0 0 0 0 0 0 0 0 0 0 0 0 98 98 98 98 98 98 26 43 49 4 35 35 35 17 17 64 89 28 28 28 28 28 28 24 24 24 68 71 0 0 0 0 0 0 0 0 0 0
0 0 0 0 0 0 0 0 0 0 0 0 98 26 26 26 26 26 26 43 49 4 4 35 6 6 17 64 29 29 29 29 29 29 28 28 28 24 68 71 0 0 0 0 0 0 0 0 0 0
0 0 0 0 0 0 0 0 0 0 0 98 98 26 12 43 43 43 26 43 49 49 4 35 0 6 17 64 64 64 29 39 39 29 29 29 28 24 68 71 0 0 0 0 0 0 0 0 0 0
0 0 0 0 0 0 0 0 0 0 36 98 73 26 26 43 54 43 43 43 43 49 4 35 0 6 17 17 64 64 29 39 39 39 29 28 28 24 68 71 0 0 0 0 0 0 0 0 0 0
0 0 0 0 0 0 0 0 0 0 36 78 73 80 26 43 54 43 49 49 49 49 4 35 0 6 6 17 64 29 29 39 39 29 29 28 24 24 68 71 0 0 0 0 0 0 0 0 0 0
0 0 0 0 0 0 0 0 0 0 36 78 3 80 90 54 54 54 4 4 4 4 4 35 0 0 6 17 64 29 39 39 39 29 28 28 81 96 96 71 0 0 0 0 0 0 0 0 0 0
0 0 0 0 0 0 0 0 0 0 36 78 3 80 90 72 72 72 72 82 35 35 35 35 0 6 6 17 64 29 39 5 39 29 28 48 48 48 96 0 0 0 0 0 0 0 0 0 0 0
0 0 0 0 0 0 0 0 0 0 36 78 3 80 90 72 82 82 82 82 0 0 0 0 0 6 17 17 64 29 39 5 39 39 48 48 5 95 96 0 0 0 0 0 0 0 0 0 0 0
0 0 0 0 0 0 0 0 0 0 36 78 3 80 90 72 82 0 0 0 0 0 0 0 0 6 17 64 64 29 39 5 5 5 5 5 5 95 44 0 0 0 0 0 0 0 0 0 0 0
0 0 0 0 0 0 0 36 36 36 36 78 3 80 90 72 82 0 0 0 0 0 0 0 0 6 17 64 29 29 39 5 0 0 0 0 31 31 44 0 0 0 0 0 0 0 0 0 0 0
0 0 0 0 0 0 0 36 78 78 78 78 3 3 72 72 82 0 0 0 0 0 0 0 0 6 17 17 39 39 39 5 0 0 0 0 0 0 0 0 0 0 0 0 0 0 0 0 0 0
0 0 0 0 18 18 36 36 78 3 3 3 3 82 82 82 82 0 0 0 0 0 0 0 0 6 6 15 15 5 5 5 0 0 0 0 0 0 0 0 0 0 0 0 0 0 0 0 0 0
0 0 0 0 18 85 85 78 78 3 0 0 0 0 0 0 0 0 0 0 0 0 0 0 0 0 0 0 0 0 0 0 0 0 0 0 0 0 0 0 0 0 0 0 0 0 0 0 0 0
0 0 0 0 18 58 3 3 3 3 0 0 0 0 0 0 0 0 0 0 0 0 0 0 0 0 0 0 0 0 0 0 0 0 0 0 0 0 0 0 0 0 0 0 0 0 0 0 0 0
0 0 0 0 18 65 65 0 0 0 0 0 0 0 0 0 0 0 0 0 0 0 0 0 0 0 0 0 0 0 0 0 0 0 0 0 0 0 0 0 0 0 0 0 0 0 0 0 0 0
0 0 0 0 0 0 0 0 0 0 0 0 0 0 0 0 0 0 0 0 0 0 0 0 0 0 0 0 0 0 0 0 0 0 0 0 0 0 0 0 0 0 0 0 0 0 0 0 0 0
0 0 0 0 0 0 0 0 0 0 0 0 0 0 0 0 0 0 0 0 0 0 0 0 0 0 0 0 0 0 0 0 0 0 0 0 0 0 0 0 0 0 0 0 0 0 0 0 0 0
0 0 0 0 0 0 0 0 0 0 0 0 0 0 0 0 0 0 0 0 0 0 0 0 0 0 0 0 0 0 0 0 0 0 0 0 0 0 0 0 0 0 0 0 0 0 0 0 0 0
0 0 0 0 0 0 0 0 0 0 0 0 0 0 0 0 0 0 0 0 0 0 0 0 0 0 0 0 0 0 0 0 0 0 0 0 0 0 0 0 0 0 0 0 0 0 0 0 0 0
