0 0 0 0 0 0 0 0 0 0 0 0 0 0 0 0 0 0 0 0 0 0 0 0 0 0 0 0 0 0 0 0 0 0 0 0 0 0 0 0 0 0 0 0 0 0 0 0 0 0
0 0 0 0 0 0 0 0 0 0 0 0 0 0 0 0 0 0 0 0 0 0 0 0 0 0 0 0 0 0 0 0 0 0 0 0 0 0 0 0 0 0 0 0 0 0 0 0 0 0
0 0 0 0 0 0 0 0 0 0 0 0 0 0 0 0 0 0 0 0 0 0 0 0 0 0 0 0 0 0 0 0 0 0 0 0 0 0 0 0 0 0 0 0 0 0 0 0 0 0
0 0 0 0 0 0 0 0 0 0 0 0 0 0 0 0 0 0 0 0 0 0 0 0 0 0 0 0 0 0 0 0 0 0 0 0 0 0 0 0 0 0 0 0 0 0 0 0 0 0
0 0 0 0 0 0 0 0 0 0 0 0 0 0 0 0 0 0 0 0 0 0 0 0 0 0 0 0 0 0 0 0 0 0 0 0 0 0 0 0 0 0 0 0 0 0 0 0 0 0
0 0 0 0 0 0 0 0 0 0 0 21 21 42 42 0 0 0 0 0 0 0 0 0 0 0 0 0 0 0 0 0 0 0 0 0 0 0 0 0 0 0 0 0 0 0 0 0 0 0
0 0 0 0 0 0 0 0 0 0 0 21 65 7 42 42 0 0 0 0 0 0 0 0 0 0 0 0 0 0 0 0 0 0 0 0 0 0 0 0 0 0 0 0 0 0 0 0 0 0
0 0 0 0 0 0 0 0 0 0 0 21 65 7 7 42 0 0 0 0 0 0 0 0 0 0 0 0 0 0 0 0 0 0 0 0 0 0 0 0 0 0 0 0 0 0 0 0 0 0
0 0 0 0 0 0 0 0 0 0 0 21 65 65 7 42 42 74 0 0 0 0 0 0 0 0 0 0 0 0 0 0 0 0 0 0 0 0 0 0 0 0 0 0 0 0 0 0 0 0
0 0 0 0 0 0 0 0 0 0 0 21 21 65 7 7 42 64 64 0 0 0 0 0 0 0 0 0 0 0 0 0 0 0 0 0 0 0 0 0 0 0 0 0 0 0 0 0 0 0
0 0 0 0 0 0 0 23 23 23 65 21 21 65 65 7 42 42 49 49 49 49 49 49 49 49 0 0 0 0 0 0 0 0 0 0 0 0 0 0 0 0 0 0 0 0 0 0 0 0
0 0 0 0 0 0 0 23 98 17 65 65 21 21 65 7 42 7 7 39 39 39 39 39 39 49 0 0 0 0 0 0 0 0 0 0 0 0 0 0 0 0 0 0 0 0 0 0 0 0
0 0 0 0 0 0 0 23 30 17 17 65 21 21 65 7 42 7 8 32 32 39 39 93 39 49 0 0 0 0 0 0 0 0 0 0 0 0 0 0 0 0 0 0 0 0 0 0 0 0
0 0 0 0 0 0 0 0 30 30 17 65 65 65 65 7 7 7 8 8 32 32 32 71 39 49 0 0 0 0 0 0 0 0 0 0 0 0 0 0 0 0 0 0 0 0 0 0 0 0
0 0 0 0 0 0 0 0 0 30 17 17 17 65 65 65 65 7 7 8 8 8 32 71 39 49 49 0 2 2 0 0 0 0 0 0 0 0 0 0 0 0 0 0 0 0 0 0 0 0
0 0 0 0 0 0 0 0 0 30 30 30 17 17 65 65 65 65 7 7 7 8 32 71 39 39 49 49 49 59 59 59 59 0 0 0 0 0 0 0 0 0 0 0 0 0 0 0 0 0
0 0 0 0 0 0 0 0 0 0 0 30 30 17 65 65 65 65 65 65 7 8 32 71 71 39 39 71 1 1 1 1 59 41 9 0 0 0 0 0 0 0 0 0 0 0 0 0 0 0
0 0 0 0 0 0 0 0 0 0 0 0 30 17 17 17 17 17 17 65 7 8 32 32 71 71 39 71 28 36 36 83 83 41 43 0 0 0 0 0 0 0 0 0 0 0 0 0 0 0
0 0 0 0 0 0 0 0 0 0 0 0 30 30 30 30 30 30 17 65 7 8 8 32 32 71 71 71 77 77 48 83 62 62 43 0 0 0 0 0 0 0 0 0 0 0 0 0 0 0
0 0 0 0 0 0 0 0 0 0 0 0 0 0 0 0 0 30 17 17 7 7 8 81 32 71 70 70 70 77 48 14 62 0 0 0 0 0 0 0 0 0 0 0 0 0 0 0 0 0
0 0 0 0 0 0 0 0 0 0 0 0 0 0 0 0 0 30 30 17 17 95 95 81 70 70 70 77 77 77 48 14 100 0 0 0 0 0 0 0 0 0 0 0 0 0 0 0 0 0
0 0 0 0 0 0 0 0 0 0 0 0 0 0 0 0 0 0 30 30 17 29 95 12 70 77 77 77 48 48 48 14 100 0 0 0 0 0 0 0 0 0 0 0 0 0 0 0 0 0
0 0 0 0 0 0 0 0 0 0 0 0 0 0 0 0 0 0 0 30 29 29 12 12 70 77 48 48 48 14 14 14 100 73 73 73 0 0 0 0 0 0 0 0 0 0 0 0 0 0
0 0 0 0 0 0 0 0 0 0 0 0 0 0 0 0 0 0 0 30 29 12 12 70 70 77 48 14 14 14 100 100 100 73 52 73 0 0 0 0 0 0 0 0 0 0 0 0 0 0
0 0 0 0 0 0 0 0 0 0 0 0 0 0 0 0 0 0 0 30 29 63 66 66 77 77 48 14 100 100 100 100 100 80 80 73 0 0 0 0 0 0 0 0 0 0 0 0 0 0
0 0 0 0 0 0 0 0 0 0 0 0 0 0 0 0 0 0 30 30 29 63 50 99 99 97 48 14 100 100 100 100 100 80 53 53 53 0 0 0 0 0 0 0 0 0 0 0 0 0
0 0 0 0 0 0 0 0 0 0 0 0 0 0 0 0 60 60 60 29 29 63 50 75 67 67 48 14 14 14 14 14 80 80 80 80 53 0 0 0 0 0 0 0 0 0 0 0 0 0
0 0 0 0 0 0 0 0 0 0 0 0 0 0 0 0 60 69 69 29 63 63 50 75 67 67 48 48 48 48 48 14 19 19 19 80 53 0 0 0 0 0 0 0 0 0 0 0 0 0
0 0 0 0 0 0 0 0 0 0 0 0 0 0 0 45 60 88 51 51 63 50 50 75 75 67 67 67 37 37 48 48 48 58 19 80 53 0 0 0 0 0 0 0 0 0 0 0 0 0
0 0 0 0 0 0 0 0 0 0 0 0 0 0 0 45 15 88 78 63 63 50 86 86 75 75 75 76 76 37 37 37 56 58 19 87 53 0 0 0 0 0 0 0 0 0 0 0 0 0
0 0 0 0 0 0 0 0 0 0 0 0 0 45 45 45 15 84 78 63 50 50 18 86 86 86 10 86 76 76 76 33 56 58 53 53 53 0 0 0 0 0 0 0 0 0 0 0 0 0
0 0 0 0 0 0 0 0 0 0 0 0 0 45 15 15 15 84 6 6 50 85 18 18 18 86 86 86 18 56 20 33 56 58 58 46 72 0 0 0 0 0 0 0 0 0 0 0 0 0
0 0 0 0 0 0 0 0 0 0 0 45 45 45 15 84 84 84 84 24 24 85 61 47 18 18 18 18 18 56 56 56 56 56 58 72 72 0 0 0 0 0 0 0 0 0 0 0 0 0
0 0 0 0 0 0 0 0 0 0 0 45 15 15 15 84 92 92 92 92 5 5 5 47 47 47 47 47 96 96 96 96 96 56 58 58 72 13 0 0 0 0 0 0 0 0 0 0 0 0
0 0 0 0 0 0 0 0 0 0 0 45 15 84 84 84 92 0 0 92 92 92 5 5 5 25 89 89 89 89 89 89 96 56 56 58 34 13 0 0 0 0 0 0 0 0 0 0 0 0
0 0 0 0 0 0 0 0 0 45 45 45 15 84 92 92 92 0 0 0 0 92 92 92 44 44 44 89 54 54 54 89 96 40 11 40 34 27 0 0 0 0 0 0 0 0 0 0 0 0
0 0 0 0 0 0 0 0 0 3 35 35 35 84 92 0 0 0 0 0 0 0 0 55 55 55 55 89 89 79 54 89 4 40 40 40 34 27 27 27 0 0 0 0 0 0 0 0 0 0
0 0 0 0 0 0 0 0 0 3 57 68 68 68 92 0 0 0 0 0 0 0 0 0 0 0 55 55 89 79 54 54 4 4 4 4 34 34 34 27 27 0 0 0 0 0 0 0 0 0
0 0 0 0 0 0 0 0 0 31 57 26 0 0 0 0 0 0 0 0 0 0 0 0 0 0 0 55 89 79 79 54 54 54 54 4 4 4 34 94 27 0 0 0 0 0 0 0 0 0
0 0 0 0 0 0 0 0 0 31 57 26 0 0 0 0 0 0 0 0 0 0 0 0 0 0 0 55 89 89 79 79 27 27 54 54 54 4 16 94 27 0 0 0 0 0 0 0 0 0
0 0 0 0 0 0 0 0 0 31 57 26 0 0 0 0 0 0 0 0 0 0 0 0 0 0 0 55 55 82 55 0 0 27 27 27 54 38 16 94 27 0 0 0 0 0 0 0 0 0
0 0 0 0 0 0 0 0 0 31 57 26 0 0 0 0 0 0 0 0 0 0 0 0 0 0 0 0 55 55 55 0 0 0 0 27 54 54 54 94 27 0 0 0 0 0 0 0 0 0
0 0 0 0 0 0 0 31 31 31 57 26 0 0 0 0 0 0 0 0 0 0 0 0 0 0 0 0 0 0 0 0 0 0 0 27 54 94 94 94 27 0 0 0 0 0 0 0 0 0
0 0 0 0 0 0 0 31 57 57 57 26 0 0 0 0 0 0 0 0 0 0 0 0 0 0 0 0 0 0 0 0 0 0 0 27 54 54 27 27 27 0 0 0 0 0 0 0 0 0
0 0 0 0 0 0 31 31 57 26 26 26 0 0 0 0 0 0 0 0 0 0 0 0 0 0 0 0 0 0 0 0 0 0 0 27 27 91 27 0 0 0 0 0 0 0 0 0 0 0
0 0 0 0 0 0 22 57 57 26 0 0 0 0 0 0 0 0 0 0 0 0 0 0 0 0 0 0 0 0 0 0 0 0 0 0 27 27 27 0 0 0 0 0 0 0 0 0 0 0
0 0 0 0 0 0 26 90 26 26 0 0 0 0 0 0 0 0 0 0 0 0 0 0 0 0 0 0 0 0 0 0 0 0 0 0 0 0 0 0 0 0 0 0 0 0 0 0 0 0
0 0 0 0 0 0 26 26 26 0 0 0 0 0 0 0 0 0 0 0 0 0 0 0 0 0 0 0 0 0 0 0 0 0 0 0 0 0 0 0 0 0 0 0 0 0 0 0 0 0
0 0 0 0 0 0 0 0 0 0 0 0 0 0 0 0 0 0 0 0 0 0 0 0 0 0 0 0 0 0 0 0 0 0 0 0 0 0 0 0 0 0 0 0 0 0 0 0 0 0
0 0 0 0 0 0 0 0 0 0 0 0 0 0 0 0 0 0 0 0 0 0 0 0 0 0 0 0 0 0 0 0 0 0 0 0 0 0 0 0 0 0 0 0 0 0 0 0 0 0
