0 0 0 0 0 0 0 0 0 0 0 0 0 0 0 0 0 0 0 0 0 0 0 0 0 0 0 0 0 0 0 0 0 0 0 0 0 0 0 0 0 0 0 0 0 0 0 0 0 0
0 0 0 0 0 0 0 0 0 0 0 0 0 0 0 0 0 0 0 0 0 0 0 0 0 0 0 0 0 0 0 0 0 0 0 0 0 0 0 0 0 0 0 0 0 0 0 0 0 0
0 0 0 0 0 0 0 0 0 0 0 0 0 0 0 0 0 0 0 0 0 0 0 0 0 0 0 0 0 0 0 0 0 0 0 0 0 0 0 0 0 0 0 54 91 0 0 0 0 0
0 0 0 0 0 0 0 0 0 0 0 0 0 0 0 0 0 0 0 0 0 0 0 0 0 0 0 0 0 0 0 0 0 0 0 0 0 0 0 0 0 0 0 97 91 0 0 0 0 0
0 0 0 0 0 0 0 0 0 0 0 0 0 0 0 0 0 0 0 0 0 0 0 0 0 0 0 0 0 0 0 0 0 0 0 0 0 0 0 0 0 0 0 97 0 0 0 0 0 0
0 0 0 0 0 0 0 0 0 0 38 38 43 43 0 0 0 0 0 0 0 0 0 0 0 0 0 0 0 0 0 0 0 0 0 0 0 0 0 0 0 0 97 97 0 0 0 0 0 0
0 0 0 0 0 0 0 0 0 0 38 48 67 43 0 0 0 0 0 0 0 0 0 0 0 0 0 0 0 0 0 0 0 0 0 0 0 0 0 0 0 0 97 0 0 0 0 0 0 0
0 0 0 0 0 0 0 0 0 0 38 48 43 43 0 0 0 0 0 0 0 0 0 0 0 0 0 0 0 0 0 0 0 0 0 0 0 0 0 97 97 97 97 0 0 0 0 0 0 0
0 0 0 0 0 0 0 0 0 0 38 48 43 0 0 0 0 0 0 0 0 0 0 0 0 0 0 0 0 0 0 0 0 0 96 96 96 96 97 97 0 0 0 0 0 0 0 0 0 0
0 0 0 0 0 0 0 0 0 0 38 48 43 43 0 0 0 0 0 0 0 0 0 0 0 0 0 0 0 0 0 0 0 0 96 4 4 4 97 0 0 0 0 0 0 0 0 0 0 0
0 0 0 0 0 0 0 0 0 0 38 48 48 43 0 0 0 0 0 0 0 0 0 0 0 0 0 0 0 0 0 0 0 0 96 30 90 97 97 0 0 0 0 0 0 0 0 0 0 0
0 0 0 0 0 0 0 0 0 0 38 38 48 43 43 43 0 0 0 0 0 0 0 10 0 0 0 0 0 0 0 0 0 0 96 30 8 97 0 0 0 0 0 0 0 0 0 0 0 0
0 0 0 0 0 0 0 0 0 0 0 38 48 48 48 43 43 0 0 0 0 0 0 23 19 19 19 19 19 19 19 19 96 96 96 30 8 0 0 0 0 0 0 0 0 0 0 0 0 0
0 0 0 0 0 0 0 0 0 0 0 38 38 38 48 48 43 43 0 0 0 0 0 23 23 45 19 19 59 75 75 30 30 30 30 30 8 0 0 28 28 28 28 28 28 28 28 0 0 0
0 0 0 0 0 0 0 0 0 0 0 0 0 38 38 48 48 43 43 0 0 0 0 0 23 57 19 59 59 79 70 70 8 8 8 8 8 0 28 28 1 1 1 1 1 1 28 28 0 0
0 0 0 0 0 0 0 0 0 0 0 0 0 0 38 38 48 48 43 43 0 0 0 0 23 57 59 59 79 79 81 8 8 28 28 28 28 0 28 1 1 55 55 55 55 1 1 28 0 0
0 0 0 0 0 0 0 0 0 0 0 0 0 0 39 38 38 50 50 43 0 0 43 43 23 23 59 79 79 81 81 8 8 8 8 8 28 28 28 1 55 55 14 14 55 55 55 14 0 0
0 0 0 0 0 0 0 0 0 0 0 0 0 0 39 5 51 51 50 43 43 43 43 59 59 59 59 79 81 81 1 1 1 1 1 8 8 28 28 1 55 14 14 14 14 14 14 14 0 0
0 73 73 73 0 0 0 0 0 0 0 0 0 0 0 5 73 51 50 92 92 92 92 92 33 33 33 79 81 81 81 81 81 81 1 1 8 28 1 1 55 14 0 0 0 0 0 0 0 0
0 73 77 73 0 0 0 0 0 0 0 0 0 73 73 73 73 29 29 29 82 92 92 53 53 98 33 79 3 3 3 3 3 81 81 1 8 1 1 55 55 14 0 0 0 0 0 0 0 0
0 0 66 73 73 73 73 73 73 73 73 73 73 73 66 66 66 66 66 29 37 37 37 37 99 99 76 79 3 76 76 76 3 3 81 1 8 1 55 55 14 14 0 0 0 0 0 0 0 0
0 0 66 66 66 66 66 66 66 66 66 66 66 66 66 0 0 0 66 29 37 99 99 99 99 76 76 79 76 76 31 7 31 3 16 1 8 1 55 14 14 0 0 0 0 0 0 0 0 0
0 0 0 0 0 0 0 0 0 0 0 0 0 0 0 0 0 0 66 29 37 99 78 99 71 76 76 76 76 31 31 31 31 3 25 1 1 1 55 14 0 0 0 0 0 0 0 0 0 0
0 0 0 0 0 0 0 0 0 0 0 0 0 0 0 0 0 0 66 29 37 37 22 22 22 76 31 31 31 31 6 6 13 3 93 1 55 55 55 14 0 0 0 0 0 0 0 0 0 0
0 0 0 0 0 0 0 0 0 0 0 0 0 0 0 0 0 0 66 29 2 69 69 26 84 76 47 6 6 6 6 3 3 3 93 55 55 14 14 14 0 0 0 0 0 0 0 0 0 0
0 0 0 0 0 0 0 0 0 0 0 0 0 0 0 0 0 0 66 66 2 2 68 26 84 95 47 6 3 3 3 3 93 93 93 17 17 17 17 17 17 0 0 0 0 0 0 0 0 0
0 0 0 0 0 0 0 0 0 0 0 0 0 0 0 0 0 0 0 66 66 2 61 61 84 95 47 6 3 3 3 3 93 93 93 93 93 93 93 93 17 0 0 0 0 0 0 0 0 0
0 0 0 0 0 0 0 0 0 0 0 0 0 0 0 0 0 0 0 0 66 86 86 61 52 95 47 6 6 6 6 3 93 93 93 3 3 3 3 93 17 17 0 0 0 0 0 0 0 0
0 0 0 0 0 0 0 0 0 0 0 0 0 0 0 0 0 0 0 0 20 20 86 61 36 95 47 47 58 58 6 3 3 3 3 3 6 6 3 93 21 17 0 0 0 0 0 0 0 0
0 0 0 0 0 0 0 0 0 0 0 0 0 0 0 0 0 0 0 0 0 0 86 61 36 95 95 24 24 58 6 6 6 6 6 6 6 58 85 85 21 17 0 0 0 0 0 0 0 0
0 0 0 0 0 0 0 0 0 0 0 0 0 0 0 0 0 0 0 86 86 86 86 61 36 36 95 9 24 58 58 58 58 58 6 58 58 58 89 74 74 17 0 0 0 0 0 0 0 0
0 0 0 0 0 0 0 0 0 0 0 0 0 0 0 0 0 86 86 86 65 65 65 61 61 36 95 9 24 46 46 46 46 58 58 58 89 89 89 74 0 0 0 0 0 0 0 0 0 0
0 0 0 0 0 0 0 0 0 0 0 0 0 0 0 0 86 86 65 65 65 87 65 65 36 36 95 9 63 63 62 62 46 46 46 41 89 74 74 74 0 0 0 0 0 0 0 0 0 0
0 0 0 0 0 0 0 0 0 0 0 0 0 0 0 0 86 65 65 27 27 87 87 36 36 95 95 9 63 62 62 62 62 62 11 41 41 74 0 0 0 0 0 0 0 0 0 0 0 0
0 0 0 0 0 0 0 0 0 0 0 0 0 12 72 72 86 65 27 27 83 83 87 36 95 95 9 9 63 62 0 0 0 0 11 11 41 74 0 0 0 0 0 0 0 0 0 0 0 0
0 0 0 0 0 0 0 0 0 0 0 0 12 12 49 94 94 65 27 83 83 83 87 36 95 9 9 63 63 62 62 0 0 0 0 11 41 74 0 0 0 0 0 0 0 0 0 0 0 0
0 0 0 0 0 0 0 0 0 0 0 0 12 49 49 32 32 65 27 83 0 83 87 87 9 9 9 9 63 63 62 0 0 0 0 11 41 74 74 0 0 0 0 0 0 0 0 0 0 0
0 0 0 0 0 0 0 0 0 0 0 0 12 49 35 35 56 56 27 83 0 83 83 83 83 83 83 9 9 63 62 62 0 0 0 11 41 41 74 74 74 74 40 0 0 0 0 0 0 0
0 0 0 0 0 0 0 0 0 0 0 0 12 49 64 44 44 44 44 83 0 0 0 0 0 0 83 83 9 63 63 62 0 0 0 11 11 41 41 41 41 60 40 40 0 0 0 0 0 0
0 0 0 0 0 0 0 0 0 0 0 0 12 100 64 0 0 0 0 15 0 0 0 0 0 0 0 62 9 9 63 62 0 0 0 0 11 11 11 11 80 60 60 40 0 0 0 0 0 0
0 0 0 0 0 0 0 0 0 0 0 0 0 0 0 0 0 0 0 0 0 0 0 0 0 0 0 62 63 42 63 62 0 0 0 0 0 0 0 11 18 18 60 40 0 0 0 0 0 0
0 0 0 0 0 0 0 0 0 0 0 0 0 0 0 0 0 0 0 0 0 0 0 0 0 0 0 62 63 63 63 62 0 0 0 0 0 0 0 11 11 11 60 40 88 0 0 0 0 0
0 0 0 0 0 0 0 0 0 0 0 0 0 0 0 0 0 0 0 0 0 0 0 0 0 0 0 62 62 62 62 62 0 0 0 0 0 0 0 0 0 88 60 34 88 0 0 0 0 0
0 0 0 0 0 0 0 0 0 0 0 0 0 0 0 0 0 0 0 0 0 0 0 0 0 0 0 0 0 0 0 0 0 0 0 0 0 0 0 0 0 88 88 88 88 0 0 0 0 0
0 0 0 0 0 0 0 0 0 0 0 0 0 0 0 0 0 0 0 0 0 0 0 0 0 0 0 0 0 0 0 0 0 0 0 0 0 0 0 0 0 0 0 0 0 0 0 0 0 0
0 0 0 0 0 0 0 0 0 0 0 0 0 0 0 0 0 0 0 0 0 0 0 0 0 0 0 0 0 0 0 0 0 0 0 0 0 0 0 0 0 0 0 0 0 0 0 0 0 0
0 0 0 0 0 0 0 0 0 0 0 0 0 0 0 0 0 0 0 0 0 0 0 0 0 0 0 0 0 0 0 0 0 0 0 0 0 0 0 0 0 0 0 0 0 0 0 0 0 0
0 0 0 0 0 0 0 0 0 0 0 0 0 0 0 0 0 0 0 0 0 0 0 0 0 0 0 0 0 0 0 0 0 0 0 0 0 0 0 0 0 0 0 0 0 0 0 0 0 0
0 0 0 0 0 0 0 0 0 0 0 0 0 0 0 0 0 0 0 0 0 0 0 0 0 0 0 0 0 0 0 0 0 0 0 0 0 0 0 0 0 0 0 0 0 0 0 0 0 0
0 0 0 0 0 0 0 0 0 0 0 0 0 0 0 0 0 0 0 0 0 0 0 0 0 0 0 0 0 0 0 0 0 0 0 0 0 0 0 0 0 0 0 0 0 0 0 0 0 0
