0 0 0 0 0 0 0 0 0 0 0 0 0 0 0 0 0 0 0 0 0 0 0 0 0 0 0 0 0 0 0 0 0 0 0 0 0 0 0 0 0 0 0 0 0 0 0 0 0 0
0 0 0 0 0 0 0 0 0 0 0 0 0 0 0 0 0 0 0 0 0 0 0 0 0 0 0 0 0 0 0 0 0 0 0 0 0 0 0 0 0 0 0 0 0 0 0 0 0 0
0 0 0 0 0 0 0 0 0 0 0 0 0 0 0 0 0 0 0 0 0 0 0 0 0 0 0 0 0 0 0 0 0 0 0 0 0 0 0 0 0 0 0 0 0 0 0 0 0 0
0 0 0 0 0 0 0 0 0 0 0 0 0 0 0 0 0 0 0 0 0 0 0 0 0 0 0 0 0 0 0 0 0 0 0 0 0 0 0 0 0 0 0 0 0 0 0 0 0 0
0 0 0 0 0 0 0 0 0 0 0 0 0 0 0 0 0 0 0 0 0 0 0 0 0 0 0 0 0 0 0 0 0 0 0 0 0 0 0 0 0 0 0 0 0 0 0 0 0 0
0 0 0 0 0 0 0 0 0 0 0 0 0 0 0 0 0 0 0 0 0 0 0 0 0 0 0 0 0 0 0 0 0 0 0 80 80 80 80 80 0 0 0 0 0 0 0 0 0 0
0 0 0 0 0 0 0 0 0 0 0 0 0 0 0 0 0 0 0 0 0 0 0 0 0 0 0 0 0 0 0 0 0 0 0 80 1 1 11 80 0 0 0 0 0 0 0 0 0 0
0 0 0 0 0 0 0 57 57 57 57 57 0 0 0 0 0 0 0 0 0 0 0 0 0 0 0 0 0 0 0 0 0 0 0 80 1 61 22 80 0 0 0 0 0 0 0 0 0 0
0 0 0 0 0 0 0 57 53 53 53 57 0 0 0 0 0 0 0 0 0 0 0 0 0 0 0 0 0 0 0 0 0 0 0 80 1 61 22 33 0 0 0 0 0 0 0 0 0 0
0 0 0 0 0 0 0 57 53 34 53 57 57 57 0 0 0 0 0 0 0 0 0 0 0 64 64 64 64 0 0 0 0 0 0 80 1 61 22 33 43 0 0 0 0 0 0 0 0 0
0 0 0 0 0 0 0 84 53 34 53 53 53 57 0 0 0 0 0 0 0 0 0 0 64 64 59 59 64 0 0 0 0 80 80 80 1 61 22 33 21 0 0 0 0 0 0 0 0 0
0 0 0 0 0 0 0 84 87 34 34 34 53 57 57 57 0 99 99 99 0 0 0 0 64 36 17 59 64 0 0 0 0 80 1 1 1 61 22 40 21 21 0 0 0 0 0 0 0 0
0 0 0 0 0 0 0 56 87 87 87 34 53 53 53 52 52 52 68 99 0 0 0 0 64 36 17 59 64 0 0 0 80 80 1 61 61 61 22 40 60 21 0 0 0 0 0 0 0 0
0 0 0 0 0 0 0 0 0 0 87 34 34 34 53 53 18 18 68 64 64 64 64 64 64 36 17 59 64 0 0 0 80 1 1 61 22 22 22 4 60 21 0 0 0 0 0 0 0 0
0 0 0 0 0 0 0 0 0 0 87 87 87 34 7 100 100 36 36 36 36 36 64 64 36 36 17 59 64 5 0 0 80 1 61 61 4 4 4 4 21 21 0 0 0 0 0 0 0 0
0 0 0 0 0 0 0 0 0 0 0 0 87 87 87 87 100 36 77 77 77 36 64 64 36 17 17 59 85 5 0 0 80 1 61 4 4 21 21 21 21 0 0 0 0 0 0 0 0 0
0 0 0 0 0 0 0 0 0 0 0 0 0 0 0 87 100 100 77 83 77 36 64 64 36 17 59 59 85 92 0 0 80 1 61 4 21 21 0 0 0 0 0 0 0 0 0 0 0 0
0 0 0 0 0 0 0 0 0 0 0 0 0 0 0 87 87 87 87 83 77 36 36 36 36 17 59 85 85 80 80 80 80 1 61 4 21 21 69 69 69 0 0 0 0 0 0 0 0 0
0 0 0 0 0 0 0 0 0 0 0 0 0 0 0 0 0 0 87 83 77 77 77 36 36 17 59 1 1 1 1 1 1 1 61 4 4 48 48 24 69 0 0 0 0 0 0 0 0 0
0 0 0 0 0 0 0 0 0 0 0 0 0 0 0 0 0 0 87 83 83 83 77 17 17 17 59 8 1 1 61 61 61 61 61 61 4 41 15 24 69 0 0 0 0 0 0 0 0 0
0 0 0 0 0 0 0 0 0 0 0 0 0 0 0 0 0 0 87 87 87 83 77 77 20 47 59 61 61 61 61 41 41 41 41 61 61 41 63 63 69 0 0 0 0 0 0 0 0 0
0 0 0 0 0 0 0 0 0 0 0 0 0 0 0 0 0 0 0 0 87 83 83 83 20 47 41 41 61 61 41 41 63 63 41 41 61 41 63 0 0 0 0 0 0 0 0 0 0 0
0 0 0 0 0 0 0 0 0 0 0 0 0 0 0 0 0 0 0 0 87 87 87 83 20 47 19 41 41 41 41 63 63 63 63 41 41 41 63 0 0 0 0 0 0 0 0 0 0 0
0 0 0 0 0 0 0 0 0 0 0 0 0 0 0 0 0 0 0 71 71 83 83 83 20 67 19 19 70 12 13 63 0 0 63 63 63 63 63 0 0 0 0 0 0 0 0 0 0 0
0 0 0 0 0 0 0 0 0 0 0 0 0 0 0 0 0 0 0 71 83 83 76 76 20 67 45 19 19 12 13 0 0 0 0 0 0 0 0 0 0 0 0 0 0 0 0 0 0 0
0 0 0 0 0 0 0 0 0 0 0 0 0 0 0 0 0 0 95 71 83 98 76 82 82 82 45 45 19 12 13 0 0 0 0 0 0 0 0 0 0 0 0 0 0 0 0 0 0 0
0 0 0 0 0 0 0 0 0 0 0 0 0 0 0 0 0 0 95 26 83 98 65 65 3 82 82 45 19 12 13 13 0 0 0 0 0 0 0 0 0 0 0 0 0 0 0 0 0 0
0 0 0 0 0 0 0 0 0 0 0 0 0 0 0 0 0 0 95 96 83 39 39 39 3 3 51 37 19 12 12 13 0 0 0 0 0 0 0 0 0 0 0 0 0 0 0 0 0 0
0 0 0 0 0 0 0 0 0 0 0 0 0 0 0 0 74 74 74 96 96 39 29 62 62 37 37 37 37 37 12 13 13 13 0 0 0 0 0 0 0 0 0 0 0 0 0 0 0 0
0 0 0 0 0 0 0 0 0 0 0 0 0 0 0 74 74 96 96 96 96 39 29 89 62 78 78 78 78 37 12 12 27 13 0 0 0 0 0 0 0 0 0 0 0 0 0 0 0 0
0 0 0 0 0 0 0 0 0 0 0 0 0 0 0 74 96 96 31 39 39 39 29 89 66 66 50 93 78 37 37 81 27 13 13 0 0 0 0 0 0 0 0 0 0 0 0 0 0 0
0 0 0 0 0 0 0 0 0 0 0 0 0 0 0 74 96 46 31 88 29 29 29 89 73 50 50 93 78 78 27 27 27 27 13 0 0 0 0 0 0 0 0 0 0 0 0 0 0 0
0 0 0 0 0 0 0 0 0 0 0 0 0 0 0 74 96 46 88 88 75 55 55 89 73 16 0 93 93 32 32 32 32 27 13 0 0 0 0 0 0 0 0 0 0 0 0 0 0 0
0 0 0 0 0 0 0 0 0 0 0 0 0 0 0 74 97 97 97 75 75 55 55 89 72 16 0 0 28 28 28 28 32 27 13 0 0 0 0 0 0 0 0 0 0 0 0 0 0 0
0 0 0 0 0 0 0 0 0 0 0 0 0 74 74 74 97 75 75 75 55 55 55 89 72 72 0 0 0 0 0 28 32 27 13 13 13 0 0 0 0 0 0 0 0 0 0 0 0 0
0 0 0 0 0 0 0 0 0 0 0 0 74 74 97 97 97 75 55 55 55 23 55 89 89 72 0 0 0 0 0 28 32 27 27 27 13 13 13 86 86 86 0 0 0 0 0 0 0 0
0 0 0 0 0 0 0 0 0 0 91 91 91 97 97 75 75 75 55 23 23 23 55 55 89 72 0 0 0 0 0 28 32 32 32 27 27 27 13 35 35 86 0 0 0 0 0 0 0 0
0 0 0 0 0 0 0 0 0 0 91 49 49 49 75 75 94 44 55 23 94 23 23 55 89 72 0 0 0 0 0 28 28 28 32 32 32 27 30 30 35 38 0 0 0 0 0 0 0 0
0 0 0 0 0 0 0 0 0 91 91 49 94 10 10 94 94 6 6 23 94 0 23 55 89 72 0 0 0 0 0 0 0 28 28 79 32 9 9 42 42 38 0 0 0 0 0 0 0 0
0 0 0 0 0 0 0 0 0 91 54 49 94 94 94 94 94 94 94 94 94 0 23 55 89 72 0 0 0 0 0 0 0 0 90 79 2 2 79 79 90 90 0 0 0 0 0 0 0 0
0 0 0 0 0 0 91 91 91 91 54 0 0 0 0 0 0 0 0 0 0 0 23 55 89 72 72 0 0 0 0 0 0 0 90 79 79 79 79 90 90 0 0 0 0 0 0 0 0 0
0 0 0 0 0 0 91 54 54 54 54 0 0 0 0 0 0 0 0 0 0 0 23 55 89 89 72 0 0 0 0 0 0 0 90 90 90 90 90 90 0 0 0 0 0 0 0 0 0 0
0 0 0 14 0 0 91 54 0 0 0 0 0 0 0 0 0 0 0 0 23 23 23 55 55 89 72 0 0 0 0 0 0 0 0 0 0 0 0 0 0 0 0 0 0 0 0 0 0 0
0 0 0 91 91 91 91 54 0 0 0 0 0 0 0 0 0 0 0 0 23 55 55 55 55 89 72 0 0 0 0 0 0 0 0 0 0 0 0 0 0 0 0 0 0 0 0 0 0 0
0 0 0 91 54 54 54 54 0 0 0 0 0 0 0 0 0 0 0 0 23 55 89 89 89 89 72 0 0 0 0 0 0 0 0 0 0 0 0 0 0 0 0 0 0 0 0 0 0 0
0 0 0 91 54 0 0 0 0 0 0 0 0 0 0 0 0 0 0 0 23 23 72 72 72 72 72 0 0 0 0 0 0 0 0 0 0 0 0 0 0 0 0 0 0 0 0 0 0 0
0 0 0 91 54 0 0 0 0 0 0 0 0 0 0 0 0 0 0 0 0 0 0 0 0 0 0 0 0 0 0 0 0 0 0 0 0 0 0 0 0 0 0 0 0 0 0 0 0 0
0 0 25 91 54 0 0 0 0 0 0 0 0 0 0 0 0 0 0 0 0 0 0 0 0 0 0 0 0 0 0 0 0 0 0 0 0 0 0 0 0 0 0 0 0 0 0 0 0 0
0 0 58 54 54 0 0 0 0 0 0 0 0 0 0 0 0 0 0 0 0 0 0 0 0 0 0 0 0 0 0 0 0 0 0 0 0 0 0 0 0 0 0 0 0 0 0 0 0 0
0 0 0 0 0 0 0 0 0 0 0 0 0 0 0 0 0 0 0 0 0 0 0 0 0 0 0 0 0 0 0 0 0 0 0 0 0 0 0 0 0 0 0 0 0 0 0 0 0 0
