0 0 0 0 0 0 0 0 0 0 0 0 0 0 0 0 0 0 0 0 0 0 0 0 0 0 0 0 0 0 0 0 0 0 0 0 0 0 0 0 0 0 0 0 0 0 0 0 0 0
0 0 0 0 0 0 0 0 0 0 0 0 0 0 0 0 0 0 0 0 0 0 0 0 0 0 0 0 0 0 0 0 0 0 0 0 0 0 0 0 0 0 0 0 0 0 0 0 0 0
0 0 0 0 0 0 0 0 0 0 0 0 0 0 0 0 0 0 0 0 0 0 0 0 0 0 0 0 0 0 0 0 0 0 0 0 0 0 0 0 0 0 0 0 0 0 0 0 0 0
0 0 0 0 0 0 0 0 0 0 0 0 0 0 0 0 0 0 0 0 0 0 0 0 0 0 0 0 0 0 0 0 0 0 0 0 0 0 0 0 0 0 0 0 0 0 0 0 0 0
0 0 0 0 0 0 0 0 0 0 0 0 0 0 0 0 0 0 0 0 0 0 0 0 0 0 0 0 0 0 0 0 0 0 0 0 0 0 0 0 0 0 0 0 0 0 0 0 0 0
0 0 0 0 0 0 0 0 0 0 0 0 0 0 0 0 0 0 0 0 0 0 0 0 0 0 0 0 0 0 0 0 0 0 0 0 0 0 0 0 0 0 0 0 0 0 0 0 0 0
0 0 0 0 0 0 0 0 0 0 0 0 0 0 0 0 0 0 0 0 0 0 0 0 0 0 0 0 0 0 0 0 0 0 0 0 0 0 0 0 0 0 0 0 0 0 0 0 0 0
0 0 0 0 0 0 0 0 0 0 0 0 0 0 0 0 0 0 0 0 0 0 0 0 0 0 0 0 0 0 0 0 0 0 0 0 0 0 0 0 0 0 0 0 0 0 0 0 0 0
0 0 0 0 0 0 0 0 0 0 0 0 0 0 0 0 0 0 0 0 0 0 0 0 0 0 0 0 0 0 0 0 0 0 0 0 0 0 0 0 0 0 0 0 0 0 0 0 0 0
0 0 0 0 0 0 0 0 0 0 0 0 0 0 0 0 0 0 0 0 0 0 0 0 0 0 0 0 0 0 0 0 0 0 0 0 0 0 0 0 0 0 0 0 0 0 0 0 0 0
0 0 0 0 0 0 0 0 0 0 0 0 0 0 0 0 0 0 0 0 0 0 0 0 0 0 0 0 0 0 0 0 0 0 0 0 0 0 0 0 0 0 0 0 0 0 0 0 0 0
0 0 0 0 0 0 0 0 0 0 0 0 0 0 0 0 0 0 0 0 0 0 0 0 0 0 0 0 0 0 0 0 0 0 0 0 0 0 0 0 0 0 0 0 0 0 0 0 0 0
0 0 0 0 0 0 0 0 0 0 0 0 0 0 0 0 0 6 6 6 6 0 0 0 0 0 0 0 0 0 0 0 0 0 0 0 0 0 0 0 15 15 15 0 0 0 0 0 0 0
0 0 0 0 0 0 0 0 0 0 0 0 43 43 0 0 0 6 93 93 6 6 0 0 0 0 0 0 0 0 0 79 79 79 55 0 0 0 0 0 15 47 69 0 0 0 0 0 0 0
0 0 0 0 0 0 0 0 0 0 0 19 19 34 34 34 52 6 93 54 29 6 0 0 0 0 0 0 0 0 0 79 86 46 46 46 46 46 46 46 46 47 12 0 0 0 0 0 0 0
0 0 0 0 0 0 0 0 0 0 0 19 17 17 58 58 52 6 93 54 29 6 0 0 0 0 0 0 0 0 11 11 86 99 35 35 35 35 35 35 35 35 12 0 0 0 0 0 0 0
0 0 0 0 0 0 0 0 0 0 0 19 4 23 23 44 44 6 93 54 29 6 0 0 0 0 0 11 11 11 11 25 86 99 1 1 1 1 1 35 35 0 0 0 0 0 0 0 0 0
0 0 0 0 0 0 0 0 0 0 0 19 28 28 23 80 93 93 93 54 29 6 0 0 0 11 11 11 25 25 25 25 95 99 1 37 37 37 78 37 35 0 0 0 0 0 0 0 0 0
0 0 0 0 0 0 0 0 0 0 0 0 0 28 23 54 54 54 54 54 29 6 6 6 6 11 6 6 25 73 73 95 95 26 1 37 87 37 37 37 35 0 0 0 0 0 0 0 0 0
0 0 0 0 0 0 0 0 0 0 0 0 0 28 65 65 65 65 54 29 29 29 29 29 6 6 6 29 29 29 92 92 26 26 37 37 87 35 35 35 35 0 0 0 0 0 0 0 0 0
0 0 0 0 0 0 0 0 0 0 0 0 0 24 24 24 24 65 54 54 10 10 10 29 29 29 29 29 10 10 84 26 26 37 37 87 87 33 0 0 0 0 0 0 0 0 0 0 0 0
0 0 0 0 0 0 0 0 0 0 0 0 0 0 24 24 24 65 65 54 98 71 10 10 10 10 29 10 10 84 84 89 37 37 87 87 33 33 0 0 0 0 0 0 0 0 0 0 0 0
0 0 0 0 0 0 0 0 0 0 0 0 0 0 24 65 65 65 65 54 54 71 71 71 71 10 29 10 84 84 89 89 37 87 87 33 33 0 0 0 33 33 33 0 0 0 0 0 0 0
0 0 0 0 0 0 0 0 0 0 0 0 0 24 24 65 48 48 48 48 71 71 20 20 71 10 10 10 84 89 89 37 37 87 33 33 33 33 33 33 33 96 33 33 0 0 0 0 0 0
0 0 0 0 0 0 0 0 0 0 0 0 0 24 65 65 48 71 71 71 71 20 20 20 71 71 71 10 84 89 89 37 87 87 87 87 87 87 87 87 87 87 87 33 0 0 0 0 0 0
0 0 0 0 0 0 0 0 0 0 0 0 0 24 65 48 48 71 20 20 20 20 67 20 20 13 40 40 84 64 89 37 39 39 39 39 39 39 39 39 39 39 87 33 0 0 0 0 0 0
0 0 0 0 0 0 0 0 0 0 0 0 0 24 31 48 71 71 20 3 3 20 67 67 20 20 20 40 40 64 89 89 89 77 77 77 77 77 77 77 77 77 33 33 0 0 0 0 0 0
0 0 0 0 0 0 0 0 0 0 0 0 66 24 31 3 20 20 20 3 3 20 67 67 67 67 67 67 40 60 60 60 89 89 89 77 33 33 33 33 33 33 33 0 0 0 0 0 0 0
0 0 0 0 0 0 0 0 0 0 0 0 59 24 42 3 3 3 3 3 3 20 20 16 16 16 16 67 5 60 16 60 60 60 89 77 33 0 0 0 0 0 0 0 0 0 0 0 0 0
0 0 0 0 0 0 0 0 0 0 0 0 59 14 42 42 42 42 42 42 3 3 20 62 22 22 16 16 16 16 16 16 16 60 89 77 33 53 53 53 0 0 0 0 0 0 0 0 0 0
0 0 0 0 0 0 0 0 0 0 0 0 0 14 14 14 14 61 100 42 42 3 20 62 57 22 22 22 22 22 22 22 16 60 89 68 68 68 68 53 0 0 0 0 0 0 0 0 0 0
0 0 0 0 0 0 0 0 0 0 0 0 0 0 0 0 0 61 100 91 91 3 20 62 57 41 41 41 41 41 41 22 16 60 89 36 36 36 68 53 53 0 0 0 0 0 0 0 0 0
0 0 0 0 0 0 0 0 0 0 0 0 0 0 0 63 63 63 100 38 94 94 20 62 57 0 0 0 0 0 41 22 16 60 60 36 56 36 68 68 53 0 0 0 0 0 0 0 0 0
0 0 0 0 0 0 0 0 0 0 0 0 0 0 0 63 100 100 100 38 30 30 30 62 57 0 0 0 0 0 41 22 16 16 60 36 56 36 36 68 50 0 0 0 0 0 0 0 0 0
0 0 0 0 0 0 0 0 0 0 0 0 63 63 63 63 100 74 74 74 74 51 51 51 57 0 0 0 0 0 41 22 22 16 60 36 56 56 56 21 50 0 0 0 0 0 0 0 0 0
0 0 0 0 0 0 0 0 0 0 0 0 63 100 100 100 100 74 7 7 7 51 90 8 8 0 0 0 0 0 41 41 22 16 16 56 56 21 21 21 50 0 0 0 0 0 0 0 0 0
0 0 0 0 0 0 0 0 0 0 0 0 63 100 74 74 74 74 7 88 88 88 90 0 0 0 0 0 0 0 0 41 22 85 56 56 56 56 72 72 50 0 0 0 0 0 0 0 0 0
0 0 0 0 0 0 0 0 0 0 63 63 63 100 74 7 7 7 7 88 0 0 0 0 0 0 0 0 0 0 0 41 22 81 81 82 82 56 2 49 50 0 0 0 0 0 0 0 0 0
0 0 0 0 0 0 0 0 63 63 63 100 100 100 74 7 88 88 88 88 0 0 0 0 0 0 0 0 0 0 0 41 70 70 70 70 82 9 2 49 0 0 0 0 0 0 0 0 0 0
0 0 0 0 0 0 0 0 32 100 100 100 74 74 74 7 88 0 0 0 0 0 0 0 0 0 0 0 0 0 0 0 0 0 0 0 82 9 49 49 45 0 0 0 0 0 0 0 0 0
0 0 0 0 0 0 0 27 32 97 74 74 74 7 7 7 88 0 0 0 0 0 0 0 0 0 0 0 0 0 0 0 0 0 0 0 76 76 76 18 45 0 0 0 0 0 0 0 0 0
0 0 0 0 0 0 0 0 32 32 32 83 83 7 88 88 88 0 0 0 0 0 0 0 0 0 0 0 0 0 0 0 0 0 0 0 0 0 0 0 0 0 0 0 0 0 0 0 0 0
0 0 0 0 0 0 0 0 0 0 0 83 7 7 88 0 0 0 0 0 0 0 0 0 0 0 0 0 0 0 0 0 0 0 0 0 0 0 0 0 0 0 0 0 0 0 0 0 0 0
0 0 0 0 0 0 0 0 0 0 0 88 75 88 88 0 0 0 0 0 0 0 0 0 0 0 0 0 0 0 0 0 0 0 0 0 0 0 0 0 0 0 0 0 0 0 0 0 0 0
0 0 0 0 0 0 0 0 0 0 0 88 88 88 0 0 0 0 0 0 0 0 0 0 0 0 0 0 0 0 0 0 0 0 0 0 0 0 0 0 0 0 0 0 0 0 0 0 0 0
0 0 0 0 0 0 0 0 0 0 0 0 0 0 0 0 0 0 0 0 0 0 0 0 0 0 0 0 0 0 0 0 0 0 0 0 0 0 0 0 0 0 0 0 0 0 0 0 0 0
0 0 0 0 0 0 0 0 0 0 0 0 0 0 0 0 0 0 0 0 0 0 0 0 0 0 0 0 0 0 0 0 0 0 0 0 0 0 0 0 0 0 0 0 0 0 0 0 0 0
0 0 0 0 0 0 0 0 0 0 0 0 0 0 0 0 0 0 0 0 0 0 0 0 0 0 0 0 0 0 0 0 0 0 0 0 0 0 0 0 0 0 0 0 0 0 0 0 0 0
0 0 0 0 0 0 0 0 0 0 0 0 0 0 0 0 0 0 0 0 0 0 0 0 0 0 0 0 0 0 0 0 0 0 0 0 0 0 0 0 0 0 0 0 0 0 0 0 0 0
0 0 0 0 0 0 0 0 0 0 0 0 0 0 0 0 0 0 0 0 0 0 0 0 0 0 0 0 0 0 0 0 0 0 0 0 0 0 0 0 0 0 0 0 0 0 0 0 0 0
