0 0 0 0 0 0 0 0 0 0 0 0 0 0 0 0 0 0 0 0 0 0 0 0 0 0 0 0 0 0 0 0 0 0 0 0 0 0 0 0 0 0 0 0 0 0 0 0 0 0
0 0 0 0 0 0 0 0 0 0 0 0 0 0 0 0 0 0 0 0 0 0 0 0 0 0 0 0 0 0 0 0 0 0 0 0 0 0 0 0 0 0 0 0 0 0 0 0 0 0
0 0 0 0 0 0 0 0 0 0 0 0 0 0 0 0 0 0 0 0 0 0 0 0 0 0 0 0 0 0 0 20 20 20 20 20 0 0 0 0 0 0 0 0 0 0 0 0 0 0
0 0 0 0 0 0 0 0 0 0 0 0 0 0 0 0 0 0 0 0 0 0 0 0 0 0 0 0 0 0 0 20 85 85 85 74 74 0 0 0 0 0 0 0 0 0 0 0 0 0
0 0 0 0 0 0 0 0 0 0 0 0 0 0 0 0 0 0 0 0 0 0 0 0 0 0 0 0 0 0 0 20 85 18 18 73 74 0 0 0 0 0 0 0 0 0 0 0 0 0
0 0 0 0 0 0 0 40 40 40 50 50 0 0 0 0 0 0 0 0 0 0 0 0 0 0 0 0 0 0 0 20 85 18 18 73 74 74 0 0 74 74 74 0 0 0 0 0 0 0
0 0 0 0 0 0 0 40 98 7 7 50 0 0 0 0 0 0 0 0 0 0 0 0 0 0 0 0 0 0 0 20 85 85 18 73 73 74 74 74 74 22 90 90 12 0 0 0 0 0
0 0 0 0 0 0 0 40 9 9 7 50 50 50 0 0 0 0 0 0 0 0 0 0 0 0 0 0 0 0 0 20 20 85 18 18 73 74 73 73 73 22 41 25 25 0 0 0 0 0
0 0 0 0 0 0 0 88 88 9 7 7 7 50 0 0 0 0 0 0 0 0 0 0 0 0 0 0 0 0 20 20 20 85 18 18 73 74 73 75 47 47 41 66 0 0 0 0 0 0
0 0 0 0 0 0 0 0 0 9 9 9 7 50 50 0 0 0 0 0 0 0 0 0 0 0 0 0 0 0 20 85 85 85 18 73 73 74 73 58 58 47 41 0 0 0 0 0 0 0
0 0 0 0 0 0 0 0 0 0 0 9 7 7 50 0 0 0 0 0 0 0 0 0 0 0 0 0 0 0 20 85 18 18 18 73 74 74 73 58 47 47 41 0 0 0 0 0 0 0
0 0 0 0 0 0 0 0 0 0 0 9 9 7 50 0 0 0 0 0 0 0 0 0 0 0 0 0 0 0 20 85 18 18 18 73 74 74 73 58 47 41 41 0 0 0 0 0 0 0
0 0 0 0 0 0 0 0 0 0 0 0 9 7 50 0 0 0 0 0 0 0 0 0 0 0 0 0 0 0 20 85 18 18 18 73 73 73 73 58 47 94 41 0 0 0 0 0 0 0
0 0 0 0 0 0 0 0 0 0 0 0 9 7 50 0 0 0 0 0 0 0 0 0 0 0 0 0 0 0 20 85 18 18 18 18 73 58 58 58 47 44 41 0 0 0 0 0 0 0
0 0 0 0 0 0 0 0 0 0 0 0 9 7 50 0 0 0 0 0 0 0 0 0 0 0 0 0 0 0 20 85 18 18 18 73 73 58 47 47 47 44 41 0 0 0 0 0 0 0
0 0 0 0 0 0 0 0 0 0 0 0 9 7 50 50 50 50 50 0 0 0 0 48 48 48 0 0 0 0 20 85 18 18 18 73 58 58 47 44 44 44 41 0 0 0 0 0 0 0
0 0 0 0 0 0 0 0 0 0 0 0 9 7 7 7 7 7 50 50 50 50 97 48 24 48 0 0 0 20 20 85 18 18 18 73 58 47 47 44 41 41 41 0 0 0 0 0 0 0
0 0 0 0 0 0 0 0 0 0 0 0 9 9 9 9 9 7 7 7 7 7 97 45 28 48 48 67 67 20 85 85 73 73 73 73 58 47 44 44 41 0 0 0 0 0 0 0 0 0
0 0 0 0 0 0 0 0 0 0 0 0 0 0 0 49 9 9 9 9 9 7 29 45 28 28 48 48 85 85 85 58 58 58 58 58 58 47 44 41 41 0 0 0 0 0 0 0 0 0
0 0 0 0 0 0 0 0 0 0 0 0 0 0 0 49 99 99 99 99 9 56 29 45 45 28 28 28 85 58 58 58 47 47 47 47 47 47 44 41 0 0 0 0 0 0 0 0 0 0
0 0 0 0 0 0 0 0 0 0 0 0 0 0 0 49 59 49 49 99 99 56 13 13 45 45 45 85 85 58 47 47 47 44 44 44 44 44 44 41 0 0 0 0 0 0 0 0 0 0
0 0 0 0 0 0 0 0 0 0 0 0 0 0 0 49 49 49 49 49 99 92 92 13 45 86 69 85 46 58 47 44 44 44 41 41 41 41 41 41 0 0 0 0 0 0 0 0 0 0
0 0 0 0 0 0 0 0 0 0 0 0 0 0 0 0 0 0 0 49 99 99 92 13 45 79 69 82 46 47 47 44 95 95 41 0 0 0 0 0 0 0 0 0 0 0 0 0 0 0
0 0 0 0 0 0 0 0 0 0 0 0 0 0 0 0 0 0 0 49 49 99 92 13 13 79 69 82 87 87 47 44 44 95 0 0 0 0 0 0 0 0 0 0 0 0 0 0 0 0
0 0 0 0 0 0 0 0 0 0 0 0 0 0 0 0 0 0 0 0 49 16 92 70 13 79 82 82 26 1 1 1 15 95 0 0 0 0 0 0 0 0 0 0 0 0 0 0 0 0
0 0 0 0 0 0 0 0 0 0 0 0 0 0 0 0 0 0 0 49 49 16 70 70 19 79 82 26 26 57 1 95 95 95 0 0 0 0 0 0 0 0 0 0 0 0 0 0 0 0
0 0 0 0 0 0 0 0 0 0 0 0 0 0 0 0 0 0 0 49 16 16 70 71 19 82 82 26 64 64 1 95 0 0 0 0 0 0 0 0 0 0 0 0 0 0 0 0 0 0
0 0 0 0 0 0 0 0 0 0 0 0 0 0 0 54 54 54 54 49 16 70 70 71 5 5 5 26 3 1 1 95 14 0 0 0 0 0 0 0 0 0 0 0 0 0 0 0 0 0
0 0 0 0 0 0 0 0 0 0 0 0 0 0 0 54 91 91 16 16 16 63 71 71 5 31 32 26 3 37 77 77 14 14 14 14 14 0 0 0 0 0 0 0 0 0 0 0 0 0
0 0 0 0 0 0 0 0 0 0 0 0 0 0 0 54 91 21 21 21 21 21 21 5 5 31 32 61 3 37 37 37 37 37 37 37 55 0 0 0 0 0 0 0 0 0 0 0 0 0
0 0 0 0 0 0 0 0 0 0 0 0 0 0 0 54 91 96 8 8 8 8 8 8 30 31 31 17 3 78 78 78 78 78 78 27 55 0 0 0 0 0 0 0 0 0 0 0 0 0
0 0 0 0 0 0 0 0 0 0 0 0 0 0 0 54 91 91 8 83 83 83 10 38 38 38 31 31 3 78 42 42 42 42 11 27 55 0 0 0 0 0 0 0 0 0 0 0 0 0
0 0 0 0 0 0 0 0 0 0 0 0 0 0 0 54 54 91 8 83 60 60 10 10 10 38 38 39 39 78 42 52 35 42 11 36 55 0 0 0 0 0 0 0 0 0 0 0 0 0
0 0 0 0 0 0 0 0 0 0 51 51 51 54 54 54 54 91 8 83 60 60 60 53 10 10 38 68 68 68 68 52 35 42 11 36 55 0 0 0 0 0 0 0 0 0 0 0 0 0
0 0 0 0 0 0 0 0 0 0 76 72 72 54 91 91 91 91 8 83 60 60 53 53 2 38 38 43 43 43 52 52 35 42 11 36 55 55 55 0 0 0 0 0 0 0 0 0 0 0
0 0 0 0 0 0 0 0 0 0 76 80 91 91 91 8 8 8 8 83 60 53 53 2 2 38 43 43 0 0 0 62 35 42 11 36 36 36 55 0 0 0 0 0 0 0 0 0 0 0
0 0 0 0 0 0 0 0 0 0 33 80 84 8 8 8 83 83 83 83 60 53 2 2 38 38 43 0 0 0 0 0 35 42 11 11 11 36 55 0 0 0 0 0 0 0 0 0 0 0
0 0 0 0 0 0 0 0 0 0 33 80 81 81 83 83 83 60 60 60 60 53 2 38 38 43 43 0 0 0 0 0 93 42 42 42 11 36 55 55 55 55 55 55 55 0 0 0 0 0
0 0 0 0 0 0 0 0 0 0 33 80 80 89 89 60 60 60 0 0 60 53 2 38 43 43 0 0 0 0 0 0 93 93 93 42 11 36 36 36 36 36 36 36 55 0 0 0 0 0
0 0 0 0 0 0 0 0 0 0 33 33 60 60 60 60 0 0 0 0 60 53 2 38 43 0 0 0 0 0 0 0 0 0 93 42 11 11 11 11 11 11 11 36 55 0 0 0 0 0
0 0 0 0 0 0 0 0 0 0 0 0 0 0 0 0 0 60 60 60 60 53 2 38 43 0 0 0 0 0 0 0 0 0 93 42 100 100 100 100 100 100 100 65 55 0 0 0 0 0
0 0 0 0 0 0 0 0 0 0 0 0 0 0 0 0 0 60 53 53 53 53 2 38 43 0 0 0 0 0 0 0 0 0 93 4 4 93 0 0 0 0 55 55 55 0 0 0 0 0
0 0 0 0 0 0 0 0 0 0 0 0 0 0 0 0 0 60 53 43 53 2 2 38 43 0 0 0 0 0 0 0 0 0 93 93 93 93 0 0 0 0 0 0 0 0 0 0 0 0
0 0 0 0 0 0 0 0 0 0 0 0 0 0 0 0 0 60 53 43 53 2 38 38 43 0 0 0 0 0 0 0 0 0 0 0 0 0 0 0 0 0 0 0 0 0 0 0 0 0
0 0 0 0 0 0 0 0 0 0 0 0 0 0 0 0 0 60 53 43 53 53 43 43 43 0 0 0 0 0 0 0 0 0 0 0 0 0 0 0 0 0 0 0 0 0 0 0 0 0
0 0 0 0 0 0 0 0 0 0 0 0 0 0 0 0 60 60 53 43 43 43 43 0 0 0 0 0 0 0 0 0 0 0 0 0 0 0 0 0 0 0 0 0 0 0 0 0 0 0
0 0 0 0 0 0 0 0 0 0 0 0 0 0 0 60 60 53 53 23 0 6 0 0 0 0 0 0 0 0 0 0 0 0 0 0 0 0 0 0 0 0 0 0 0 0 0 0 0 0
0 0 0 0 0 0 0 0 0 0 0 0 0 0 0 60 53 53 23 23 0 0 0 0 0 0 0 0 0 0 0 0 0 0 0 0 0 0 0 0 0 0 0 0 0 0 0 0 0 0
0 0 0 0 0 0 0 0 0 0 0 0 0 0 0 34 23 23 23 0 0 0 0 0 0 0 0 0 0 0 0 0 0 0 0 0 0 0 0 0 0 0 0 0 0 0 0 0 0 0
0 0 0 0 0 0 0 0 0 0 0 0 0 0 0 0 0 0 0 0 0 0 0 0 0 0 0 0 0 0 0 0 0 0 0 0 0 0 0 0 0 0 0 0 0 0 0 0 0 0
