0 0 0 0 0 0 0 0 0 0 0 0 0 0 0 0 0 0 0 0 0 0 0 0 0 0 0 0 0 0 0 0 0 0 0 0 0 0 0 0 0 0 0 0 0 0 0 0 0 0
0 0 0 0 0 0 0 0 0 0 0 0 0 0 0 0 0 0 0 0 0 0 0 0 0 0 0 0 0 0 0 0 0 0 0 0 0 0 0 0 0 0 0 0 0 0 0 0 0 0
0 0 0 0 0 0 0 0 0 0 0 0 0 0 0 0 0 0 0 0 0 0 0 0 0 0 0 0 0 0 0 0 0 0 0 0 0 0 0 0 0 0 0 0 0 0 0 0 0 0
0 0 0 0 0 0 0 0 0 0 0 0 0 0 0 0 0 0 0 0 0 0 0 0 0 0 0 0 0 0 0 0 0 0 0 0 0 0 0 0 0 0 0 0 0 0 0 0 0 0
0 0 0 0 0 0 0 0 0 0 0 0 0 0 0 0 0 0 0 0 0 0 0 0 0 0 0 0 0 0 0 0 0 0 0 0 0 0 0 0 0 0 0 0 0 0 0 0 0 0
0 0 0 0 0 0 0 0 0 0 0 0 0 0 0 0 0 0 0 0 0 0 0 0 0 99 31 31 31 31 0 0 0 0 0 0 0 0 0 0 0 0 0 0 0 0 0 0 0 0
0 0 0 0 0 0 0 0 0 0 0 0 0 0 0 0 0 0 0 0 0 0 0 0 0 0 86 62 81 31 31 31 0 0 0 0 0 0 0 0 0 0 0 0 0 0 0 0 0 0
0 0 0 0 0 0 0 0 0 0 0 0 0 0 0 0 0 0 0 0 0 0 0 0 0 0 0 62 72 28 28 31 0 0 0 0 0 0 0 0 0 0 0 0 0 0 0 0 0 0
0 0 0 0 0 0 0 0 0 0 0 0 0 0 0 0 0 0 0 0 0 0 0 0 0 0 0 62 72 72 28 31 31 0 0 0 0 0 0 0 0 0 0 0 0 0 0 0 0 0
0 0 0 0 0 0 0 0 0 0 0 0 0 0 0 0 0 0 0 0 0 0 0 0 0 0 0 62 62 72 28 28 31 0 12 78 78 0 0 0 0 0 0 0 0 0 0 0 0 0
0 0 0 0 0 0 0 0 0 0 0 0 0 0 0 0 0 0 0 0 0 0 0 0 0 0 0 0 62 72 72 28 31 0 12 92 98 0 0 0 0 0 0 0 0 0 0 0 0 0
0 0 0 0 0 0 0 0 57 24 24 24 84 84 0 0 0 0 0 0 0 0 0 0 0 0 0 0 62 62 72 28 31 0 12 10 98 0 0 0 0 0 0 0 0 0 0 0 0 0
0 0 0 0 0 0 0 0 57 96 60 82 82 84 84 84 84 84 84 84 84 84 0 0 0 0 0 0 0 62 72 28 31 31 31 10 98 98 98 98 98 0 0 0 0 0 0 0 0 0
0 0 0 0 0 0 0 0 0 96 75 75 82 82 82 82 82 82 82 82 82 84 84 0 0 0 0 0 0 62 72 28 28 28 28 10 10 10 66 66 83 0 0 0 0 0 0 0 0 0
0 0 0 0 0 0 0 0 0 96 96 26 26 26 82 17 17 17 17 17 82 82 84 0 0 0 0 62 62 62 72 28 13 13 61 61 61 10 10 64 83 0 0 0 0 0 0 0 0 0
0 0 0 0 0 0 0 0 0 35 96 26 30 17 17 17 94 94 94 17 17 82 84 0 0 0 0 62 72 72 72 28 13 20 71 71 89 89 52 64 83 0 0 0 0 0 0 0 0 0
0 0 0 0 0 0 35 35 35 35 38 26 94 94 94 94 94 1 94 94 17 82 84 0 0 62 62 62 72 28 28 28 13 20 67 71 89 64 64 64 83 0 0 0 0 0 0 0 0 0
0 0 0 0 0 0 35 38 38 38 38 1 1 1 1 1 1 1 1 94 17 82 84 0 62 62 72 72 72 28 13 13 13 20 67 67 2 64 83 83 83 0 0 0 0 0 0 0 0 0
0 0 0 0 0 0 35 38 1 1 1 1 1 94 94 94 94 94 1 94 17 82 37 0 62 72 72 28 28 28 13 20 20 20 67 40 40 40 83 11 0 0 0 0 0 0 0 0 0 0
0 0 0 0 0 0 35 38 1 94 94 94 94 94 79 79 79 94 1 94 17 82 62 62 62 72 9 28 13 13 13 20 67 67 67 29 63 63 63 11 0 0 0 0 0 0 0 0 0 0
0 0 0 0 0 0 35 38 19 79 94 94 79 79 79 21 79 94 94 94 17 17 17 17 93 93 9 13 13 20 20 20 67 29 29 29 63 11 11 11 0 0 0 0 0 0 0 0 0 0
0 0 0 0 0 0 35 35 19 79 79 79 79 19 19 21 79 79 79 94 94 94 3 3 93 65 65 13 20 20 67 67 67 29 63 63 63 11 0 0 0 0 0 0 0 0 0 0 0 0
0 0 0 0 0 0 0 35 19 19 19 19 19 19 19 21 21 21 79 79 94 94 79 6 6 65 55 55 55 67 67 29 29 29 63 11 11 11 0 0 0 0 0 0 0 0 0 0 0 0
0 0 0 0 0 0 0 35 35 35 35 35 35 35 19 19 19 21 21 79 79 79 79 79 97 65 65 55 91 91 5 29 63 63 63 11 0 0 0 0 0 0 0 0 0 0 0 0 0 0
0 0 0 0 0 0 0 0 0 0 0 0 0 35 35 35 19 19 21 34 97 97 97 97 97 97 65 55 55 91 5 47 63 11 11 11 0 0 0 0 0 0 0 0 0 0 0 0 0 0
0 0 0 0 0 0 0 0 0 0 0 0 0 0 0 35 35 19 21 21 97 45 45 45 45 97 65 65 55 91 5 4 4 11 0 0 0 0 0 0 0 0 0 0 0 0 0 0 0 0
0 0 0 0 0 0 0 0 0 0 0 0 0 0 0 35 35 19 21 21 97 45 18 18 45 97 65 70 49 91 5 5 0 0 0 0 0 0 0 0 0 0 0 0 0 0 0 0 0 0
0 0 0 0 0 0 0 0 0 0 0 0 0 0 0 33 19 19 21 97 97 45 18 18 45 49 49 49 49 91 36 5 5 0 0 0 0 0 0 0 0 0 0 0 0 0 0 0 0 0
0 0 0 0 0 0 0 0 0 0 0 0 0 0 0 33 16 21 21 97 45 45 18 18 45 74 32 32 32 32 36 36 5 0 0 0 0 0 0 0 0 0 0 0 0 0 0 0 0 0
0 0 0 0 0 0 0 0 0 0 0 0 0 16 16 16 16 100 97 97 45 18 18 18 46 46 46 50 50 50 50 36 5 0 0 0 0 0 0 0 0 0 0 0 0 0 0 0 0 0
0 0 0 0 0 0 0 0 0 23 16 16 16 16 51 51 100 100 42 45 45 18 95 39 39 39 39 39 68 68 50 36 5 5 5 5 0 0 0 0 0 0 0 0 0 0 0 0 0 0
0 0 0 0 0 0 0 0 0 23 22 51 51 51 51 15 15 18 18 18 18 18 95 73 73 73 73 73 68 68 50 36 8 8 25 5 5 0 0 0 0 0 0 0 0 0 0 0 0 0
0 0 0 0 0 0 0 0 0 23 51 51 54 54 54 54 87 87 95 95 95 95 95 90 0 0 0 73 41 85 50 44 44 59 25 25 5 5 0 0 0 0 0 0 0 0 0 0 0 0
0 0 0 0 0 0 0 23 23 23 51 54 54 56 56 56 56 87 88 88 88 88 88 88 0 0 0 77 41 85 44 44 59 59 43 25 25 5 5 0 0 0 0 0 0 0 0 0 0 0
0 0 0 0 0 0 0 23 58 51 51 54 56 56 0 0 0 0 0 0 0 0 0 0 0 0 0 77 41 41 41 59 59 0 43 43 25 25 5 5 0 0 0 0 0 0 0 0 0 0
0 0 0 0 0 0 0 23 23 7 7 54 56 0 0 0 0 0 0 0 0 0 0 0 0 0 0 77 77 77 77 77 0 0 0 43 43 25 25 5 0 0 0 0 0 0 0 0 0 0
0 0 0 0 0 0 0 0 0 0 76 76 56 0 0 0 0 0 0 0 0 0 0 0 0 0 0 0 0 0 0 0 0 0 0 0 43 43 25 5 0 0 0 0 0 0 0 0 0 0
0 0 0 0 0 0 0 0 0 0 80 53 53 0 0 0 0 0 0 0 0 0 0 0 0 0 0 0 0 0 0 0 0 0 0 0 0 43 25 5 0 0 0 0 0 0 0 0 0 0
0 0 0 0 0 0 0 0 0 0 0 0 0 0 0 0 0 0 0 0 0 0 0 0 0 0 0 0 0 0 0 0 0 0 0 0 0 43 25 5 5 27 48 0 0 0 0 0 0 0
0 0 0 0 0 0 0 0 0 0 0 0 0 0 0 0 0 0 0 0 0 0 0 0 0 0 0 0 0 0 0 0 0 0 0 0 0 43 25 25 5 69 48 48 0 0 0 0 0 0
0 0 0 0 0 0 0 0 0 0 0 0 0 0 0 0 0 0 0 0 0 0 0 0 0 0 0 0 0 0 0 0 0 0 0 0 0 43 43 25 5 25 25 14 0 0 0 0 0 0
0 0 0 0 0 0 0 0 0 0 0 0 0 0 0 0 0 0 0 0 0 0 0 0 0 0 0 0 0 0 0 0 0 0 0 0 0 0 43 25 25 25 43 43 0 0 0 0 0 0
0 0 0 0 0 0 0 0 0 0 0 0 0 0 0 0 0 0 0 0 0 0 0 0 0 0 0 0 0 0 0 0 0 0 0 0 0 0 43 43 43 43 43 0 0 0 0 0 0 0
0 0 0 0 0 0 0 0 0 0 0 0 0 0 0 0 0 0 0 0 0 0 0 0 0 0 0 0 0 0 0 0 0 0 0 0 0 0 0 0 0 0 0 0 0 0 0 0 0 0
0 0 0 0 0 0 0 0 0 0 0 0 0 0 0 0 0 0 0 0 0 0 0 0 0 0 0 0 0 0 0 0 0 0 0 0 0 0 0 0 0 0 0 0 0 0 0 0 0 0
0 0 0 0 0 0 0 0 0 0 0 0 0 0 0 0 0 0 0 0 0 0 0 0 0 0 0 0 0 0 0 0 0 0 0 0 0 0 0 0 0 0 0 0 0 0 0 0 0 0
0 0 0 0 0 0 0 0 0 0 0 0 0 0 0 0 0 0 0 0 0 0 0 0 0 0 0 0 0 0 0 0 0 0 0 0 0 0 0 0 0 0 0 0 0 0 0 0 0 0
0 0 0 0 0 0 0 0 0 0 0 0 0 0 0 0 0 0 0 0 0 0 0 0 0 0 0 0 0 0 0 0 0 0 0 0 0 0 0 0 0 0 0 0 0 0 0 0 0 0
0 0 0 0 0 0 0 0 0 0 0 0 0 0 0 0 0 0 0 0 0 0 0 0 0 0 0 0 0 0 0 0 0 0 0 0 0 0 0 0 0 0 0 0 0 0 0 0 0 0
0 0 0 0 0 0 0 0 0 0 0 0 0 0 0 0 0 0 0 0 0 0 0 0 0 0 0 0 0 0 0 0 0 0 0 0 0 0 0 0 0 0 0 0 0 0 0 0 0 0
