0 0 0 0 0 0 0 0 0 0 0 0 0 0 0 0 0 0 0 0 0 0 0 0 0 0 0 0 0 0 0 0 0 0 0 0 0 0 0 0 0 0 0 0 0 0 0 0 0 0
0 0 0 0 0 0 0 0 0 0 0 0 0 0 0 0 0 0 0 0 0 0 0 0 0 0 0 0 0 0 0 0 0 0 0 0 0 0 0 0 0 0 0 0 0 0 0 0 0 0
0 0 0 0 0 0 0 0 0 0 0 0 0 0 0 0 0 0 0 0 0 0 0 0 0 0 0 0 0 0 0 0 0 0 0 0 0 0 0 0 0 0 0 0 0 0 0 0 0 0
0 0 0 0 0 0 0 0 0 0 0 0 0 0 0 0 0 0 0 0 0 0 0 0 0 0 0 0 0 0 0 0 0 0 0 0 0 0 0 0 0 0 0 0 0 0 0 0 0 0
0 0 0 0 0 0 0 0 0 0 0 0 0 0 0 0 0 0 0 0 0 0 0 0 0 0 0 0 0 0 0 0 0 0 0 0 0 0 0 0 0 0 0 0 0 0 0 0 0 0
0 0 0 0 0 0 0 0 0 0 0 0 0 0 0 0 0 0 0 0 0 0 0 0 0 0 0 0 0 0 0 0 0 0 0 0 0 23 23 23 23 23 23 0 0 0 0 0 0 0
0 0 0 0 0 0 0 0 0 0 0 0 0 0 0 0 0 0 0 0 0 0 0 0 0 0 0 0 0 0 0 0 0 0 0 23 23 23 95 95 95 95 23 0 0 0 0 0 0 0
0 0 0 0 0 0 20 74 74 74 74 0 0 0 0 0 0 0 0 0 0 0 0 0 0 0 0 0 0 0 0 0 0 0 0 23 95 95 95 25 25 53 53 0 0 0 0 0 0 0
0 0 0 0 0 0 0 66 66 66 74 0 0 0 0 0 0 0 0 0 0 0 0 0 0 0 0 0 0 0 0 0 23 23 23 23 95 25 25 25 11 54 53 0 0 0 0 0 0 0
0 0 0 0 0 0 0 66 85 66 74 0 0 0 0 0 0 0 0 0 0 0 0 0 0 0 0 0 0 0 0 0 23 95 95 95 95 25 11 11 11 54 53 54 54 54 0 0 0 0
0 0 0 0 0 0 0 0 12 66 74 74 0 0 0 0 0 0 0 0 0 0 0 0 0 0 0 0 0 0 0 0 23 95 98 25 25 25 11 54 54 54 54 54 14 3 14 0 0 0
0 0 0 0 0 0 0 0 12 66 66 74 0 0 0 0 0 81 81 81 81 81 81 81 81 81 81 0 0 0 0 0 23 95 16 25 79 79 79 79 54 14 14 14 14 14 14 0 0 0
0 0 0 0 0 0 0 0 12 12 66 74 39 39 81 81 81 81 70 70 70 70 70 70 70 70 81 0 50 73 16 16 16 16 16 25 79 94 94 79 54 14 0 0 0 0 0 0 0 0
0 0 0 0 0 0 0 0 0 12 66 66 66 70 70 70 70 70 70 12 12 12 12 12 12 70 81 0 50 50 16 25 25 25 25 25 79 94 43 64 54 14 0 0 0 0 0 0 0 0
0 0 0 0 0 0 0 0 0 12 12 12 12 70 12 12 12 12 12 12 40 40 40 40 12 70 81 81 81 50 50 25 79 79 79 79 79 94 43 64 64 14 0 0 0 0 0 0 0 0
0 0 0 0 0 0 0 0 0 0 0 0 12 70 12 40 40 40 40 40 40 92 50 40 12 70 70 70 40 40 50 25 79 94 94 94 94 94 43 58 86 14 0 0 0 0 0 0 0 0
0 0 0 0 0 0 0 0 0 0 0 0 12 70 12 37 65 100 75 75 75 75 50 40 12 12 12 12 12 40 50 25 79 94 43 43 43 43 43 58 86 89 0 0 0 0 0 0 0 0
0 0 0 0 0 0 0 0 0 0 0 0 12 70 12 37 24 100 33 44 44 50 50 40 40 40 40 40 40 40 50 25 22 94 43 58 58 58 58 58 86 89 0 0 0 0 0 0 0 0
0 0 0 0 0 0 0 0 0 0 0 0 12 12 12 12 24 100 80 80 44 50 50 50 50 50 50 40 50 50 50 84 84 84 43 58 86 86 86 86 86 89 0 0 0 0 0 0 0 0
0 0 0 0 0 0 0 0 0 0 0 0 0 0 0 12 24 24 24 80 44 44 44 44 44 44 50 50 50 84 84 84 46 84 43 58 86 89 89 89 89 89 0 0 0 0 0 0 0 0
0 0 0 0 0 0 0 0 19 19 19 19 19 19 19 12 12 12 24 80 80 80 80 80 80 44 84 84 84 84 38 38 38 84 43 58 86 86 86 86 89 0 0 0 0 0 0 0 0 0
0 0 0 0 0 0 0 0 19 68 68 68 68 68 68 12 12 12 29 29 29 29 29 5 80 44 84 38 38 38 38 36 36 36 36 58 27 27 27 86 89 0 0 0 0 0 0 0 0 0
0 0 0 0 0 0 0 0 19 68 4 4 4 4 68 68 68 68 68 68 68 59 5 5 60 44 44 38 36 36 36 36 77 77 77 77 77 77 27 86 89 30 30 30 0 0 0 0 0 0
0 0 0 0 0 0 0 19 19 68 4 68 68 68 68 26 26 26 26 26 26 26 5 60 60 99 99 99 36 77 77 77 77 10 10 10 10 77 27 86 27 27 27 30 0 0 0 0 0 0
0 0 0 0 0 0 0 19 71 68 4 68 97 26 26 26 5 5 5 5 5 5 5 60 99 99 78 99 99 99 99 10 10 10 17 17 10 77 27 27 27 17 27 30 30 30 30 0 0 0
0 0 0 0 0 0 0 19 19 19 4 68 9 26 5 5 5 1 1 1 1 1 5 60 60 60 78 78 78 78 52 10 17 17 17 17 10 77 77 77 27 17 27 21 21 87 30 0 0 0
0 0 0 0 0 0 0 0 0 0 4 4 9 9 1 1 1 1 9 51 1 1 5 96 96 60 78 47 47 47 52 10 17 17 17 17 10 10 10 77 27 17 27 27 90 90 30 0 0 0
0 0 0 0 0 0 0 0 0 0 0 4 4 9 9 9 9 9 9 51 28 63 63 63 60 60 78 47 45 47 32 10 56 17 17 17 17 17 10 10 17 17 17 17 17 30 30 0 0 0
0 0 0 0 0 0 0 0 0 0 0 0 4 4 4 4 4 4 34 51 35 35 35 83 83 78 78 47 45 47 32 32 56 91 91 17 17 17 17 17 17 0 0 0 0 0 0 0 0 0
0 0 0 0 0 0 0 0 0 0 0 0 0 0 0 0 41 34 34 51 31 31 35 35 35 35 47 47 45 47 47 32 32 32 91 91 91 13 6 0 0 0 0 0 0 0 0 0 0 0
0 0 0 0 0 0 0 0 0 0 0 0 0 0 0 0 0 34 62 62 62 31 35 57 57 61 47 42 45 45 47 47 47 32 32 32 48 13 0 0 0 0 0 0 0 0 0 0 0 0
0 0 0 0 0 0 0 0 0 0 0 0 0 0 0 0 0 7 62 31 31 31 35 57 76 76 76 42 42 45 45 45 47 47 47 32 13 13 0 0 0 0 0 0 0 0 0 0 0 0
0 0 0 0 0 0 0 0 0 0 0 0 0 0 0 0 0 7 62 31 35 35 35 57 18 0 69 69 42 42 42 45 45 45 47 32 13 0 0 0 0 0 0 0 0 0 0 0 0 0
0 0 0 0 0 0 0 0 0 0 0 0 0 0 0 0 0 7 62 31 35 57 57 57 18 0 0 0 0 0 42 42 42 45 47 32 13 0 0 0 0 0 0 0 0 0 0 0 0 0
0 0 0 0 0 0 0 0 0 0 0 0 0 0 0 7 7 7 62 31 35 57 18 18 18 0 0 0 0 0 0 0 42 45 47 32 13 0 0 0 0 0 0 0 0 0 0 0 0 0
0 0 0 0 0 0 0 0 0 0 0 0 0 7 7 7 62 62 62 31 35 57 18 0 0 0 0 0 0 0 0 0 42 45 47 32 13 0 0 0 0 0 0 0 0 0 0 0 0 0
0 0 0 0 0 0 0 0 0 0 0 0 0 7 62 62 62 31 31 31 35 57 18 0 0 0 0 0 0 0 0 0 42 45 47 32 13 13 0 0 0 0 0 0 0 0 0 0 0 0
0 0 0 0 0 0 0 0 0 0 0 7 7 7 62 31 31 31 2 67 35 57 18 0 0 0 0 0 0 0 0 0 42 45 55 32 32 13 0 0 0 0 0 0 0 0 0 0 0 0
0 0 0 0 0 0 0 0 7 7 7 7 62 62 62 31 93 93 2 2 2 57 18 0 0 0 0 0 0 0 0 0 42 42 42 42 32 13 0 0 0 0 0 0 0 0 0 0 0 0
0 0 0 0 0 0 0 0 7 62 62 62 62 31 31 31 93 93 2 18 18 18 18 0 0 0 0 0 0 0 0 0 0 0 8 72 32 49 49 0 0 0 0 0 0 0 0 0 0 0
0 0 0 0 0 0 0 0 7 62 31 31 31 31 93 93 93 93 2 18 0 0 0 0 0 0 0 0 0 0 0 0 0 0 8 72 72 72 8 0 0 0 0 0 0 0 0 0 0 0
0 0 0 0 0 0 0 0 7 7 15 93 93 93 93 93 93 93 2 18 0 0 0 0 0 0 0 0 0 0 0 0 0 0 8 8 8 8 8 0 0 0 0 0 0 0 0 0 0 0
0 0 0 0 0 0 0 0 0 82 82 82 0 0 0 93 93 2 2 18 0 0 0 0 0 0 0 0 0 0 0 0 0 0 0 0 0 0 0 0 0 0 0 0 0 0 0 0 0 0
0 0 0 0 0 0 0 0 0 0 0 0 0 0 0 93 88 2 18 18 0 0 0 0 0 0 0 0 0 0 0 0 0 0 0 0 0 0 0 0 0 0 0 0 0 0 0 0 0 0
0 0 0 0 0 0 0 0 0 0 0 0 0 0 0 93 93 18 18 0 0 0 0 0 0 0 0 0 0 0 0 0 0 0 0 0 0 0 0 0 0 0 0 0 0 0 0 0 0 0
0 0 0 0 0 0 0 0 0 0 0 0 0 0 0 0 0 0 0 0 0 0 0 0 0 0 0 0 0 0 0 0 0 0 0 0 0 0 0 0 0 0 0 0 0 0 0 0 0 0
0 0 0 0 0 0 0 0 0 0 0 0 0 0 0 0 0 0 0 0 0 0 0 0 0 0 0 0 0 0 0 0 0 0 0 0 0 0 0 0 0 0 0 0 0 0 0 0 0 0
0 0 0 0 0 0 0 0 0 0 0 0 0 0 0 0 0 0 0 0 0 0 0 0 0 0 0 0 0 0 0 0 0 0 0 0 0 0 0 0 0 0 0 0 0 0 0 0 0 0
0 0 0 0 0 0 0 0 0 0 0 0 0 0 0 0 0 0 0 0 0 0 0 0 0 0 0 0 0 0 0 0 0 0 0 0 0 0 0 0 0 0 0 0 0 0 0 0 0 0
0 0 0 0 0 0 0 0 0 0 0 0 0 0 0 0 0 0 0 0 0 0 0 0 0 0 0 0 0 0 0 0 0 0 0 0 0 0 0 0 0 0 0 0 0 0 0 0 0 0
