0 0 0 0 0 0 0 0 0 0 0 0 0 0 0 0 0 0 0 0 0 0 0 0 0 0 0 0 0 0 0 0 0 0 0 0 0 0 0 0 0 0 0 0 0 0 0 0 0 0
0 0 0 0 0 0 0 0 0 0 0 0 0 0 0 0 0 0 0 0 0 0 0 0 0 0 0 0 0 0 0 0 0 0 0 0 0 0 0 0 0 0 0 0 0 0 0 0 0 0
0 0 0 0 0 0 0 0 0 0 0 0 0 0 0 0 0 0 0 0 0 0 0 0 0 0 0 0 0 0 0 0 0 0 0 0 0 0 0 0 0 0 0 0 0 0 0 0 0 0
0 0 0 0 0 0 0 0 0 0 0 0 0 0 0 0 0 0 0 0 0 0 0 0 0 0 0 0 0 0 0 0 0 0 0 0 0 0 0 0 0 0 0 0 0 0 0 0 0 0
0 0 0 0 0 0 0 0 0 0 0 0 0 0 0 0 0 0 0 0 0 0 0 0 0 0 0 0 0 0 0 0 0 0 0 0 0 0 0 0 0 0 0 0 0 0 0 0 0 0
0 0 0 0 0 0 0 0 0 0 0 0 0 0 0 0 0 75 75 4 4 0 0 0 0 0 0 0 0 0 0 0 0 0 0 0 0 0 0 0 0 0 0 0 0 0 0 0 0 0
0 0 0 0 0 0 0 0 0 0 0 0 0 0 0 0 0 75 83 88 4 4 0 0 0 0 0 0 0 0 0 0 0 0 0 0 0 0 0 0 0 0 0 0 0 0 0 0 0 0
0 0 0 0 0 0 0 0 0 0 0 0 0 0 0 0 0 75 83 88 88 4 4 0 0 0 0 0 0 0 0 0 0 0 0 0 0 0 0 0 0 0 0 0 0 0 0 0 0 0
0 0 0 0 0 0 0 0 0 0 0 0 0 0 75 75 75 75 83 83 88 88 4 0 0 0 0 0 0 0 0 0 0 0 0 0 0 0 0 0 0 0 0 0 0 0 0 0 0 0
0 0 0 0 0 0 0 0 0 0 0 0 0 0 75 83 83 83 83 83 83 88 4 0 0 0 0 0 0 0 0 0 0 0 0 0 0 0 0 0 0 0 0 0 0 0 0 0 0 0
0 0 0 0 0 0 0 0 0 0 0 0 0 0 75 83 27 27 83 83 83 88 4 0 0 0 0 0 0 0 0 0 0 0 0 0 0 0 0 0 0 0 0 0 0 0 0 0 0 0
0 0 0 0 0 0 0 0 0 0 0 0 37 28 75 83 27 7 88 83 83 88 4 0 0 0 0 0 0 0 0 0 0 0 0 0 0 0 0 0 0 0 0 0 0 0 0 0 0 0
0 0 0 0 0 0 0 0 0 0 0 57 57 57 57 83 27 7 88 83 83 88 4 0 0 0 0 0 0 0 0 0 0 0 0 0 0 0 0 0 0 0 0 0 0 0 0 0 0 0
0 0 0 0 0 0 0 0 0 0 0 55 38 38 38 38 27 7 88 83 88 88 4 0 0 0 0 0 0 0 0 0 0 0 0 0 0 0 0 0 0 0 0 0 0 0 0 0 0 0
0 0 0 0 0 0 0 0 0 55 55 55 22 8 99 27 27 7 88 88 88 4 4 0 0 0 0 0 0 0 0 0 0 43 43 43 0 0 0 0 0 0 0 0 0 0 0 0 0 0
0 0 0 0 0 0 0 0 79 55 22 22 22 10 99 7 7 7 7 7 88 4 4 0 0 0 0 0 0 0 0 0 0 43 64 56 0 0 0 0 0 0 0 0 0 0 0 0 0 0
0 0 0 0 0 0 0 0 79 16 22 45 22 10 78 7 78 78 78 7 88 88 4 0 0 4 4 4 4 0 63 63 50 50 64 0 0 0 0 0 0 0 0 0 0 0 0 0 0 0
0 0 0 0 0 0 0 0 79 79 79 45 22 22 78 78 78 22 78 7 7 88 4 4 4 4 31 54 9 9 9 39 50 77 64 47 0 0 0 0 0 0 0 0 0 0 0 0 0 0
0 0 0 0 0 0 0 0 0 0 100 45 45 22 22 22 22 22 78 78 7 88 88 88 88 88 31 97 97 97 9 39 42 77 52 47 0 0 0 0 0 0 0 0 0 0 0 0 0 0
0 0 0 0 0 0 0 0 0 0 100 100 45 45 45 45 45 22 22 78 7 7 59 59 59 88 88 88 88 97 9 81 42 77 52 0 0 0 0 0 0 0 0 0 0 0 0 0 0 0
0 0 0 0 0 0 0 0 0 0 0 100 100 100 100 100 45 45 22 78 78 93 93 86 59 19 19 19 90 97 9 81 36 77 52 0 0 0 0 0 0 0 0 0 0 0 0 0 0 0
0 0 0 0 0 0 0 0 0 0 0 0 0 0 0 100 100 45 22 22 22 22 93 13 13 13 13 19 24 97 81 81 36 52 52 0 0 0 0 0 0 0 0 0 0 0 0 0 0 0
0 0 0 0 0 0 0 0 0 0 0 0 0 0 0 0 100 45 45 45 45 22 93 13 41 49 13 19 24 66 81 48 48 52 0 0 0 0 0 0 0 0 0 0 0 0 0 0 0 0
0 0 0 0 0 0 0 0 0 0 0 0 0 0 100 100 100 58 58 58 45 22 93 13 14 49 13 24 24 66 17 48 70 70 0 0 0 0 0 0 0 0 0 0 0 0 0 0 0 0
0 0 0 0 0 0 0 0 0 0 0 0 0 0 100 58 58 58 45 45 45 46 93 93 14 49 13 49 66 66 17 26 26 0 0 0 0 0 0 0 0 0 0 0 0 0 0 0 0 0
0 0 0 0 0 0 0 0 0 0 0 0 0 0 100 58 45 45 45 3 3 46 46 46 14 49 49 49 17 17 17 68 94 0 0 0 0 0 0 0 0 0 0 0 0 0 0 0 0 0
0 0 0 0 0 0 0 0 0 0 0 0 0 0 100 58 45 3 3 3 14 14 14 14 14 65 65 65 65 1 62 68 94 94 94 94 0 0 0 0 0 0 0 0 0 0 0 0 0 0
0 0 0 0 0 0 0 0 0 0 0 0 0 0 100 58 45 3 14 14 14 29 29 29 29 29 29 29 29 1 62 69 69 69 69 94 0 0 0 0 0 0 0 0 0 0 0 0 0 0
0 0 0 0 0 0 0 0 0 0 0 0 0 0 100 58 45 3 14 29 29 29 76 76 76 76 67 87 12 1 62 62 62 62 69 94 94 0 0 0 0 0 0 0 0 0 0 0 0 0
0 0 0 0 0 0 0 0 0 0 0 0 0 0 100 58 45 3 14 29 76 76 76 91 76 67 67 72 12 1 1 1 1 62 69 69 94 94 0 0 0 0 0 0 0 0 0 0 0 0
0 0 0 0 0 0 0 0 0 0 0 0 0 53 53 58 51 3 14 29 76 91 91 91 76 67 72 72 71 1 21 21 1 62 62 69 69 94 69 69 69 69 69 0 0 0 0 0 0 0
0 0 0 0 0 0 0 0 0 0 0 0 0 33 18 18 51 18 29 29 76 76 76 91 76 67 67 72 72 72 21 21 1 1 62 62 69 69 69 62 62 62 69 0 0 0 0 0 0 0
0 0 0 0 0 0 0 0 0 0 0 0 0 33 40 18 18 18 76 76 76 96 76 91 76 76 67 98 91 21 21 21 21 1 1 62 69 69 62 62 85 62 69 69 0 0 0 0 0 0
0 0 0 0 0 0 0 0 0 0 0 0 0 33 40 25 76 76 76 96 96 96 76 91 91 76 67 91 91 21 2 2 21 21 1 62 62 62 62 85 85 62 62 69 69 0 0 0 0 0
0 0 0 0 0 0 0 0 0 0 0 0 5 33 15 25 76 96 96 96 0 0 76 21 91 76 35 91 21 21 2 2 2 21 1 1 1 85 85 85 95 95 73 95 69 0 0 0 0 0
0 0 0 0 0 0 0 0 0 0 0 0 5 15 15 25 76 96 0 0 0 44 76 21 91 91 91 91 21 2 2 0 2 21 21 21 1 84 32 95 95 95 95 95 69 0 0 0 0 0
0 0 0 0 0 0 0 0 0 0 0 0 0 15 25 25 76 96 0 0 0 44 2 21 21 21 21 21 21 2 0 0 2 2 2 21 30 84 95 95 82 82 69 69 69 0 0 0 0 0
0 0 0 0 0 0 0 0 0 0 0 0 0 34 25 76 76 96 0 0 0 0 2 2 2 2 2 2 2 2 0 0 0 0 2 11 30 84 84 84 84 82 60 60 0 0 0 0 0 0
0 0 0 0 0 0 0 0 0 0 0 0 0 0 25 76 96 96 0 0 0 0 0 0 0 0 0 0 0 0 0 0 0 0 0 11 30 30 30 20 84 82 82 60 0 0 0 0 0 0
0 0 0 0 0 0 0 0 0 0 0 0 0 0 25 76 96 96 96 96 0 0 0 0 0 0 0 0 0 0 0 0 0 0 0 11 11 23 92 20 84 84 82 60 60 0 0 0 0 0
0 0 0 0 0 0 0 0 0 0 0 0 0 0 25 76 76 76 76 96 0 0 0 0 0 0 0 0 0 0 0 0 0 0 0 0 74 74 92 20 20 84 61 61 60 0 0 0 0 0
0 0 0 0 0 0 0 0 0 0 0 0 0 0 25 25 25 25 89 96 0 0 0 0 0 0 0 0 0 0 0 0 0 0 0 0 0 0 92 80 20 84 6 61 60 0 0 0 0 0
0 0 0 0 0 0 0 0 0 0 0 0 0 0 0 0 0 96 96 96 0 0 0 0 0 0 0 0 0 0 0 0 0 0 0 0 0 0 0 80 20 20 61 61 60 0 0 0 0 0
0 0 0 0 0 0 0 0 0 0 0 0 0 0 0 0 0 0 0 0 0 0 0 0 0 0 0 0 0 0 0 0 0 0 0 0 0 0 0 80 80 60 60 60 60 0 0 0 0 0
0 0 0 0 0 0 0 0 0 0 0 0 0 0 0 0 0 0 0 0 0 0 0 0 0 0 0 0 0 0 0 0 0 0 0 0 0 0 0 0 0 0 0 0 0 0 0 0 0 0
0 0 0 0 0 0 0 0 0 0 0 0 0 0 0 0 0 0 0 0 0 0 0 0 0 0 0 0 0 0 0 0 0 0 0 0 0 0 0 0 0 0 0 0 0 0 0 0 0 0
0 0 0 0 0 0 0 0 0 0 0 0 0 0 0 0 0 0 0 0 0 0 0 0 0 0 0 0 0 0 0 0 0 0 0 0 0 0 0 0 0 0 0 0 0 0 0 0 0 0
0 0 0 0 0 0 0 0 0 0 0 0 0 0 0 0 0 0 0 0 0 0 0 0 0 0 0 0 0 0 0 0 0 0 0 0 0 0 0 0 0 0 0 0 0 0 0 0 0 0
0 0 0 0 0 0 0 0 0 0 0 0 0 0 0 0 0 0 0 0 0 0 0 0 0 0 0 0 0 0 0 0 0 0 0 0 0 0 0 0 0 0 0 0 0 0 0 0 0 0
0 0 0 0 0 0 0 0 0 0 0 0 0 0 0 0 0 0 0 0 0 0 0 0 0 0 0 0 0 0 0 0 0 0 0 0 0 0 0 0 0 0 0 0 0 0 0 0 0 0
