0 0 0 0 0 0 0 0 0 0 0 0 0 0 0 0 0 0 0 0 0 0 0 0 0 0 0 0 0 0 0 0 0 0 0 0 0 0 0 0 0 0 0 0 0 0 0 0 0 0
0 0 0 0 0 0 0 0 0 0 0 0 0 0 0 0 0 0 0 0 0 0 0 0 0 0 0 0 0 0 0 0 0 0 0 0 0 0 0 0 0 0 0 0 0 0 0 0 0 0
0 0 0 0 0 0 0 0 0 0 0 0 0 0 0 0 0 0 0 0 0 0 0 0 0 0 0 0 0 0 0 0 0 0 0 0 0 0 0 0 0 0 0 0 0 0 0 0 0 0
0 0 0 0 0 0 0 0 0 0 0 0 0 0 0 0 0 0 0 0 0 0 0 0 0 0 0 0 0 0 0 0 0 0 0 0 0 0 0 0 0 0 0 0 0 0 0 0 0 0
0 0 0 0 0 49 49 49 49 0 0 0 0 0 0 0 0 0 0 0 0 0 0 0 0 0 0 0 0 0 0 0 0 0 0 0 0 0 0 0 0 0 0 0 0 0 0 0 0 0
0 0 0 0 0 95 94 94 49 55 55 55 55 55 0 0 0 0 0 0 0 0 0 0 0 0 0 0 0 0 0 0 0 0 0 0 0 0 0 0 0 0 0 0 0 0 0 0 0 0
0 0 0 0 0 95 58 51 51 51 51 51 51 55 0 0 0 0 0 0 0 0 0 0 0 0 0 0 0 0 0 0 0 0 0 0 0 0 0 0 0 0 0 0 0 0 0 0 0 0
0 0 0 0 0 95 25 6 6 6 6 6 51 55 0 0 0 0 0 0 0 0 0 0 0 0 0 0 0 0 0 0 0 0 0 0 0 0 0 0 0 0 0 0 0 0 0 0 0 0
0 0 0 0 0 95 25 25 25 25 25 6 51 55 0 0 0 0 0 0 0 0 0 0 0 0 0 0 0 0 0 0 0 0 0 0 0 0 0 97 76 12 12 12 0 0 0 0 0 0
0 0 0 0 0 95 95 95 95 95 25 6 51 55 0 0 0 0 0 0 0 0 0 0 0 0 0 0 0 0 0 0 0 0 0 0 0 0 10 10 76 9 9 12 0 0 0 0 0 0
0 0 0 0 0 0 0 0 0 95 25 6 51 55 0 0 0 0 0 0 0 0 0 0 0 0 0 0 0 0 0 0 0 10 10 10 10 10 10 28 28 35 9 12 0 0 0 0 0 0
0 0 0 0 0 0 0 0 0 95 25 6 51 55 0 0 0 0 0 0 0 0 0 0 0 0 0 0 0 0 0 0 10 10 28 28 28 28 28 28 9 9 9 12 0 0 0 0 0 0
0 0 0 0 0 0 0 0 0 95 25 6 51 73 73 73 26 26 69 69 69 69 69 69 0 0 0 0 0 0 0 10 10 28 28 9 9 9 9 9 9 12 12 12 0 0 0 0 0 0
0 0 0 0 0 0 0 0 0 95 25 6 45 45 45 73 67 78 69 46 46 46 46 69 69 0 0 0 0 10 10 10 28 28 9 9 12 12 12 12 12 12 0 0 0 0 0 0 0 0
0 0 0 0 0 0 0 0 0 95 25 86 86 86 45 45 45 78 78 46 78 78 92 92 69 69 0 0 0 10 54 5 28 9 9 12 12 0 0 0 0 0 0 0 0 0 0 0 0 0
0 0 0 0 0 0 0 0 0 95 79 79 79 86 86 86 48 48 78 78 78 43 13 92 92 69 69 0 0 10 54 2 28 9 12 12 0 0 0 0 0 0 0 0 0 0 0 0 0 0
0 0 0 0 0 0 0 0 0 0 0 79 79 79 100 100 100 48 48 48 48 43 13 13 92 92 69 69 69 10 54 2 9 9 12 0 0 0 0 0 0 0 0 0 0 0 0 0 0 0
0 0 0 0 0 0 0 0 0 0 85 79 100 100 100 63 100 100 48 23 43 43 43 13 13 92 92 92 54 54 54 2 9 12 12 0 0 0 0 0 0 0 0 0 0 0 0 0 0 0
0 0 0 0 0 0 0 0 0 0 85 63 74 63 63 63 63 100 48 13 43 43 43 43 13 13 13 92 2 2 2 2 9 12 12 12 12 0 0 0 0 0 0 0 0 0 0 0 0 0
0 0 0 0 0 0 0 0 0 0 85 63 63 63 85 63 100 100 48 13 43 43 43 43 43 43 13 53 2 9 9 9 9 9 9 9 75 0 0 0 0 0 0 0 0 0 0 0 0 0
0 0 0 0 0 0 0 0 0 0 85 85 85 85 85 63 100 70 48 13 43 43 43 43 43 43 13 11 2 2 9 9 9 2 83 62 75 0 0 0 0 0 0 0 0 0 0 0 0 0
0 0 0 0 0 0 0 0 0 0 0 0 0 0 85 63 100 70 52 13 13 13 43 43 43 13 13 11 56 2 2 2 9 2 56 62 75 0 0 0 0 0 0 0 0 0 0 0 0 0
0 0 0 0 0 0 0 0 0 0 0 0 0 0 85 63 100 80 52 52 52 13 13 13 13 13 8 8 56 56 56 2 9 2 56 75 75 0 0 0 0 0 0 0 0 0 0 0 0 0
0 0 0 0 0 0 0 0 0 0 0 0 0 0 85 63 63 80 80 80 52 52 52 52 52 8 8 36 36 36 56 2 2 2 56 75 0 0 0 0 0 0 0 0 0 0 0 0 0 0
0 0 0 0 0 0 0 0 0 0 0 0 0 0 85 63 63 80 80 80 80 64 64 64 52 16 16 16 16 36 56 56 56 56 56 75 75 0 0 0 0 0 0 0 0 0 0 0 0 0
0 0 0 0 0 0 0 0 0 0 0 0 0 0 85 63 90 80 64 64 64 64 96 64 33 33 99 66 16 36 36 36 36 36 36 36 75 0 0 0 0 0 0 0 0 0 0 0 0 0
0 0 0 0 0 0 0 0 0 0 0 0 0 0 85 63 90 22 96 96 96 96 96 64 91 99 99 66 16 61 61 41 41 41 41 60 75 0 0 0 0 0 0 0 0 0 0 0 0 0
0 0 0 0 0 0 0 0 0 0 0 0 0 0 85 63 90 22 22 22 22 22 96 64 64 99 66 66 16 1 4 41 82 82 39 39 39 0 0 0 0 0 0 0 0 0 0 0 0 0
0 0 0 0 0 0 0 0 0 0 0 0 0 0 85 63 90 90 90 90 34 34 96 96 96 96 66 7 7 7 4 41 82 0 0 0 0 0 0 0 0 0 0 0 0 0 0 0 0 0
0 0 0 0 0 0 0 0 0 0 0 0 0 0 85 63 63 90 24 24 24 72 72 72 72 21 21 21 27 65 65 41 82 40 0 0 0 0 0 0 0 0 0 0 0 0 0 0 0 0
0 0 0 0 0 0 0 0 0 0 0 0 0 38 85 90 90 90 24 72 72 72 0 0 72 72 57 27 27 89 65 41 44 40 0 0 0 0 0 0 0 0 0 0 0 0 0 0 0 0
0 0 0 0 0 0 0 0 0 0 0 0 0 38 90 90 24 24 24 72 0 0 0 59 72 18 57 71 71 89 65 88 44 44 0 0 0 0 0 0 0 0 0 0 0 0 0 0 0 0
0 0 0 0 0 0 0 0 0 0 0 0 0 84 84 24 24 72 72 72 0 0 0 59 50 18 71 71 71 89 65 65 65 44 44 44 44 44 44 44 0 0 0 0 0 0 0 0 0 0
0 0 0 0 0 0 0 0 0 0 0 0 0 87 14 24 81 72 0 0 0 0 0 0 50 50 50 50 71 89 89 89 65 65 65 65 65 65 77 44 0 0 0 0 0 0 0 0 0 0
0 0 0 0 0 0 0 0 0 0 0 0 0 0 14 32 81 15 0 0 0 0 0 0 0 0 0 50 71 71 71 89 89 89 89 89 89 30 77 44 44 0 0 0 0 0 0 0 0 0
0 0 0 0 0 0 0 0 0 0 0 0 3 14 14 32 93 15 0 0 0 0 0 0 0 0 0 50 50 50 71 71 71 71 71 71 71 71 77 77 44 0 0 0 0 0 0 0 0 0
0 0 0 0 0 0 0 0 0 0 0 0 42 42 15 15 15 15 0 0 0 0 0 0 0 0 0 0 0 50 50 50 50 50 50 50 20 37 37 77 44 0 0 0 0 0 0 0 0 0
0 0 0 0 0 0 0 0 0 0 0 0 0 0 0 0 0 0 0 0 0 0 0 0 0 0 0 0 0 0 0 0 0 0 0 47 47 47 47 77 44 0 0 0 0 0 0 0 0 0
0 0 0 0 0 0 0 0 0 0 0 0 0 0 0 0 0 0 0 0 0 0 0 0 0 0 0 0 0 0 0 0 0 0 0 0 0 0 47 77 44 44 44 0 0 0 0 0 0 0
0 0 0 0 0 0 0 0 0 0 0 0 0 0 0 0 0 0 0 0 0 0 0 0 0 0 0 0 0 0 0 0 0 0 0 0 0 0 47 77 77 77 44 0 0 0 0 0 0 0
0 0 0 0 0 0 0 0 0 0 0 0 0 0 0 0 0 0 0 0 0 0 0 0 0 0 0 0 0 0 0 0 0 0 0 0 0 0 47 47 19 19 68 0 0 0 0 0 0 0
0 0 0 0 0 0 0 0 0 0 0 0 0 0 0 0 0 0 0 0 0 0 0 0 0 0 0 0 0 0 0 0 0 0 0 0 0 0 0 47 19 31 31 0 0 0 0 0 0 0
0 0 0 0 0 0 0 0 0 0 0 0 0 0 0 0 0 0 0 0 0 0 0 0 0 0 0 0 0 0 0 0 0 0 0 0 0 0 0 47 19 31 0 0 0 0 0 0 0 0
0 0 0 0 0 0 0 0 0 0 0 0 0 0 0 0 0 0 0 0 0 0 0 0 0 0 0 0 0 0 0 0 0 0 0 0 0 0 0 47 19 31 0 0 0 0 0 0 0 0
0 0 0 0 0 0 0 0 0 0 0 0 0 0 0 0 0 0 0 0 0 0 0 0 0 0 0 0 0 0 0 0 0 0 0 0 0 47 47 47 19 31 0 0 0 0 0 0 0 0
0 0 0 0 0 0 0 0 0 0 0 0 0 0 0 0 0 0 0 0 0 0 0 0 0 0 0 0 0 0 0 0 0 0 0 0 0 47 29 19 19 31 98 0 0 0 0 0 0 0
0 0 0 0 0 0 0 0 0 0 0 0 0 0 0 0 0 0 0 0 0 0 0 0 0 0 0 0 0 0 0 0 0 0 0 0 0 17 19 19 17 17 98 0 0 0 0 0 0 0
0 0 0 0 0 0 0 0 0 0 0 0 0 0 0 0 0 0 0 0 0 0 0 0 0 0 0 0 0 0 0 0 0 0 0 0 0 17 17 17 17 0 0 0 0 0 0 0 0 0
0 0 0 0 0 0 0 0 0 0 0 0 0 0 0 0 0 0 0 0 0 0 0 0 0 0 0 0 0 0 0 0 0 0 0 0 0 0 0 0 0 0 0 0 0 0 0 0 0 0
0 0 0 0 0 0 0 0 0 0 0 0 0 0 0 0 0 0 0 0 0 0 0 0 0 0 0 0 0 0 0 0 0 0 0 0 0 0 0 0 0 0 0 0 0 0 0 0 0 0
