0 0 0 0 0 0 0 0 0 0 0 0 0 0 0 0 0 0 0 0 0 0 0 0 0 0 0 0 0 0 0 0 0 0 0 0 0 0 0 0 0 0 0 0 0 0 0 0 0 0
0 0 0 0 0 0 0 0 0 0 0 0 0 0 0 0 0 0 0 0 0 0 0 0 0 0 0 0 0 0 0 0 0 0 0 0 0 0 0 0 0 0 0 0 0 0 0 0 0 0
0 0 0 0 0 0 0 0 0 0 0 0 0 0 0 0 0 0 0 0 0 0 0 0 0 0 0 0 0 0 0 0 0 0 0 0 0 0 0 0 0 0 0 0 0 0 0 0 0 0
0 0 0 0 0 0 0 0 0 0 18 18 36 37 0 0 0 0 0 0 0 0 0 0 0 0 0 0 0 0 0 0 0 0 0 0 0 0 0 0 0 0 0 0 0 0 0 0 0 0
0 0 0 0 0 0 0 0 0 0 18 62 68 37 0 0 0 0 0 0 0 0 0 0 0 0 0 0 0 0 0 0 0 0 0 0 0 0 0 0 0 0 0 0 0 0 0 0 0 0
0 0 0 0 0 0 0 0 0 18 18 62 68 37 0 0 0 0 0 0 0 0 0 0 0 0 0 0 0 0 0 0 0 0 0 0 0 0 0 0 0 0 0 0 0 0 0 0 0 0
0 0 0 0 0 0 0 0 0 18 62 62 68 37 0 0 0 0 0 0 0 0 0 0 0 0 0 0 0 0 0 0 0 0 0 0 0 0 0 0 0 0 0 0 0 0 0 0 0 0
0 0 0 0 0 0 46 81 81 18 62 68 68 37 0 0 0 0 0 0 0 0 0 0 0 0 0 0 0 0 0 0 0 0 0 0 0 0 0 0 0 0 0 0 0 0 0 0 0 0
0 0 0 0 0 0 46 2 16 18 62 68 68 37 0 0 0 0 37 37 37 37 37 37 37 37 0 0 0 0 0 0 39 39 39 39 39 0 0 0 0 0 0 0 0 0 0 0 0 0
0 0 0 0 0 0 0 2 16 34 62 62 68 37 37 0 0 0 37 68 68 64 64 64 64 37 0 0 0 0 0 39 39 44 44 44 39 0 0 0 0 0 0 0 0 0 0 0 0 0
0 0 0 0 0 0 0 2 2 34 34 62 68 68 37 37 37 37 37 68 65 65 70 70 64 37 37 0 0 0 39 39 44 44 12 28 28 0 0 0 0 0 0 0 0 0 0 0 0 0
0 0 0 0 0 0 0 0 2 2 34 62 62 68 68 68 68 37 37 68 65 69 67 70 64 64 37 37 0 0 39 44 44 79 12 10 28 0 0 0 0 0 0 0 0 0 0 0 0 0
0 0 0 0 0 0 0 0 0 2 34 34 62 62 62 62 68 68 37 68 65 69 67 70 70 64 64 37 0 0 39 44 79 79 54 10 47 0 0 0 0 0 0 0 0 0 0 0 0 0
0 0 0 0 0 0 0 0 0 2 19 34 61 61 61 62 62 68 37 68 65 69 67 67 70 70 64 37 0 0 39 44 79 54 54 84 47 0 0 0 0 0 0 0 0 0 0 0 0 0
0 0 0 0 0 0 0 0 77 77 19 49 49 4 61 61 63 68 37 68 65 69 69 67 67 70 64 37 99 39 39 44 79 54 84 84 0 0 0 0 0 0 0 0 0 0 0 0 0 0
0 0 0 0 0 0 0 0 77 94 94 94 94 4 92 50 63 68 68 68 65 65 69 69 67 70 64 37 99 44 44 44 79 54 84 0 0 0 0 0 0 0 0 0 0 0 0 0 0 0
0 0 0 0 0 0 0 0 77 17 45 45 11 11 11 50 63 63 68 68 68 65 65 69 67 70 64 99 99 44 79 79 79 54 84 0 0 0 0 0 0 0 0 0 0 0 0 0 0 0
0 0 0 0 0 0 0 0 0 17 45 13 13 13 11 50 50 63 65 65 65 65 65 69 67 70 64 99 44 44 79 54 54 54 84 0 0 0 0 0 0 0 0 0 0 0 0 0 0 0
0 0 0 0 0 0 0 0 0 17 45 13 71 33 33 33 69 69 69 69 69 69 69 69 67 70 64 99 44 79 79 54 84 84 84 0 0 0 0 0 0 0 0 0 0 0 0 0 0 0
0 0 0 0 0 0 0 0 0 17 45 27 88 88 88 88 88 88 88 88 88 88 88 69 67 70 64 99 44 79 54 54 84 0 0 0 0 0 0 0 0 0 0 0 0 0 0 0 0 0
0 0 0 0 0 0 0 0 0 17 52 27 27 27 27 27 27 27 27 27 27 27 88 69 67 70 78 78 78 79 54 84 84 0 0 0 0 0 0 0 0 0 0 0 0 0 0 0 0 0
0 0 0 0 0 0 0 0 0 72 52 52 52 52 52 52 52 52 52 52 27 88 88 69 67 70 70 23 23 79 54 84 0 0 0 0 0 0 0 0 0 0 0 0 0 0 0 0 0 0
0 0 0 0 0 0 0 0 0 72 72 72 72 72 72 72 72 72 72 52 27 24 85 85 67 67 70 9 54 54 54 84 0 0 0 0 0 0 0 0 0 0 0 0 0 0 0 0 0 0
0 0 0 0 0 0 0 0 0 0 0 0 0 0 0 0 0 72 52 52 27 24 31 56 56 9 9 9 96 84 84 84 0 0 0 0 0 0 0 0 0 0 0 0 0 0 0 0 0 0
0 0 0 0 0 0 0 0 0 0 0 0 0 0 0 0 0 72 52 22 22 22 31 80 97 97 97 96 96 1 1 1 1 0 0 0 0 0 0 0 0 0 0 0 0 0 0 0 0 0
0 0 0 0 0 0 0 0 0 0 0 0 0 0 0 0 0 72 52 22 43 3 31 80 80 80 97 97 97 97 89 89 95 95 0 0 0 0 0 0 0 0 0 0 0 0 0 0 0 0
0 0 0 0 0 0 0 0 0 0 0 0 0 0 0 0 0 72 52 22 43 82 82 80 41 80 80 80 80 80 80 89 35 95 0 0 0 0 0 0 0 0 0 0 0 0 0 0 0 0
0 0 0 0 0 0 0 0 0 74 74 74 74 74 74 74 74 72 52 22 43 41 41 41 41 66 66 66 66 66 60 60 35 95 25 0 0 0 0 0 0 0 0 0 0 0 0 0 0 0
0 0 0 0 0 0 0 0 74 74 30 30 30 30 30 30 30 72 52 22 43 48 48 53 53 53 86 86 86 66 7 83 83 83 25 0 0 0 0 0 0 0 0 0 0 0 0 0 0 0
0 0 0 0 0 0 0 0 6 30 30 20 20 20 20 20 30 30 52 22 43 43 48 53 0 0 0 0 86 66 26 26 51 25 25 0 0 0 0 0 0 0 0 0 0 0 0 0 0 0
0 0 0 0 0 0 0 0 6 100 20 20 55 55 55 20 20 20 20 22 22 43 48 53 0 0 0 0 86 98 26 51 51 57 0 0 0 0 0 0 0 0 0 0 0 0 0 0 0 0
0 0 0 0 0 0 0 0 6 8 20 55 55 48 55 55 55 55 91 22 22 43 48 53 0 0 0 0 40 98 26 26 26 57 90 0 0 0 0 0 0 0 0 0 0 0 0 0 0 0
0 0 0 0 0 0 0 0 73 8 20 55 48 48 48 48 48 55 43 22 43 43 48 53 32 0 0 0 40 98 98 98 26 26 90 0 0 0 0 0 0 0 0 0 0 0 0 0 0 0
0 0 0 0 0 0 0 0 73 8 20 55 48 21 21 21 48 48 43 43 43 48 48 21 32 0 0 0 40 40 40 98 98 26 0 0 0 0 0 0 0 0 0 0 0 0 0 0 0 0
0 0 0 0 0 0 0 0 73 8 20 55 48 21 0 21 21 48 48 48 48 48 21 21 0 0 0 0 0 0 40 40 98 26 0 0 0 0 0 0 0 0 0 0 0 0 0 0 0 0
0 0 0 0 0 0 0 0 73 8 20 55 48 21 0 0 21 21 21 21 21 21 21 0 0 0 0 0 0 0 0 40 98 26 0 0 0 0 0 0 0 0 0 0 0 0 0 0 0 0
0 0 0 0 0 0 0 0 73 76 20 55 48 21 0 0 0 0 0 0 0 0 0 0 0 0 0 0 0 0 0 40 98 26 26 0 0 0 0 0 0 0 0 0 0 0 0 0 0 0
0 0 0 0 0 0 0 0 0 76 93 48 48 21 0 0 0 0 0 0 0 0 0 0 0 0 0 0 0 0 0 40 98 98 26 0 0 0 0 0 0 0 0 0 0 0 0 0 0 0
0 0 0 0 0 0 0 0 0 76 93 29 21 21 0 0 0 0 0 0 0 0 0 0 0 0 0 0 0 0 0 40 40 98 26 26 26 26 26 0 0 0 0 0 0 0 0 0 0 0
0 0 0 0 0 0 0 0 0 76 93 58 58 0 0 0 0 0 0 0 0 0 0 0 0 0 0 0 0 0 0 0 40 98 98 98 98 98 26 0 0 0 0 0 0 0 0 0 0 0
0 0 0 0 0 0 0 0 0 76 93 42 0 0 0 0 0 0 0 0 0 0 0 0 0 0 0 0 0 0 0 0 40 40 40 40 40 98 26 0 0 0 0 0 0 0 0 0 0 0
0 0 0 0 0 0 0 0 76 76 93 42 0 0 0 0 0 0 0 0 0 0 0 0 0 0 0 0 0 0 0 0 0 0 0 0 40 98 26 0 0 0 0 0 0 0 0 0 0 0
0 0 0 0 0 0 0 75 76 5 93 42 0 0 0 0 0 0 0 0 0 0 0 0 0 0 0 0 0 0 0 0 0 0 0 0 40 98 26 26 26 26 0 0 0 0 0 0 0 0
0 0 0 0 0 0 0 75 87 87 87 42 0 0 0 0 0 0 0 0 0 0 0 0 0 0 0 0 0 0 0 0 0 0 0 0 40 98 98 98 98 26 15 15 15 0 0 0 0 0
0 0 0 0 0 0 0 75 42 42 42 42 0 0 0 0 0 0 0 0 0 0 0 0 0 0 0 0 0 0 0 0 0 0 0 0 40 40 40 40 98 59 15 40 15 14 0 0 0 0
0 0 0 0 0 0 0 38 38 0 0 0 0 0 0 0 0 0 0 0 0 0 0 0 0 0 0 0 0 0 0 0 0 0 0 0 0 0 0 40 40 15 15 40 0 0 0 0 0 0
0 0 0 0 0 0 0 0 0 0 0 0 0 0 0 0 0 0 0 0 0 0 0 0 0 0 0 0 0 0 0 0 0 0 0 0 0 0 0 0 40 40 40 40 0 0 0 0 0 0
0 0 0 0 0 0 0 0 0 0 0 0 0 0 0 0 0 0 0 0 0 0 0 0 0 0 0 0 0 0 0 0 0 0 0 0 0 0 0 0 0 0 0 0 0 0 0 0 0 0
0 0 0 0 0 0 0 0 0 0 0 0 0 0 0 0 0 0 0 0 0 0 0 0 0 0 0 0 0 0 0 0 0 0 0 0 0 0 0 0 0 0 0 0 0 0 0 0 0 0
0 0 0 0 0 0 0 0 0 0 0 0 0 0 0 0 0 0 0 0 0 0 0 0 0 0 0 0 0 0 0 0 0 0 0 0 0 0 0 0 0 0 0 0 0 0 0 0 0 0
