0 0 0 0 0 0 0 0 0 0 0 0 0 0 0 0 0 0 0 0 0 0 0 0 0 0 0 0 40 40 40 0 0 0 0 0 0 0 0 0 0 0 0 0 0 0 0 0 0 0
0 0 0 0 0 0 0 0 0 0 0 0 0 0 0 0 0 0 0 0 0 0 0 0 0 40 40 40 40 3 40 40 40 40 40 0 0 0 0 0 0 0 0 0 0 0 0 0 0 0
0 0 0 0 0 0 0 0 0 0 0 0 0 0 0 0 0 0 0 0 0 0 0 0 0 40 3 3 3 3 3 3 3 3 40 0 0 0 0 0 0 0 0 0 0 0 0 0 0 0
0 0 0 0 0 0 0 0 0 0 0 0 0 0 0 0 0 0 0 0 0 0 0 0 0 40 3 3 3 3 3 3 3 3 40 0 0 0 0 0 0 0 0 0 0 0 0 0 0 0
0 0 0 0 0 0 0 0 0 0 0 0 0 0 0 0 0 0 0 0 0 0 0 0 0 40 40 3 3 3 3 3 3 3 40 0 0 0 0 0 0 0 0 0 0 0 0 0 0 0
0 0 0 0 0 0 0 0 0 0 0 0 0 0 0 0 0 0 0 0 0 0 0 0 0 0 40 3 3 3 3 3 3 3 40 0 0 0 0 0 0 0 0 0 0 0 0 0 0 0
0 0 0 0 0 0 0 0 0 0 0 0 0 0 0 0 0 0 0 0 0 0 0 0 0 40 40 3 3 3 3 3 3 3 40 40 0 0 0 0 0 0 0 0 0 0 0 0 0 0
0 0 0 0 0 0 0 0 0 0 0 0 0 0 0 0 0 0 0 0 0 0 40 40 40 40 3 3 3 3 3 3 3 3 3 40 0 0 0 0 0 0 0 0 0 0 0 0 0 0
0 0 0 0 0 0 0 0 0 0 0 0 0 0 0 0 0 0 0 0 0 0 40 3 3 3 3 3 3 3 3 3 3 3 3 40 0 0 0 0 0 0 0 0 0 0 0 0 0 0
0 0 0 0 0 0 0 0 0 0 0 0 0 0 0 0 0 0 0 0 0 0 40 3 3 3 3 3 3 3 3 3 3 3 3 40 0 0 0 0 0 0 0 0 0 0 0 0 0 0
0 0 0 0 0 0 0 0 0 0 0 0 0 0 0 0 0 0 0 0 0 0 40 3 3 3 3 3 3 3 3 3 3 3 3 40 40 0 79 94 38 0 0 0 0 0 0 0 0 0
0 0 0 0 0 0 0 0 0 0 0 0 0 0 0 0 0 0 0 0 0 0 40 40 3 3 3 3 3 3 3 3 3 3 3 3 40 50 50 94 90 0 0 0 0 0 0 0 0 0
0 0 0 0 0 0 0 0 0 0 0 0 0 0 0 0 0 0 0 0 0 0 0 40 3 3 3 3 3 3 3 3 3 3 3 50 50 50 26 26 90 0 0 0 0 0 0 0 0 0
0 0 0 0 0 0 0 0 0 0 0 0 0 0 0 0 0 0 0 0 0 0 0 40 3 3 3 3 3 3 3 3 3 3 3 50 26 26 26 73 73 0 0 0 0 0 0 0 0 0
0 0 0 0 0 0 0 0 0 0 0 0 0 0 0 0 0 0 0 0 0 0 0 40 3 3 3 3 3 3 3 3 3 3 50 50 26 73 73 73 0 0 0 0 0 0 0 0 0 0
0 0 0 0 0 0 0 0 0 0 0 0 0 0 0 0 0 0 0 0 0 0 0 40 3 3 3 3 59 59 59 59 59 59 50 2 26 31 0 0 0 0 0 0 0 0 0 0 0 0
0 0 0 0 0 0 0 0 0 0 0 0 0 0 0 0 0 0 0 0 0 0 0 40 40 3 3 59 59 2 2 2 2 59 11 2 17 31 72 0 0 0 0 0 0 0 0 0 0 0
0 0 0 0 0 0 0 0 0 0 0 0 0 0 0 0 0 0 0 0 0 0 0 0 40 40 59 59 2 2 70 7 2 2 2 2 17 74 74 74 74 0 0 0 0 0 0 0 0 0
0 0 0 0 0 0 0 0 0 0 0 0 0 0 0 0 0 0 0 40 40 40 40 40 40 100 100 2 2 44 44 7 7 7 7 2 7 7 7 7 74 0 0 0 0 0 0 0 0 0
0 0 0 0 0 0 0 0 0 0 0 0 0 0 0 0 20 20 0 40 100 100 100 100 100 100 44 44 44 44 75 75 92 92 7 7 7 92 92 7 74 0 0 0 0 0 0 0 0 0
0 0 0 0 0 0 0 0 0 0 0 0 0 0 0 0 68 71 0 40 57 46 46 100 44 44 44 93 93 93 93 93 93 92 92 92 7 92 93 55 74 0 0 0 0 0 0 0 0 0
0 0 0 0 0 0 0 0 0 0 0 0 0 0 0 0 68 16 0 40 57 81 32 32 32 93 93 93 55 55 55 55 93 93 93 92 92 92 93 55 78 0 0 0 0 0 0 0 0 0
0 0 0 0 0 0 0 0 0 0 0 0 0 0 0 0 52 16 40 40 57 45 32 13 84 84 84 93 55 55 76 55 55 55 93 93 93 93 93 55 78 0 0 0 0 0 0 0 0 0
0 0 0 0 0 0 0 0 0 0 0 0 0 0 0 0 52 35 35 45 57 45 32 61 61 61 84 93 93 55 76 76 76 55 55 55 55 55 55 55 78 0 0 0 0 0 0 0 0 0
0 0 0 0 0 0 0 0 0 0 0 0 0 0 0 0 52 47 41 45 45 45 45 45 45 61 84 84 93 55 55 76 76 76 12 78 78 78 78 78 78 0 0 0 0 0 0 0 0 0
0 0 0 0 0 0 0 0 0 0 0 0 0 0 0 0 52 43 41 41 45 45 45 45 45 61 61 84 93 93 55 55 55 76 78 78 0 0 0 0 0 0 0 0 0 0 0 0 0 0
0 0 0 0 0 0 0 0 0 0 0 0 0 0 0 0 15 43 43 61 61 61 61 61 61 61 84 84 84 93 66 66 55 76 78 0 0 0 0 0 0 0 0 0 0 0 0 0 0 0
0 0 0 0 0 0 0 0 0 0 0 0 0 0 0 0 15 15 43 43 5 5 5 5 61 61 4 25 84 65 65 66 55 76 78 0 0 0 0 0 0 0 0 0 0 0 0 0 0 0
0 0 0 0 0 0 0 0 0 0 0 0 0 0 0 0 0 15 69 69 69 19 19 5 27 99 99 56 56 56 65 66 55 76 78 0 0 0 0 0 0 0 0 0 0 0 0 0 0 0
0 0 0 0 0 0 0 0 0 0 0 0 0 0 0 0 91 15 88 9 9 9 1 5 48 48 48 48 85 85 66 66 55 76 78 0 0 0 0 0 0 0 0 0 0 0 0 0 0 0
0 0 0 0 0 0 0 0 0 0 0 0 0 0 0 0 91 28 88 14 1 1 1 23 23 23 21 21 85 39 39 55 55 76 78 0 0 0 0 0 0 0 0 0 0 0 0 0 0 0
0 0 0 0 0 0 0 0 0 0 0 0 0 0 28 28 28 28 28 14 1 23 23 23 24 24 24 62 85 77 77 77 77 76 78 78 78 78 78 0 0 0 0 0 0 0 0 0 0 0
0 0 0 0 0 0 0 0 0 0 28 28 28 28 28 53 53 53 14 14 1 23 24 24 24 54 29 62 33 33 33 33 77 76 76 76 76 76 78 0 0 0 0 0 0 0 0 0 0 0
0 0 0 0 0 0 0 0 0 0 28 53 53 53 53 53 37 37 37 6 1 23 24 24 58 54 29 29 29 54 54 33 77 77 77 77 77 76 78 0 0 0 0 0 0 0 0 0 0 0
0 0 0 0 0 0 0 0 0 0 28 53 37 37 37 37 37 8 8 8 1 23 23 24 58 54 54 54 54 54 54 33 33 33 33 33 77 76 78 0 0 0 0 0 0 0 0 0 0 0
0 0 0 0 0 0 0 0 0 0 28 53 37 8 8 8 8 8 89 89 1 1 23 24 58 60 60 60 60 60 54 54 54 54 33 77 77 76 49 0 0 0 0 0 0 0 0 0 0 0
0 0 0 0 0 0 0 0 0 0 28 53 37 8 36 36 36 97 89 23 23 23 23 24 58 0 0 0 0 60 60 60 60 54 33 77 10 10 49 0 0 0 0 0 0 0 0 0 0 0
0 0 0 0 0 0 0 0 0 0 28 53 37 8 36 0 0 97 89 98 83 23 24 24 58 0 0 0 0 0 0 0 60 54 33 77 64 86 49 22 0 0 0 0 0 0 0 0 0 0
0 0 0 0 0 0 0 0 28 28 28 53 37 8 36 0 0 97 83 83 83 23 23 24 58 0 0 0 0 0 0 0 60 54 33 77 86 86 80 22 0 0 0 0 0 0 0 0 0 0
0 0 0 0 0 0 0 0 28 53 53 53 37 8 36 0 0 97 97 96 18 18 23 24 58 0 0 0 0 0 0 0 60 54 33 77 86 30 80 82 0 0 0 0 0 0 0 0 0 0
0 0 0 0 0 0 0 28 28 53 37 37 37 8 36 0 0 0 0 96 58 18 23 24 58 0 0 0 0 0 0 0 60 54 33 77 86 30 30 30 0 0 0 0 0 0 0 0 0 0
0 0 0 53 53 53 0 28 53 53 87 8 8 8 36 0 0 0 0 67 58 18 18 51 58 0 0 0 0 0 0 0 60 54 54 86 86 30 0 0 0 0 0 0 0 0 0 0 0 0
0 0 0 53 95 53 53 28 53 63 63 63 36 36 36 0 0 0 0 0 58 58 58 58 58 0 0 0 0 0 0 0 60 60 60 60 30 30 0 0 0 0 0 0 0 0 0 0 0 0
0 0 0 42 63 63 53 53 53 63 36 36 36 0 0 0 0 0 0 0 0 0 0 0 0 0 0 0 0 0 0 0 0 0 0 0 0 0 0 0 0 0 0 0 0 0 0 0 0 0
0 0 0 42 36 63 63 63 63 63 36 0 0 0 0 0 0 0 0 0 0 0 0 0 0 0 0 0 0 0 0 0 0 0 0 0 0 0 0 0 0 0 0 0 0 0 0 0 0 0
0 0 0 34 36 36 36 36 36 36 36 0 0 0 0 0 0 0 0 0 0 0 0 0 0 0 0 0 0 0 0 0 0 0 0 0 0 0 0 0 0 0 0 0 0 0 0 0 0 0
0 0 0 0 0 0 0 0 0 0 0 0 0 0 0 0 0 0 0 0 0 0 0 0 0 0 0 0 0 0 0 0 0 0 0 0 0 0 0 0 0 0 0 0 0 0 0 0 0 0
0 0 0 0 0 0 0 0 0 0 0 0 0 0 0 0 0 0 0 0 0 0 0 0 0 0 0 0 0 0 0 0 0 0 0 0 0 0 0 0 0 0 0 0 0 0 0 0 0 0
0 0 0 0 0 0 0 0 0 0 0 0 0 0 0 0 0 0 0 0 0 0 0 0 0 0 0 0 0 0 0 0 0 0 0 0 0 0 0 0 0 0 0 0 0 0 0 0 0 0
0 0 0 0 0 0 0 0 0 0 0 0 0 0 0 0 0 0 0 0 0 0 0 0 0 0 0 0 0 0 0 0 0 0 0 0 0 0 0 0 0 0 0 0 0 0 0 0 0 0
