0 0 0 0 0 0 0 0 0 0 0 0 0 0 0 0 0 0 0 0 0 0 0 0 0 0 0 0 0 0 0 0 0 0 0 0 0 0 0 0 0 0 0 0 0 0 0 0 0 0
0 0 37 37 37 0 0 0 0 0 0 0 0 0 0 0 0 0 0 0 0 0 0 0 0 0 0 0 0 0 0 0 0 0 0 0 0 0 0 0 0 0 0 0 0 0 0 0 0 0
0 0 37 13 37 0 0 0 0 0 0 0 0 0 0 0 0 0 0 0 0 0 0 0 0 0 0 0 0 0 0 0 0 0 0 0 0 0 0 0 0 0 0 0 0 0 0 0 0 0
0 0 37 20 0 0 0 0 0 0 0 0 0 0 0 0 0 0 0 0 0 0 0 0 0 0 0 0 0 0 0 0 0 0 0 0 0 0 0 0 0 0 0 0 0 0 0 0 0 0
0 0 0 20 20 20 0 0 0 0 0 0 0 0 0 0 0 0 0 0 0 0 0 0 0 0 0 0 0 0 0 0 0 0 0 0 0 0 0 0 0 0 0 0 0 0 0 0 0 0
0 0 0 0 0 20 20 20 20 20 0 0 0 0 0 0 0 0 0 0 0 0 0 0 0 0 0 0 0 0 0 0 0 0 0 0 0 0 0 0 0 0 0 0 0 0 0 0 0 0
0 0 0 0 0 0 0 64 14 35 35 0 0 0 0 0 0 0 0 0 0 0 0 0 0 0 0 0 0 0 0 0 0 0 0 0 0 0 0 0 0 0 0 0 0 0 0 0 0 0
0 0 0 0 0 0 0 64 16 42 35 0 0 0 0 0 0 0 0 0 0 0 0 0 0 0 0 0 0 0 0 0 0 0 0 0 0 0 0 0 0 0 0 0 0 0 0 0 0 0
0 0 0 0 0 0 0 64 16 42 35 0 0 0 0 0 0 0 0 0 0 0 0 0 0 0 0 0 0 0 0 0 0 0 0 0 0 0 0 0 0 0 0 0 0 0 0 0 0 0
0 0 0 0 0 0 0 64 16 42 35 0 0 0 0 0 0 0 0 0 0 0 0 0 0 0 0 0 0 0 0 0 0 0 0 0 0 0 0 0 0 0 0 0 0 0 0 0 0 0
0 0 0 0 0 0 0 64 16 42 35 0 0 0 0 0 0 0 0 0 0 0 0 0 0 0 0 0 0 0 0 0 0 0 0 0 0 0 0 0 0 0 0 0 0 0 0 0 0 0
0 0 0 0 0 0 0 64 16 42 35 35 35 35 0 0 0 0 0 0 0 0 0 0 0 0 0 0 0 0 0 0 0 0 0 0 0 0 0 0 0 0 0 0 0 0 0 0 0 0
0 0 0 0 0 0 0 64 16 42 7 7 7 35 0 0 0 0 0 0 0 0 0 0 0 0 0 0 0 0 0 0 0 0 0 0 0 0 0 0 0 0 0 0 0 0 0 0 0 0
0 0 0 0 0 0 0 64 16 7 7 8 7 35 0 59 59 59 59 59 59 0 0 0 0 0 0 0 0 0 0 0 0 0 0 0 38 38 38 69 69 69 0 0 0 0 0 0 0 0
0 0 0 0 0 0 0 64 64 64 12 47 7 35 35 35 50 92 92 79 59 0 0 0 0 0 0 0 0 0 0 0 0 0 0 0 38 41 41 41 73 69 0 0 0 0 0 0 0 0
0 0 0 0 0 0 0 0 0 81 12 47 7 7 7 35 50 23 95 79 59 0 0 0 0 0 0 65 65 3 3 38 0 0 0 0 38 41 51 51 51 69 69 69 69 69 0 0 0 0
0 0 0 0 0 0 0 0 0 81 12 47 47 47 7 7 7 7 95 79 59 43 43 43 43 43 65 65 80 80 91 38 38 38 38 38 38 41 51 71 71 71 71 71 71 69 69 69 69 0
0 0 0 0 0 0 0 0 0 81 12 12 12 47 47 47 47 47 95 79 59 59 58 58 65 43 65 80 80 25 25 25 41 41 38 38 41 41 51 15 15 15 15 15 71 71 71 71 69 0
0 0 0 0 0 0 0 0 0 81 81 81 12 12 12 31 31 47 95 79 59 59 79 66 65 65 65 80 57 57 75 75 75 41 41 41 41 51 51 32 32 32 32 15 15 15 15 15 55 0
0 0 0 0 0 0 0 0 0 0 0 81 81 81 12 31 47 47 95 79 79 79 79 80 80 80 80 80 57 32 32 32 51 51 51 51 51 51 32 32 78 78 78 55 55 55 55 55 55 0
0 0 0 0 0 0 0 0 0 0 0 0 0 62 12 31 47 95 95 95 95 79 79 5 5 80 80 57 57 78 78 32 51 51 51 51 32 32 32 78 78 55 55 55 0 0 0 0 0 0
0 0 0 0 0 97 97 97 97 97 0 0 97 97 12 31 47 47 47 47 95 79 61 61 33 80 80 57 18 96 78 32 32 32 32 32 32 78 78 78 55 55 0 0 0 0 0 0 0 0
0 0 0 0 97 97 53 53 53 97 97 97 97 53 53 31 31 31 31 47 95 95 95 19 33 80 80 57 18 78 78 78 78 78 78 78 32 78 55 55 55 0 0 0 0 0 0 0 0 0
0 0 0 0 97 87 74 74 53 53 53 53 53 53 74 74 74 74 31 47 47 47 22 19 33 33 33 33 18 18 18 18 46 46 46 78 78 78 55 0 0 0 0 0 0 0 0 0 0 0
0 0 0 0 97 87 87 74 74 53 53 74 74 74 74 87 87 74 94 94 94 94 94 94 94 94 94 33 33 33 33 18 46 36 46 76 55 55 55 0 0 0 0 0 0 0 0 0 0 0
0 0 0 0 97 97 87 87 74 74 74 74 87 87 87 87 85 74 74 39 11 39 77 77 77 77 94 94 94 94 33 18 46 36 54 54 55 0 0 0 0 0 0 0 0 0 0 0 0 0
0 0 0 0 0 97 97 87 87 87 87 87 87 97 97 87 85 39 39 39 39 39 77 24 24 77 77 77 77 94 33 18 46 36 36 54 0 0 0 0 0 0 0 0 0 0 0 0 0 0
0 0 0 0 0 0 97 97 97 97 97 97 97 97 97 87 85 39 77 77 77 77 77 24 24 77 98 98 77 94 67 18 46 46 36 54 0 0 0 0 0 0 0 0 0 0 0 0 0 0
0 0 0 0 0 0 0 0 0 0 0 0 0 87 87 87 85 39 77 24 24 24 24 24 24 77 98 72 77 84 67 99 99 46 36 54 0 0 0 0 0 0 0 0 0 0 0 0 0 0
0 0 0 0 0 0 0 0 0 0 0 0 0 87 85 85 85 39 77 24 49 49 49 49 24 77 98 72 63 84 86 84 63 46 36 54 0 0 0 0 0 0 0 0 0 0 0 0 0 0
0 0 0 0 0 0 0 0 0 0 0 0 0 87 85 30 68 39 88 24 49 40 40 49 24 77 98 72 63 84 84 84 63 36 36 45 0 0 0 0 0 0 0 0 0 0 0 0 0 0
0 0 0 0 0 0 0 0 0 0 0 0 0 87 85 30 70 70 70 24 49 40 40 49 24 77 98 72 63 63 63 63 63 72 52 45 0 0 0 0 0 0 0 0 0 0 0 0 0 0
0 0 0 0 0 0 0 0 0 0 87 87 87 87 85 30 30 70 24 24 49 40 40 49 24 77 98 72 72 72 72 72 72 72 45 45 0 0 0 0 0 0 0 0 0 0 0 0 0 0
0 0 0 0 0 0 0 0 0 87 87 85 85 85 85 85 30 70 70 56 49 40 40 49 24 77 98 98 98 98 98 72 45 45 45 0 0 0 0 0 0 0 0 0 0 0 0 0 0 0
0 0 0 0 0 0 0 0 0 87 26 85 30 30 30 30 30 30 70 56 40 40 40 49 24 77 98 29 29 29 98 72 45 45 45 0 0 0 0 0 0 0 0 0 0 0 0 0 0 0
0 0 0 0 0 0 0 0 0 87 26 48 70 70 70 70 70 70 70 56 4 0 40 49 24 77 98 98 29 29 98 72 72 72 45 45 0 0 0 0 0 0 0 0 0 0 0 0 0 0
0 0 0 0 0 0 0 0 0 87 28 48 48 27 56 56 56 56 56 56 4 0 40 49 24 77 77 98 29 29 98 98 98 72 72 45 0 0 0 0 0 0 0 0 0 0 0 0 0 0
0 0 0 0 0 0 0 0 0 0 28 28 48 27 10 10 4 4 4 4 4 0 40 49 24 21 77 98 29 29 29 29 98 98 72 45 0 0 0 0 0 0 0 0 0 0 0 0 0 0
0 0 0 0 0 0 0 0 0 93 93 1 48 27 27 10 0 0 0 0 0 0 40 49 24 24 98 98 29 0 0 29 29 72 72 45 0 0 0 0 0 0 0 0 0 0 0 0 0 0
0 0 0 0 0 0 0 0 0 60 1 1 34 34 27 10 0 0 0 0 0 0 40 49 49 49 98 29 29 0 0 0 100 72 45 45 45 82 0 0 0 0 0 0 0 0 0 0 0 0
0 0 0 0 0 0 0 0 0 90 1 34 34 34 27 10 0 0 0 0 0 0 40 40 40 40 40 29 0 0 0 0 100 72 72 72 44 44 0 0 0 0 0 0 0 0 0 0 0 0
0 0 0 0 0 0 0 0 0 0 1 34 9 27 27 10 10 10 0 0 0 0 0 0 0 0 0 0 0 0 0 0 100 100 100 17 17 0 0 0 0 0 0 0 0 0 0 0 0 0
0 0 0 0 0 0 0 0 0 0 6 34 89 89 27 27 27 10 0 0 0 0 0 0 0 0 0 0 0 0 0 0 0 0 0 0 0 0 0 0 0 0 0 0 0 0 0 0 0 0
0 0 0 0 0 0 0 0 0 0 6 34 34 34 34 34 27 10 0 0 0 0 0 0 0 0 0 0 0 0 0 0 0 0 0 0 0 0 0 0 0 0 0 0 0 0 0 0 0 0
0 0 0 0 0 0 0 0 0 0 6 6 6 6 34 27 27 10 0 0 0 0 0 0 0 0 0 0 0 0 0 0 0 0 0 0 0 0 0 0 0 0 0 0 0 0 0 0 0 0
0 0 0 0 0 0 0 0 0 0 0 0 0 6 34 27 10 10 0 0 0 0 0 0 0 0 0 0 0 0 0 0 0 0 0 0 0 0 0 0 0 0 0 0 0 0 0 0 0 0
0 0 0 0 0 0 0 0 0 0 0 0 0 6 6 10 10 0 0 0 0 0 0 0 0 0 0 0 0 0 0 0 0 0 0 0 0 0 0 0 0 0 0 0 0 0 0 0 0 0
0 0 0 0 0 0 0 0 0 0 0 0 0 2 83 83 0 0 0 0 0 0 0 0 0 0 0 0 0 0 0 0 0 0 0 0 0 0 0 0 0 0 0 0 0 0 0 0 0 0
0 0 0 0 0 0 0 0 0 0 0 0 0 0 0 0 0 0 0 0 0 0 0 0 0 0 0 0 0 0 0 0 0 0 0 0 0 0 0 0 0 0 0 0 0 0 0 0 0 0
0 0 0 0 0 0 0 0 0 0 0 0 0 0 0 0 0 0 0 0 0 0 0 0 0 0 0 0 0 0 0 0 0 0 0 0 0 0 0 0 0 0 0 0 0 0 0 0 0 0
