0 0 0 0 0 0 0 0 0 0 0 0 0 0 0 0 0 0 0 0 0 0 0 0 0 0 0 0 0 0 0 0 0 0 0 0 0 0 0 0 0 0 0 0 0 0 0 0 0 0
0 0 0 0 0 0 0 0 0 0 0 0 0 0 0 0 0 0 0 0 0 0 0 0 0 0 0 0 0 0 0 0 0 0 0 0 0 0 0 0 0 0 0 0 0 0 0 0 0 0
0 0 0 0 0 0 0 0 0 0 0 0 0 0 0 0 0 0 0 0 0 0 0 0 0 0 0 0 0 0 0 0 0 0 0 0 0 0 0 0 0 0 0 0 0 0 0 0 0 0
0 0 0 0 0 0 0 0 0 0 0 0 0 0 0 0 0 0 0 0 0 0 0 0 0 0 0 0 0 0 0 0 0 0 0 0 0 0 0 0 0 0 0 0 0 0 0 0 0 0
0 0 0 0 0 0 0 0 0 0 0 0 0 0 0 0 0 0 0 0 0 0 0 0 0 0 0 0 0 0 0 0 0 0 0 0 0 0 0 0 0 0 0 0 0 0 0 0 0 0
0 0 0 0 0 0 0 0 0 0 0 0 0 0 0 0 0 0 0 0 0 0 0 0 0 0 0 0 0 0 0 0 0 0 0 0 0 0 0 0 0 0 0 0 0 0 0 0 0 0
0 0 0 0 0 0 0 0 0 0 0 0 0 0 0 0 0 0 0 0 0 0 0 0 0 0 0 0 0 0 0 0 0 0 0 0 0 0 0 0 0 0 0 0 0 0 0 0 0 0
0 0 0 0 0 0 0 0 0 0 0 0 0 0 0 0 0 0 0 0 0 0 0 0 0 0 0 0 0 0 0 0 0 0 0 0 0 0 0 0 0 0 0 0 0 0 0 0 0 0
0 0 0 0 0 0 0 0 0 0 0 0 0 0 0 0 0 0 0 0 0 0 0 0 0 0 0 0 0 0 0 0 0 0 0 0 0 0 0 0 0 0 0 0 0 0 0 0 0 0
0 0 0 0 0 0 0 0 0 0 0 0 0 0 0 0 0 0 0 0 0 0 0 0 0 0 0 0 0 0 0 0 0 0 0 0 0 0 0 0 0 0 0 0 0 0 0 0 0 0
0 0 0 0 0 0 0 0 0 0 0 0 0 0 0 0 0 0 0 0 0 0 0 0 0 0 0 0 0 0 0 0 0 0 0 0 0 0 0 0 0 0 0 0 0 0 0 0 0 0
0 0 0 0 0 0 0 0 0 0 0 0 0 0 0 0 0 0 0 0 0 0 0 0 0 0 0 0 0 0 0 0 0 0 0 0 0 0 0 0 0 0 0 0 60 60 0 0 0 0
0 0 0 0 0 0 0 0 0 0 0 0 0 0 0 0 0 0 0 0 0 77 77 77 77 77 77 77 77 94 0 0 0 0 0 0 0 0 0 0 0 0 0 66 66 82 0 0 0 0
0 0 0 0 0 0 0 0 0 0 0 0 0 0 0 0 0 0 0 0 0 77 44 44 44 44 44 44 44 94 6 6 6 46 46 46 49 0 0 0 2 2 2 2 1 82 0 0 0 0
0 0 0 0 0 0 0 0 0 0 0 0 4 87 87 21 72 99 0 0 0 77 44 56 56 56 56 56 44 94 6 70 42 42 85 2 2 2 2 2 2 39 39 39 39 82 0 0 0 0
0 0 0 0 0 0 0 0 0 0 0 0 40 40 40 21 21 99 47 0 0 77 44 56 84 84 84 56 44 94 94 70 78 85 85 39 39 39 39 39 39 39 57 41 68 68 0 0 0 0
0 0 0 0 0 0 0 0 0 0 0 0 0 35 40 40 21 69 47 77 77 77 44 56 84 62 84 56 44 44 94 70 78 39 39 39 57 57 57 57 57 57 57 93 93 0 0 0 0 0
0 0 0 0 0 0 0 0 0 0 0 0 0 35 34 40 24 69 47 44 44 44 44 56 56 84 84 56 56 70 70 70 78 39 57 57 57 93 93 93 93 93 93 93 0 0 0 0 0 0
0 0 0 0 0 0 0 0 0 0 0 0 0 61 34 34 24 69 69 44 5 5 5 5 56 56 84 84 30 70 78 78 78 39 57 57 57 57 57 57 57 37 0 0 0 0 0 0 0 0
0 0 0 0 0 0 0 0 0 0 0 0 0 61 25 34 24 24 69 5 5 10 10 10 10 10 10 84 30 78 78 39 39 39 57 57 57 36 36 36 57 37 37 0 0 0 0 0 0 0
0 0 0 0 0 0 0 0 0 0 0 0 0 61 27 34 34 24 71 5 10 10 84 84 84 84 84 84 30 78 36 36 57 57 57 36 36 36 13 36 57 57 37 0 0 0 0 0 0 0
0 0 0 0 0 0 0 0 0 0 0 0 0 0 27 27 34 34 71 71 10 84 84 52 52 52 84 84 52 52 83 36 36 36 36 36 13 13 13 36 36 57 37 0 0 0 0 0 0 0
0 0 0 0 0 0 0 0 0 0 0 0 0 0 0 27 27 34 34 45 10 50 53 53 20 52 52 84 52 36 36 36 36 92 51 36 13 81 13 13 13 81 37 0 0 0 0 0 0 0
0 0 0 0 0 0 0 0 0 0 0 0 0 0 0 0 27 27 27 45 45 45 45 53 73 17 52 52 52 36 36 36 36 92 36 36 13 81 81 81 81 81 37 0 0 0 0 0 0 0
0 0 0 0 0 0 0 0 0 0 0 0 0 0 0 0 33 55 3 3 3 3 45 73 73 17 17 52 17 17 92 36 36 92 13 13 13 37 37 37 37 37 37 0 0 0 0 0 0 0
0 0 0 0 0 0 0 0 0 0 0 0 0 0 0 0 33 88 88 3 38 3 58 58 19 19 17 17 17 91 92 92 92 92 13 37 37 37 0 0 0 0 0 0 0 0 0 0 0 0
0 0 0 0 0 0 0 0 0 0 0 0 0 0 0 88 88 88 3 3 38 3 3 12 12 12 12 12 98 91 91 91 54 13 13 37 0 0 0 0 0 0 0 0 0 0 0 0 0 0
0 0 0 0 0 0 0 0 0 0 0 0 0 0 0 88 3 3 3 38 38 38 38 38 80 80 80 12 98 98 98 67 54 13 37 37 37 0 0 0 0 0 0 0 0 0 0 0 0 0
0 0 0 0 0 0 0 0 0 0 0 88 88 88 88 88 3 38 38 38 15 15 15 86 86 15 80 12 12 12 98 89 89 13 8 8 37 0 0 0 0 0 0 0 0 0 0 0 0 0
0 0 0 0 0 0 0 0 0 0 0 88 3 3 3 3 3 38 15 15 15 0 15 15 15 15 80 80 23 98 98 89 89 89 89 8 37 0 0 0 0 0 0 0 0 0 0 0 0 0
0 0 0 0 0 0 0 0 0 0 0 88 3 22 3 38 38 38 15 0 0 0 0 0 0 15 15 80 23 98 89 89 65 65 89 8 37 0 0 0 0 0 0 0 0 0 0 0 0 0
0 0 0 0 0 0 0 0 0 0 0 88 88 3 3 32 32 59 15 0 0 0 0 0 0 0 15 80 23 98 89 65 65 65 89 8 37 37 37 37 37 0 0 0 0 0 0 0 0 0
0 0 0 0 0 0 0 0 0 0 0 0 88 88 64 64 32 59 0 0 0 0 0 0 0 0 15 80 23 98 89 65 65 65 89 8 8 14 14 14 37 0 0 0 0 0 0 0 0 0
0 0 0 0 0 0 0 0 0 0 0 0 0 88 88 64 32 59 0 0 0 0 0 0 0 0 15 80 23 98 89 89 65 65 89 89 9 9 9 14 37 0 0 0 0 0 0 0 0 0
0 0 0 0 0 0 0 0 0 0 0 0 76 76 64 64 32 59 0 0 0 0 0 0 0 0 15 80 23 98 98 89 65 65 65 89 89 89 9 14 37 37 37 37 37 37 37 37 0 0
0 0 0 0 0 0 0 0 0 0 0 76 76 64 64 79 32 59 0 0 0 0 0 0 0 0 15 80 23 23 98 89 89 89 65 48 48 89 9 14 14 14 14 14 14 14 14 37 0 0
0 0 0 0 0 0 0 0 0 76 76 76 64 64 79 79 29 59 0 0 0 0 0 0 0 0 15 80 80 23 98 98 98 89 65 7 48 89 9 14 14 9 9 9 14 14 9 95 0 0
0 0 0 0 0 0 0 0 0 76 63 64 64 79 79 16 16 16 0 0 0 0 0 0 0 0 15 15 80 23 23 23 23 65 65 7 48 89 9 9 9 9 11 9 9 9 9 95 97 0
0 0 0 0 0 0 0 0 0 76 75 75 79 79 43 43 0 0 0 0 0 0 0 0 0 0 0 15 80 80 80 80 23 31 31 7 48 89 89 89 89 9 11 9 90 90 90 90 97 0
0 0 0 0 0 0 0 0 0 0 0 18 18 28 28 0 0 0 0 0 0 0 0 0 0 0 0 15 15 15 15 23 23 31 100 7 48 48 48 48 89 9 11 9 90 90 90 97 97 0
0 0 0 0 0 0 0 0 0 0 0 0 0 0 0 0 0 0 0 0 0 0 0 0 0 0 0 0 15 15 15 23 31 31 100 7 7 7 7 48 48 7 11 9 9 9 90 90 0 0
0 0 0 0 0 0 0 0 0 0 0 0 0 0 0 0 0 0 0 0 0 0 0 0 0 0 0 0 15 23 23 23 31 100 100 26 26 26 7 7 7 7 11 11 11 9 9 90 0 0
0 0 0 0 0 0 0 0 0 0 0 0 0 0 0 0 0 0 0 0 0 0 0 0 0 0 0 0 15 23 31 31 31 100 0 0 0 26 26 26 26 26 26 96 11 11 9 90 0 0
0 0 0 0 0 0 0 0 0 0 0 0 0 0 0 0 0 0 0 0 0 0 0 0 0 0 0 0 15 23 23 31 100 100 0 0 0 0 0 0 0 0 0 96 74 11 9 90 0 0
0 0 0 0 0 0 0 0 0 0 0 0 0 0 0 0 0 0 0 0 0 0 0 0 0 0 0 0 15 15 23 31 100 0 0 0 0 0 0 0 0 0 0 0 74 11 11 74 0 0
0 0 0 0 0 0 0 0 0 0 0 0 0 0 0 0 0 0 0 0 0 0 0 0 0 0 0 0 0 15 15 100 100 0 0 0 0 0 0 0 0 0 0 0 74 74 74 74 0 0
0 0 0 0 0 0 0 0 0 0 0 0 0 0 0 0 0 0 0 0 0 0 0 0 0 0 0 0 0 0 0 0 0 0 0 0 0 0 0 0 0 0 0 0 0 0 0 0 0 0
0 0 0 0 0 0 0 0 0 0 0 0 0 0 0 0 0 0 0 0 0 0 0 0 0 0 0 0 0 0 0 0 0 0 0 0 0 0 0 0 0 0 0 0 0 0 0 0 0 0
0 0 0 0 0 0 0 0 0 0 0 0 0 0 0 0 0 0 0 0 0 0 0 0 0 0 0 0 0 0 0 0 0 0 0 0 0 0 0 0 0 0 0 0 0 0 0 0 0 0
0 0 0 0 0 0 0 0 0 0 0 0 0 0 0 0 0 0 0 0 0 0 0 0 0 0 0 0 0 0 0 0 0 0 0 0 0 0 0 0 0 0 0 0 0 0 0 0 0 0
