0 0 0 0 0 0 0 0 0 0 0 0 0 0 0 0 0 0 0 0 0 0 0 0 0 0 0 0 0 0 0 0 0 0 0 0 0 0 0 0 0 0 0 0 0 0 0 0 0 0
0 0 0 0 0 0 0 0 0 0 0 0 0 0 0 0 0 0 0 0 0 0 0 0 0 0 0 0 0 0 0 0 0 0 0 0 0 0 0 0 0 0 0 0 0 0 0 0 0 0
0 0 0 0 0 0 0 0 0 0 0 0 0 0 0 0 0 0 0 0 0 0 0 0 0 0 0 0 0 0 0 0 0 0 0 0 0 0 0 0 0 0 0 0 0 0 0 0 0 0
0 0 0 0 0 0 0 0 0 0 0 0 0 0 0 0 0 0 0 0 0 0 0 0 0 0 0 0 0 0 0 0 0 0 0 0 0 0 0 0 0 0 0 0 0 0 0 0 0 0
0 0 0 0 0 0 0 0 0 0 0 0 0 0 0 0 0 0 0 0 0 0 0 0 0 0 0 0 0 0 0 0 0 0 0 0 0 0 0 0 0 0 0 0 0 0 0 0 0 0
0 0 0 0 0 0 0 0 0 0 0 0 0 0 0 0 0 0 0 0 0 0 0 0 0 0 0 0 0 0 0 0 0 0 0 0 0 0 0 0 0 0 0 0 0 0 0 0 0 0
0 0 0 0 0 0 0 0 0 0 0 0 0 0 0 0 0 0 0 0 0 0 0 0 0 0 0 0 0 0 0 0 0 0 0 0 0 0 60 60 60 60 60 60 0 0 0 0 0 0
0 0 0 0 0 0 0 0 0 0 0 0 0 0 0 0 0 0 0 0 0 0 0 0 0 0 0 0 0 0 0 0 0 0 0 2 2 2 2 90 90 54 54 31 0 0 0 0 0 0
0 0 0 0 0 0 78 78 78 78 78 78 0 0 0 0 0 0 0 0 0 0 0 0 0 0 0 0 0 0 0 0 0 2 2 2 81 81 81 64 90 90 69 31 31 31 0 0 0 0
0 0 0 0 0 78 78 22 22 22 22 78 78 0 0 0 0 0 0 0 0 0 0 0 0 0 0 0 0 0 0 0 0 2 81 81 81 64 64 64 10 10 10 10 10 31 0 0 0 0
0 0 0 0 0 78 22 22 7 7 22 22 78 0 0 0 0 0 0 0 0 0 0 0 0 0 0 0 0 0 0 0 0 2 81 64 64 64 14 14 14 49 49 49 10 31 31 0 0 0
0 0 0 78 78 78 22 7 7 7 7 22 78 78 78 0 0 0 0 0 0 0 0 0 0 0 0 0 0 0 0 0 0 2 81 64 14 14 14 49 49 49 49 49 49 14 31 0 0 0
0 0 0 78 25 22 22 7 50 50 7 22 22 22 78 0 0 0 0 0 0 0 0 0 0 0 0 0 0 0 0 0 2 2 81 64 14 14 14 14 14 14 14 14 14 14 31 0 0 0
0 0 0 78 50 7 7 7 50 50 7 7 7 22 78 0 57 39 39 39 39 0 0 0 0 0 0 0 0 0 0 0 2 81 81 64 14 14 64 64 64 14 31 31 31 31 31 0 0 0
0 0 0 0 50 50 50 50 50 50 50 50 7 22 78 36 36 36 28 52 20 0 0 0 0 0 0 0 0 0 0 2 2 81 64 64 14 64 64 63 63 13 31 0 0 0 0 0 0 0
0 0 0 0 0 0 0 0 0 0 0 50 7 22 22 22 22 74 28 94 20 20 20 20 20 0 0 0 0 0 0 2 81 81 64 64 64 64 63 63 13 13 0 0 0 0 0 0 0 0
0 0 0 0 0 0 0 0 0 0 0 50 7 7 7 7 7 74 65 94 94 94 34 27 20 0 0 0 0 2 2 2 81 64 64 63 63 63 63 13 13 0 0 0 0 0 0 0 0 0
0 0 0 0 0 0 0 0 0 0 0 50 50 50 50 50 7 75 65 65 65 94 33 27 20 0 59 2 2 2 81 81 81 64 64 63 13 13 13 13 0 0 0 0 0 0 0 0 0 0
0 0 0 0 0 0 0 0 0 0 0 0 0 0 0 50 19 75 75 75 65 65 33 27 20 20 59 81 81 81 81 63 63 63 63 63 13 0 0 0 0 0 0 0 0 0 0 0 0 0
0 0 0 0 0 0 0 0 0 0 0 0 0 0 0 0 19 19 75 75 75 65 33 27 27 27 27 81 63 63 63 63 13 13 13 13 13 0 0 0 0 0 0 0 0 0 0 0 0 0
0 0 0 0 0 0 0 0 0 0 0 0 0 0 0 0 0 19 75 56 70 65 33 33 27 27 55 81 63 13 13 13 13 0 0 0 0 0 0 0 0 0 0 0 0 0 0 0 0 0
0 0 0 0 0 0 0 0 0 0 0 0 0 0 0 0 0 19 75 71 70 65 61 33 33 33 55 66 63 13 0 0 0 0 0 0 0 0 0 0 0 0 0 0 0 0 0 0 0 0
0 0 0 0 0 0 0 0 0 0 0 0 0 0 0 0 0 19 75 75 70 65 86 86 86 33 33 66 63 13 0 0 0 0 0 0 0 0 0 0 0 0 0 0 0 0 0 0 0 0
0 0 0 0 0 0 0 0 0 0 0 0 0 0 0 0 0 19 19 26 70 70 70 70 86 86 66 66 63 4 0 0 0 0 0 0 0 0 0 0 0 0 0 0 0 0 0 0 0 0
0 0 0 0 0 0 0 0 0 0 0 0 0 0 0 0 0 0 19 26 26 43 32 70 70 66 66 63 63 4 84 0 0 0 0 0 0 0 0 0 0 0 0 0 0 0 0 0 0 0
0 0 0 0 0 0 0 0 0 0 0 0 0 0 0 0 0 0 19 19 40 43 32 99 8 66 66 77 4 4 47 47 47 47 47 0 0 0 0 0 0 0 0 0 0 0 0 0 0 0
0 0 0 0 0 0 0 0 0 0 0 0 0 0 0 0 0 19 19 19 40 43 9 99 16 16 66 77 11 11 11 11 11 11 47 0 0 0 0 0 0 0 0 0 0 0 0 0 0 0
0 0 0 0 0 0 0 0 0 0 0 0 0 0 0 0 0 19 40 40 40 43 9 9 9 16 66 77 67 67 67 67 67 11 47 0 0 0 0 0 0 0 0 0 0 0 0 0 0 0
0 0 0 0 0 0 0 0 0 0 0 0 0 0 0 0 19 19 40 43 43 43 9 5 5 16 66 23 23 23 23 23 67 11 47 0 0 0 0 0 0 0 47 47 47 47 0 0 0 0
0 0 0 0 0 0 0 0 0 0 0 0 0 0 0 83 83 40 40 43 9 9 9 5 5 16 45 45 45 45 45 53 67 11 47 47 47 47 47 47 47 47 47 11 11 47 0 0 0 0
0 0 0 0 0 0 0 0 0 0 0 0 0 0 0 83 44 44 43 43 9 5 5 5 5 29 29 29 29 29 91 53 67 11 11 11 11 11 11 11 11 11 11 11 12 92 0 0 0 0
0 0 0 0 0 0 0 0 0 0 0 0 0 0 0 83 1 43 43 9 9 5 35 35 5 5 6 6 6 29 91 53 67 12 12 11 12 12 12 12 12 12 12 12 12 87 0 0 0 0
0 0 0 0 0 0 0 0 0 0 0 0 0 0 0 83 1 38 9 9 5 5 35 35 35 42 42 42 6 29 91 53 67 6 12 12 12 87 87 87 87 87 87 87 87 87 0 0 0 0
0 0 0 0 0 0 0 0 0 0 0 0 0 0 0 83 1 15 15 72 72 41 35 58 35 35 35 42 6 29 91 53 100 6 12 6 6 6 87 0 0 0 0 0 0 0 0 0 0 0
0 0 0 0 0 0 0 0 0 0 0 0 0 0 0 83 83 83 15 80 41 41 58 58 0 0 35 42 6 29 91 53 6 6 6 6 42 6 87 87 0 0 0 0 0 0 0 0 0 0
0 0 0 68 62 83 83 0 0 0 0 0 0 0 0 83 83 83 48 80 95 58 58 0 0 0 35 42 6 29 91 53 6 42 42 42 42 6 97 87 0 0 0 0 0 0 0 0 0 0
0 0 0 68 46 73 83 0 0 0 0 0 0 0 83 83 48 48 48 95 95 37 0 0 0 0 35 42 6 29 29 6 6 42 30 30 30 30 30 87 0 0 0 0 0 0 0 0 0 0
0 0 0 68 68 73 83 0 0 0 0 0 83 83 83 48 48 37 37 37 37 37 0 0 0 0 35 42 6 6 6 6 42 42 18 30 87 87 87 87 0 0 0 0 0 0 0 0 0 0
0 0 0 0 68 73 83 83 83 83 83 83 83 48 48 48 37 37 0 0 0 0 0 0 0 0 35 42 42 42 42 42 42 76 18 30 87 0 0 0 0 0 0 0 0 0 0 0 0 0
0 0 0 0 68 73 83 73 73 73 73 83 48 48 37 37 37 0 0 0 0 0 0 0 0 0 35 35 35 35 35 35 35 18 18 30 87 0 0 0 0 0 0 0 0 0 0 0 0 0
0 0 0 0 68 73 73 73 3 3 48 48 48 37 37 0 0 0 0 0 0 0 0 0 0 0 0 0 0 0 0 93 18 18 30 30 87 0 0 0 0 0 0 0 0 0 0 0 0 0
0 0 0 0 68 68 51 51 3 96 96 37 37 37 0 0 0 0 0 0 0 0 0 0 0 0 0 0 0 0 0 93 18 30 30 30 87 0 0 0 0 0 0 0 0 0 0 0 0 0
0 0 0 0 0 51 51 3 3 96 17 17 0 0 0 0 0 0 0 0 0 0 0 0 0 0 0 0 0 0 0 93 18 18 18 30 87 30 30 30 30 89 0 0 0 0 0 0 0 0
0 0 0 0 0 51 24 3 88 96 0 0 0 0 0 0 0 0 0 0 0 0 0 0 0 0 0 0 0 0 0 93 79 79 18 30 87 30 18 18 30 21 0 0 0 0 0 0 0 0
0 0 0 0 0 51 82 82 82 82 0 0 0 0 0 0 0 0 0 0 0 0 0 0 0 0 0 0 0 0 98 98 79 79 18 30 30 30 18 98 85 21 0 0 0 0 0 0 0 0
0 0 0 0 0 0 0 0 0 0 0 0 0 0 0 0 0 0 0 0 0 0 0 0 0 0 0 0 0 0 98 79 79 79 18 18 18 18 18 98 98 98 0 0 0 0 0 0 0 0
0 0 0 0 0 0 0 0 0 0 0 0 0 0 0 0 0 0 0 0 0 0 0 0 0 0 0 0 0 0 98 79 79 79 79 79 79 79 98 98 0 0 0 0 0 0 0 0 0 0
0 0 0 0 0 0 0 0 0 0 0 0 0 0 0 0 0 0 0 0 0 0 0 0 0 0 0 0 0 0 98 98 79 79 79 79 79 79 98 0 0 0 0 0 0 0 0 0 0 0
0 0 0 0 0 0 0 0 0 0 0 0 0 0 0 0 0 0 0 0 0 0 0 0 0 0 0 0 0 0 0 98 79 79 79 79 79 98 98 0 0 0 0 0 0 0 0 0 0 0
0 0 0 0 0 0 0 0 0 0 0 0 0 0 0 0 0 0 0 0 0 0 0 0 0 0 0 0 0 0 0 98 98 98 98 98 98 98 0 0 0 0 0 0 0 0 0 0 0 0
