0 0 0 0 0 0 0 0 0 0 0 0 0 40 40 40 40 40 40 40 0 0 0 0 0 0 0 0 0 0 0 0 0 0 0 0 0 0 0 0 0 0 0 0 0 0 0 0 0 0
0 0 0 0 0 0 0 0 0 0 0 0 0 40 50 50 50 50 50 40 40 0 0 0 0 0 0 0 0 0 0 0 0 0 0 0 0 0 0 0 0 0 0 0 0 0 0 0 0 0
0 0 0 0 0 0 0 0 0 0 0 0 40 40 50 50 50 50 50 50 40 0 0 0 0 0 0 0 0 0 0 0 0 0 0 0 0 0 0 0 0 0 0 0 0 0 0 0 0 0
0 0 0 0 0 0 0 0 0 0 40 40 40 50 50 50 50 50 50 50 40 0 0 0 0 0 0 0 0 0 0 0 0 0 0 0 0 0 0 0 0 0 0 0 0 0 0 0 0 0
0 0 0 0 0 0 0 0 0 40 40 50 50 50 50 50 50 50 50 50 40 0 0 0 0 0 0 0 0 0 0 0 0 0 0 0 0 0 0 0 0 0 0 0 0 0 0 0 0 0
0 0 0 0 0 0 0 0 0 40 50 50 50 50 50 50 50 50 50 50 40 0 0 0 0 0 0 0 0 0 0 0 0 0 0 0 0 0 0 0 0 0 0 0 0 0 0 0 0 0
0 0 0 0 0 0 0 0 0 40 50 50 50 50 50 50 50 50 50 40 40 0 0 0 0 0 0 0 0 0 0 0 0 0 0 0 0 0 0 0 0 0 0 0 0 0 0 0 0 0
0 0 0 0 0 0 0 0 0 40 40 50 50 50 50 50 50 50 50 40 0 0 0 0 0 0 0 0 0 0 0 0 0 0 0 0 0 0 0 0 0 0 0 0 0 0 0 0 0 0
0 0 0 0 0 0 0 0 0 0 40 50 50 50 50 50 50 50 50 40 0 0 0 0 0 0 0 0 0 0 0 0 0 0 0 0 0 0 0 0 0 0 0 0 0 0 0 0 0 0
0 0 0 0 0 0 0 0 0 0 40 50 50 50 50 50 50 50 40 40 0 0 0 0 2 2 2 0 0 0 0 0 0 0 0 17 17 17 0 0 0 0 0 0 0 0 0 0 0 0
0 0 0 0 0 0 0 0 0 0 40 50 50 50 50 50 50 50 40 0 0 0 0 87 87 77 61 0 0 0 0 0 0 0 0 17 52 94 94 0 0 0 0 0 0 0 0 0 0 0
0 0 0 0 0 0 0 0 0 0 40 50 50 50 50 50 50 50 40 0 0 0 87 87 7 7 61 0 0 0 0 0 0 0 0 61 52 44 94 11 0 0 0 0 0 0 0 0 0 0
0 0 0 0 0 0 0 0 0 58 40 40 40 40 40 40 35 87 87 87 0 0 87 5 96 39 61 0 0 0 0 0 0 0 61 61 22 44 20 20 0 0 0 0 0 0 0 0 0 0
0 0 0 0 0 0 0 0 0 18 18 18 18 40 38 82 35 35 32 87 87 87 87 5 5 39 61 0 0 0 0 0 0 0 61 22 22 20 20 73 0 0 0 0 0 0 0 0 0 0
0 0 0 0 0 28 28 28 28 28 28 28 18 40 92 82 82 35 24 24 24 87 87 87 5 39 61 0 0 0 0 0 0 0 61 22 20 20 93 93 93 0 0 0 0 0 0 0 0 0
0 0 0 0 0 28 13 13 13 13 28 92 92 92 92 92 82 9 9 9 24 87 87 87 5 39 61 0 0 0 0 0 0 61 61 22 20 20 46 43 93 0 0 0 0 0 0 0 0 0
0 0 0 0 0 28 13 92 92 13 13 92 79 79 79 79 82 8 8 56 24 24 87 87 5 39 61 0 0 0 0 0 0 61 22 22 20 20 46 93 93 0 0 0 0 0 0 0 0 0
0 0 0 0 74 28 53 79 92 92 13 92 79 83 83 79 79 79 62 56 56 24 87 87 5 39 61 0 0 0 0 0 0 61 22 20 20 46 46 93 0 0 0 0 0 0 0 0 0 0
0 0 0 0 74 27 53 79 79 92 92 92 79 83 83 83 83 83 62 62 56 24 5 5 5 39 61 61 61 0 61 61 61 61 22 20 20 46 93 93 0 0 0 0 0 0 0 0 0 0
0 0 0 0 0 27 53 53 79 92 92 79 79 83 14 14 14 83 83 62 5 5 5 89 5 39 39 39 61 0 61 22 22 22 22 20 20 46 93 66 66 66 0 0 0 0 0 0 0 0
0 0 0 0 0 27 27 53 79 79 79 79 83 83 14 0 14 14 83 83 83 83 83 89 5 25 21 39 61 0 61 22 20 20 20 20 20 46 93 93 93 66 0 0 0 0 0 0 0 0
0 0 0 0 0 0 27 53 83 83 83 83 83 14 14 0 0 14 14 14 14 14 83 89 5 25 46 39 61 61 61 22 22 22 22 22 22 46 46 46 93 66 0 0 0 0 0 0 0 0
0 0 0 0 0 0 27 1 1 14 14 14 14 14 0 0 0 0 0 14 14 14 83 89 5 25 46 39 39 39 39 39 39 39 39 39 39 39 46 76 15 66 0 0 0 0 0 0 0 0
0 0 0 0 0 0 0 0 0 0 0 0 0 0 0 0 0 0 0 14 83 83 83 89 5 25 46 46 46 46 39 39 46 46 46 46 46 46 46 76 15 66 0 0 0 0 0 0 0 0
0 0 0 0 0 0 0 0 0 0 0 0 0 0 0 0 0 0 14 14 83 86 89 89 5 25 25 25 25 46 46 46 46 76 76 76 76 76 76 76 15 66 65 0 0 0 0 0 0 0
0 0 0 0 0 0 0 0 0 0 0 0 0 0 0 0 0 0 14 81 83 86 71 31 31 31 31 31 25 76 46 76 76 76 15 15 15 15 15 15 15 54 65 0 0 0 0 0 0 0
0 0 0 0 0 0 0 0 0 0 0 0 0 0 0 0 0 0 14 81 75 75 71 88 88 88 72 31 36 76 76 76 15 15 15 64 64 64 64 64 64 64 65 0 0 0 0 0 0 0
0 0 0 0 0 0 0 0 0 0 0 0 0 0 0 0 0 0 14 81 75 71 71 88 72 72 72 3 3 3 63 76 15 64 64 64 65 65 65 65 65 65 65 0 0 0 0 0 0 0
0 0 0 0 0 0 0 0 0 0 0 0 0 0 0 0 0 0 14 81 75 71 78 88 72 10 10 10 10 55 63 76 15 64 64 65 65 0 0 0 0 0 0 0 0 0 0 0 0 0
0 0 0 0 0 0 0 0 0 0 0 0 14 14 14 14 14 14 14 81 75 71 78 95 72 10 63 63 63 63 63 76 15 15 64 64 64 0 0 0 0 0 0 0 0 0 0 0 0 0
0 0 0 0 0 0 0 0 14 14 14 14 14 81 81 81 81 81 81 81 75 71 78 78 72 10 10 10 63 76 76 76 16 15 34 34 64 64 0 0 0 0 0 0 0 0 0 0 0 0
0 81 81 81 81 81 81 81 14 81 81 81 81 81 75 75 75 75 75 75 75 71 71 78 72 98 98 10 63 47 47 47 16 6 6 34 34 64 0 0 0 0 0 0 0 0 0 0 0 0
81 81 97 97 97 97 97 81 81 81 0 0 0 81 75 71 71 71 71 71 71 71 71 78 72 68 98 10 63 47 12 47 47 47 6 84 34 64 64 64 64 64 64 64 0 0 0 0 0 0
81 97 97 97 97 97 81 81 0 0 0 0 0 81 75 71 78 78 78 78 78 71 78 78 72 68 98 98 47 47 12 45 45 47 49 84 34 34 34 34 64 64 33 64 0 0 0 0 0 0
81 81 97 97 81 81 81 0 0 0 0 0 0 81 75 4 19 19 19 19 78 78 78 30 68 68 80 12 12 12 12 48 45 29 29 84 84 84 84 34 34 34 34 85 0 0 0 0 0 0
0 81 97 81 81 0 0 0 0 0 0 0 0 81 81 4 100 90 90 19 19 78 30 30 41 19 80 48 48 48 48 48 45 51 26 26 26 26 84 84 70 85 85 85 0 0 0 0 0 0
0 81 81 0 0 0 0 0 0 0 0 0 57 57 81 81 100 0 90 90 19 19 41 41 41 19 48 48 0 0 0 42 45 51 59 59 59 26 26 91 70 85 0 0 0 0 0 0 0 0
0 0 0 0 0 0 57 57 57 57 57 0 57 81 81 100 100 0 0 90 90 19 19 19 19 19 90 0 0 0 0 45 45 51 0 0 59 59 70 70 70 85 99 99 0 0 0 0 0 0
0 0 0 0 0 0 57 67 81 81 57 57 57 81 100 100 0 0 0 0 90 90 90 90 90 90 90 0 0 0 0 45 51 51 0 0 0 60 60 60 69 69 23 99 0 0 0 0 0 0
0 0 0 0 0 0 57 100 100 81 57 57 81 81 100 0 0 0 0 0 0 0 0 0 0 0 0 0 0 0 0 45 51 0 0 0 0 0 0 99 99 99 99 99 0 0 0 0 0 0
0 0 0 0 0 0 0 0 100 81 57 57 81 100 100 0 0 0 0 0 0 0 0 0 0 0 0 0 0 0 0 45 51 0 0 0 0 0 0 0 0 0 0 0 0 0 0 0 0 0
0 0 0 0 0 0 0 0 100 81 57 81 81 100 0 0 0 0 0 0 0 0 0 0 0 0 0 0 0 0 0 45 51 0 0 0 0 0 0 0 0 0 0 0 0 0 0 0 0 0
0 0 0 0 0 0 0 0 100 81 81 81 100 100 0 0 0 0 0 0 0 0 0 0 0 0 0 0 0 0 45 45 51 0 0 0 0 0 0 0 0 0 0 0 0 0 0 0 0 0
0 0 0 0 0 0 0 0 100 100 100 100 100 0 0 0 0 0 0 0 0 0 0 0 0 0 0 0 0 0 45 51 51 0 0 0 0 0 0 0 0 0 0 0 0 0 0 0 0 0
0 0 0 0 0 0 0 0 0 0 0 0 0 0 0 0 0 0 0 0 0 0 0 0 0 0 0 0 0 0 45 37 51 0 0 0 0 0 0 0 0 0 0 0 0 0 0 0 0 0
0 0 0 0 0 0 0 0 0 0 0 0 0 0 0 0 0 0 0 0 0 0 0 0 0 0 0 0 0 0 0 51 51 0 0 0 0 0 0 0 0 0 0 0 0 0 0 0 0 0
0 0 0 0 0 0 0 0 0 0 0 0 0 0 0 0 0 0 0 0 0 0 0 0 0 0 0 0 0 0 0 0 0 0 0 0 0 0 0 0 0 0 0 0 0 0 0 0 0 0
0 0 0 0 0 0 0 0 0 0 0 0 0 0 0 0 0 0 0 0 0 0 0 0 0 0 0 0 0 0 0 0 0 0 0 0 0 0 0 0 0 0 0 0 0 0 0 0 0 0
0 0 0 0 0 0 0 0 0 0 0 0 0 0 0 0 0 0 0 0 0 0 0 0 0 0 0 0 0 0 0 0 0 0 0 0 0 0 0 0 0 0 0 0 0 0 0 0 0 0
0 0 0 0 0 0 0 0 0 0 0 0 0 0 0 0 0 0 0 0 0 0 0 0 0 0 0 0 0 0 0 0 0 0 0 0 0 0 0 0 0 0 0 0 0 0 0 0 0 0
