0 0 0 0 0 0 0 0 0 0 0 0 0 0 0 0 0 0 0 0 0 0 0 0 0 0 0 0 0 0 0 0 0 0 0 0 0 0 0 0 0 0 0 0 0 0 0 0 0 0
0 0 0 0 0 0 0 0 0 0 0 0 0 0 0 0 0 0 0 0 0 0 0 0 0 0 0 0 0 0 0 0 0 0 0 0 0 0 0 0 0 0 0 0 0 0 0 0 0 0
0 0 0 0 0 0 0 0 0 0 0 0 0 0 0 0 0 0 0 0 0 0 0 0 0 0 0 0 0 0 0 0 0 0 0 0 0 0 0 0 0 0 0 0 0 0 0 0 0 0
0 0 0 0 0 0 0 0 0 0 0 0 0 0 0 0 0 0 0 0 0 0 0 0 0 0 0 0 0 0 0 0 0 0 0 0 0 0 0 0 0 0 0 0 0 0 0 0 0 0
0 0 0 0 0 0 0 0 0 0 0 0 0 0 0 0 0 0 0 0 0 0 0 0 0 0 0 0 0 0 0 0 0 0 0 0 0 0 0 0 0 0 0 0 0 0 0 0 0 0
0 0 0 0 0 0 0 0 0 0 0 0 0 0 0 0 0 0 0 0 0 0 0 0 0 0 0 0 0 0 0 0 0 0 0 0 0 0 0 0 0 0 0 0 0 0 0 0 0 0
0 0 0 0 0 0 0 0 0 0 0 0 0 0 0 0 0 0 0 0 0 0 0 0 0 0 0 0 0 0 0 0 0 0 0 0 0 0 0 0 0 0 0 0 0 0 0 0 0 0
0 0 0 0 0 0 0 0 58 0 0 0 0 0 0 0 0 0 0 0 0 0 0 0 0 0 0 0 0 0 0 0 0 0 0 0 0 0 0 0 0 0 0 0 0 0 0 0 0 0
0 0 0 0 0 0 0 0 40 40 0 0 0 0 0 0 0 0 0 0 0 0 0 0 0 0 0 0 0 0 0 0 0 0 0 0 0 0 0 0 0 0 0 0 0 0 0 0 0 0
0 0 0 0 0 0 0 35 35 40 0 0 0 0 0 0 0 0 0 0 0 0 0 0 0 0 0 0 0 0 0 0 0 0 0 0 0 0 0 0 24 24 24 0 0 0 0 0 0 0
0 0 0 0 0 0 0 4 40 40 0 0 0 0 0 0 0 0 0 0 0 0 0 0 0 0 0 0 0 0 0 0 0 0 0 0 59 59 59 59 59 85 78 0 0 0 0 0 0 0
0 0 0 0 0 0 0 4 40 0 0 0 0 0 0 0 0 89 89 89 0 0 0 0 0 0 0 0 0 60 60 60 60 59 0 59 59 28 28 28 28 28 78 0 0 0 0 0 0 0
0 0 0 0 0 0 0 4 40 0 0 0 0 0 0 0 89 89 21 60 0 0 0 0 0 0 60 60 60 60 42 42 28 59 59 59 28 28 22 22 22 22 56 0 0 0 0 0 0 0
0 0 0 0 0 0 0 4 40 40 40 0 0 0 0 0 80 84 84 60 0 0 0 0 0 0 60 53 53 53 14 22 28 28 28 28 28 22 22 56 56 56 56 0 0 0 0 0 0 0
0 0 0 0 0 0 0 4 4 4 40 40 0 0 0 0 40 40 84 60 0 0 0 0 0 0 60 53 14 14 14 22 28 28 22 22 22 22 56 56 0 0 0 0 0 0 0 0 0 0
0 0 0 0 0 0 0 0 0 4 4 40 40 0 0 0 0 40 84 60 0 0 0 0 0 0 60 53 14 22 22 22 28 22 22 56 56 56 56 0 0 0 0 0 0 0 0 0 0 0
0 0 0 0 0 0 0 71 71 71 4 4 40 0 0 0 0 40 84 60 60 0 0 60 60 60 60 53 14 22 22 22 22 22 56 56 0 0 0 0 0 0 0 0 0 0 0 0 0 0
0 0 0 0 0 0 0 71 20 71 71 49 40 0 0 0 0 40 84 84 60 60 60 60 84 8 53 53 14 22 22 48 56 56 56 0 0 0 0 0 0 0 0 0 0 0 0 0 0 0
0 0 0 0 0 0 0 0 73 73 73 49 40 40 40 40 40 40 40 84 84 84 60 60 84 53 53 14 14 13 1 48 83 0 0 0 0 0 0 0 0 0 0 0 0 0 0 0 0 0
0 0 0 0 0 0 0 0 0 0 73 49 49 49 49 49 40 40 49 49 49 84 84 84 84 53 14 14 36 36 1 48 47 0 0 0 0 0 0 0 0 0 0 0 0 0 0 0 0 0
0 0 0 0 0 0 0 0 0 0 73 73 73 73 73 49 49 49 49 73 49 84 53 53 53 53 14 36 36 48 48 48 47 0 0 0 0 0 0 0 0 0 0 0 0 0 0 0 0 0
0 0 0 0 0 0 0 0 0 0 0 0 0 0 73 73 73 73 73 73 49 11 53 51 51 23 23 23 36 48 47 47 47 0 0 0 0 0 0 0 0 0 0 0 0 0 0 0 0 0
0 0 0 0 0 0 0 0 0 0 0 0 0 0 0 0 0 0 0 73 70 11 53 51 82 93 93 23 36 48 47 0 0 0 0 0 0 0 0 0 0 0 0 0 0 0 0 0 0 0
0 0 0 0 0 0 0 0 0 0 0 0 0 0 0 0 0 0 0 73 32 11 53 51 82 82 93 23 36 48 47 0 0 0 0 0 0 0 0 0 0 0 0 0 0 0 0 0 0 0
0 0 0 0 0 0 0 0 0 0 0 0 0 0 0 0 0 0 77 77 32 11 53 51 82 93 93 23 36 48 47 0 0 0 0 0 0 0 0 0 0 0 0 0 0 0 0 0 0 0
0 0 0 0 0 0 0 0 0 0 0 0 0 0 0 0 0 0 77 32 32 33 53 51 82 93 23 23 36 48 47 0 0 0 0 0 0 0 0 0 0 0 0 0 0 0 0 0 0 0
0 0 0 0 0 0 0 0 0 0 0 0 0 0 0 0 0 77 77 32 33 33 64 51 87 93 66 36 36 95 47 47 0 0 0 0 0 0 0 0 0 0 0 0 0 0 0 0 0 0
0 0 0 0 0 0 0 0 0 0 0 0 0 0 0 0 77 77 32 32 33 37 64 51 90 90 66 15 15 95 16 47 0 0 0 0 0 0 0 0 0 0 0 0 0 0 0 0 0 0
0 0 0 0 0 0 0 0 0 0 0 0 0 0 0 0 77 32 32 33 33 37 43 43 43 90 10 10 15 15 16 47 0 0 0 0 0 0 0 0 0 0 0 0 0 0 0 0 0 0
0 0 0 0 0 0 0 0 0 0 0 0 0 77 77 77 77 32 33 33 37 37 37 9 55 55 55 26 26 94 16 47 47 47 0 0 0 25 0 0 0 0 0 0 0 0 0 0 0 0
0 0 0 0 0 0 0 0 0 0 0 0 0 77 100 100 32 32 33 37 37 9 9 9 31 55 26 26 34 34 16 16 16 47 47 47 47 47 57 57 0 0 0 0 0 0 0 0 0 0
0 0 0 0 0 0 0 0 0 0 0 0 0 77 100 98 98 37 33 37 9 9 38 38 31 55 26 34 34 34 34 75 16 16 16 16 16 16 16 57 0 0 0 0 0 0 0 0 0 0
0 0 0 0 0 0 0 0 0 0 0 0 0 77 100 74 7 37 37 37 9 38 38 38 91 55 26 26 26 5 92 75 86 54 54 54 54 54 45 57 0 0 0 0 0 0 0 0 0 0
0 0 0 0 0 0 0 0 0 0 0 0 0 77 46 74 9 9 9 9 9 38 63 63 91 55 55 55 26 5 61 75 17 17 30 30 30 67 45 0 0 0 0 0 0 0 0 0 0 0
0 0 0 0 0 0 0 0 0 0 0 0 46 46 46 74 74 38 38 38 38 38 63 63 91 91 91 55 26 5 61 17 17 0 0 0 62 67 67 67 67 67 67 0 0 0 0 0 0 0
0 0 0 0 0 0 0 0 0 0 0 0 46 74 74 74 38 38 63 63 63 63 63 63 63 63 91 91 5 5 61 19 19 0 0 0 0 0 0 0 0 0 67 0 0 0 0 0 0 0
0 0 0 0 0 0 0 0 0 0 0 0 29 74 38 38 38 63 63 19 19 19 19 19 19 63 63 18 18 5 61 61 19 0 0 0 0 0 0 0 0 0 67 0 0 0 0 0 0 0
0 0 0 0 0 0 0 0 0 0 0 0 29 3 68 3 39 63 19 19 44 0 0 0 19 19 19 19 18 5 5 61 19 0 0 0 0 0 0 0 0 0 67 0 0 0 0 0 0 0
0 0 0 0 0 0 0 0 0 0 29 29 29 3 3 3 39 63 63 63 44 0 0 0 0 0 0 19 18 18 5 61 19 0 0 0 0 0 0 0 0 0 67 67 0 0 0 0 0 0
0 0 0 0 0 0 0 0 0 72 29 3 3 3 39 39 39 6 6 63 79 79 0 0 0 0 0 19 19 5 5 61 19 0 0 0 0 0 0 0 0 0 0 67 0 0 0 0 0 0
0 0 0 0 0 0 0 0 99 72 50 3 69 39 39 27 27 27 6 63 63 79 0 0 0 0 0 0 19 5 61 61 19 19 0 0 0 0 0 0 0 0 0 67 0 0 0 0 0 0
0 0 0 0 0 0 0 0 99 76 50 2 2 2 27 27 27 6 6 6 63 79 0 0 0 0 0 0 19 5 61 61 61 19 0 0 0 0 0 0 0 0 0 67 0 0 0 0 0 0
0 0 0 0 0 0 0 0 76 76 88 88 88 88 88 0 27 6 63 63 63 79 0 0 0 0 0 0 19 5 5 12 61 19 0 0 0 0 0 0 0 0 0 67 67 67 67 67 67 0
0 0 0 0 0 0 0 0 96 52 52 0 0 0 0 0 27 6 63 79 79 79 0 0 0 0 0 0 19 97 5 5 81 19 0 0 0 0 0 0 0 0 0 0 0 0 0 0 67 0
0 0 0 0 0 0 0 0 0 0 0 0 0 0 0 0 27 6 63 79 0 0 0 0 0 0 0 0 19 19 19 19 19 19 0 0 0 0 0 0 0 0 0 0 0 0 0 0 67 0
0 0 0 0 0 0 0 0 0 0 0 0 0 0 0 0 27 27 79 79 0 0 0 0 0 0 0 0 0 0 0 0 0 0 0 0 0 0 0 0 0 0 0 0 0 0 0 0 67 41
0 0 0 0 0 0 0 0 0 0 0 0 0 0 0 0 0 0 0 0 0 0 0 0 0 0 0 0 0 0 0 0 0 0 0 0 0 0 0 0 0 0 0 0 0 0 0 0 65 41
0 0 0 0 0 0 0 0 0 0 0 0 0 0 0 0 0 0 0 0 0 0 0 0 0 0 0 0 0 0 0 0 0 0 0 0 0 0 0 0 0 0 0 0 0 0 0 0 0 0
0 0 0 0 0 0 0 0 0 0 0 0 0 0 0 0 0 0 0 0 0 0 0 0 0 0 0 0 0 0 0 0 0 0 0 0 0 0 0 0 0 0 0 0 0 0 0 0 0 0
0 0 0 0 0 0 0 0 0 0 0 0 0 0 0 0 0 0 0 0 0 0 0 0 0 0 0 0 0 0 0 0 0 0 0 0 0 0 0 0 0 0 0 0 0 0 0 0 0 0
