0 0 0 0 0 0 0 0 0 0 0 0 0 0 0 0 0 0 0 0 0 0 0 0 0 0 0 0 0 0 0 0 0 0 0 0 0 0 0 0 0 0 0 0 0 0 0 0 0 0
0 0 0 0 0 0 0 0 0 0 0 0 0 0 0 0 0 0 0 0 0 0 0 0 0 0 0 0 0 0 0 0 0 0 0 0 0 0 0 0 0 0 0 0 0 0 0 0 0 0
0 0 58 77 77 77 46 0 0 0 0 0 0 0 0 0 0 0 0 0 0 0 0 0 0 0 0 0 0 0 0 0 0 0 0 0 0 0 0 0 0 0 0 0 0 0 0 0 0 0
0 0 58 97 87 22 46 0 0 0 0 0 0 0 0 0 0 0 0 0 0 0 0 0 0 0 0 0 0 0 0 0 0 0 0 0 0 0 0 0 0 0 0 0 0 0 0 0 0 0
0 0 0 97 25 22 0 0 0 0 0 0 0 0 0 0 0 0 0 0 0 0 0 0 0 0 0 0 0 0 0 0 0 0 0 0 0 0 0 0 0 0 0 0 0 0 0 0 0 0
0 0 0 0 25 22 0 0 0 0 0 0 0 0 0 0 0 0 0 0 0 0 0 0 0 0 0 0 0 0 0 0 0 0 0 0 0 0 0 0 0 0 0 0 0 0 0 0 0 0
0 0 0 0 25 22 0 0 0 0 0 0 0 0 0 0 0 0 0 0 0 0 0 0 0 0 0 0 0 0 0 0 0 0 0 0 0 0 0 0 0 0 0 0 0 0 0 0 0 0
0 0 0 0 25 22 22 22 22 0 0 0 0 0 0 0 0 0 0 0 0 0 0 0 0 0 0 0 0 0 0 0 0 0 0 0 0 0 0 0 0 0 0 0 0 0 0 0 0 0
0 0 0 0 25 25 25 25 22 22 22 22 0 0 92 92 92 92 92 0 0 0 0 0 0 0 0 0 0 0 0 0 0 0 0 0 0 0 0 0 0 0 0 0 0 0 0 0 0 0
0 0 0 0 0 0 0 25 25 25 25 22 22 60 60 6 6 6 49 49 85 85 0 0 0 0 0 0 0 0 0 0 0 0 0 0 0 0 0 0 0 0 0 0 0 0 0 0 0 0
0 0 0 0 0 0 0 0 0 0 25 25 22 53 53 53 88 71 71 95 95 85 0 0 0 0 0 0 0 0 0 0 0 0 0 0 0 0 0 0 0 0 0 0 0 0 0 0 0 0
0 0 0 0 0 0 0 0 0 0 0 25 25 25 14 40 88 71 81 81 95 85 85 0 0 0 0 0 0 0 0 0 0 0 0 0 0 0 0 0 0 0 0 0 0 0 0 0 0 0
0 0 0 0 0 0 0 0 0 0 0 0 0 68 14 14 88 71 71 81 95 95 85 0 0 0 0 0 0 0 0 0 0 0 0 0 0 0 0 0 0 0 0 0 0 0 0 0 0 0
0 0 0 0 0 0 0 0 0 0 0 0 0 68 68 29 88 88 71 81 81 95 85 85 85 0 0 0 0 0 0 0 0 0 0 0 0 0 0 0 0 0 0 0 0 0 0 0 0 0
0 0 0 0 0 0 0 0 0 0 0 0 0 90 90 29 29 88 71 71 81 95 95 95 85 85 0 0 0 0 0 0 0 0 0 0 0 0 0 0 0 0 0 0 0 0 0 0 0 0
0 0 0 0 0 0 0 0 0 0 0 0 0 90 29 29 29 88 88 71 81 81 81 95 95 85 76 76 76 76 76 76 76 0 0 0 0 0 0 0 0 0 0 0 0 0 0 0 0 0
0 0 0 0 0 0 0 0 0 0 0 0 0 90 29 57 2 88 88 71 71 71 81 81 95 85 98 67 67 67 67 67 34 0 0 0 0 0 0 0 0 0 0 0 0 0 0 0 0 0
0 0 0 0 0 0 0 0 0 0 0 0 0 90 29 91 2 88 88 88 88 71 71 81 95 95 98 94 13 38 38 35 34 0 0 0 0 0 0 0 0 0 0 0 0 0 0 0 0 0
0 0 0 0 0 0 0 0 0 0 0 0 0 90 21 91 2 88 88 88 88 88 71 81 45 95 98 94 1 1 78 35 0 0 0 0 0 0 0 0 0 0 0 0 0 0 0 0 0 0
0 0 0 0 0 0 0 0 0 0 0 0 0 90 21 91 2 2 2 2 88 88 71 71 45 86 86 94 1 26 26 35 0 0 0 0 0 0 0 0 0 0 0 0 0 0 0 0 0 0
0 0 0 0 0 0 0 0 0 0 0 0 0 90 21 91 91 91 91 2 88 88 88 71 71 86 1 1 1 26 26 0 0 0 0 0 0 0 0 0 0 0 0 0 0 0 0 0 0 0
0 0 0 0 0 0 0 0 0 0 0 0 0 90 21 21 21 21 91 2 88 88 88 88 71 86 1 82 82 82 26 26 26 26 0 0 0 0 0 0 0 0 0 0 0 0 0 0 0 0
0 0 0 0 0 0 0 0 0 0 0 0 0 90 90 90 90 21 91 2 2 2 71 71 71 74 1 1 1 82 82 48 48 33 0 0 0 0 0 0 0 0 0 0 0 0 0 0 0 0
0 0 0 0 0 0 0 0 0 0 0 0 0 0 0 0 90 21 91 91 91 2 74 74 74 74 20 20 1 20 9 9 48 33 0 0 0 0 0 0 0 0 0 0 0 0 0 0 0 0
0 0 0 0 0 0 0 0 0 0 0 0 0 0 0 0 90 21 21 51 4 2 74 100 100 100 100 20 20 20 43 84 48 33 33 33 0 0 0 0 0 0 0 0 0 0 0 0 0 0
0 0 0 0 0 0 0 0 0 0 0 0 0 0 0 0 90 90 16 51 4 89 89 100 42 24 100 100 100 100 43 84 48 48 48 33 33 33 0 0 0 0 0 0 0 0 0 0 0 0
0 0 0 0 0 0 0 0 0 0 0 0 0 0 0 0 0 0 16 51 4 7 99 99 42 24 24 24 24 15 43 84 84 84 48 48 44 33 0 0 0 0 0 0 0 0 0 0 0 0
0 0 0 0 0 0 0 0 0 0 0 0 0 0 0 0 0 0 16 51 75 7 99 42 42 24 24 63 24 15 43 43 43 84 84 8 44 33 0 0 0 0 0 0 0 0 0 0 0 0
0 0 0 0 0 0 0 0 0 0 0 0 0 0 0 0 0 0 16 16 75 96 99 42 42 42 24 63 24 15 15 15 43 69 84 8 80 80 0 0 0 0 0 0 0 0 0 0 0 0
0 0 0 0 0 0 0 0 0 0 0 0 0 0 0 0 0 0 0 16 75 96 99 99 99 42 24 63 24 24 24 15 15 84 84 8 66 66 66 0 0 0 0 0 0 0 0 0 0 0
0 0 0 0 0 0 0 0 0 0 0 0 0 0 0 0 0 0 93 16 75 96 96 96 99 42 24 63 63 24 24 24 15 84 84 8 8 12 66 0 0 0 0 0 0 0 0 0 0 0
0 0 0 0 0 0 0 0 0 0 0 0 0 0 0 0 0 93 93 72 75 75 75 96 99 42 24 63 63 24 56 24 15 15 84 84 19 12 66 0 0 0 0 0 0 0 0 0 0 0
0 0 0 0 0 0 0 0 0 0 0 0 0 0 0 0 0 93 72 72 73 96 96 96 99 42 24 63 63 24 56 24 24 15 15 54 19 5 66 0 0 0 0 0 0 0 0 0 0 0
0 0 0 0 0 0 0 0 0 0 0 0 0 0 0 93 93 93 72 73 73 96 17 17 99 42 24 63 63 24 56 56 24 27 56 56 19 5 0 0 0 0 0 0 0 0 0 0 0 0
0 0 0 0 0 0 0 0 0 0 0 0 0 93 93 93 72 72 72 73 30 30 10 10 42 42 24 63 63 24 32 56 56 56 56 19 19 5 0 0 0 0 0 0 0 0 0 0 0 0
0 0 0 0 0 0 0 0 0 0 0 0 0 93 72 72 72 59 72 73 30 23 10 79 79 79 24 63 63 24 32 18 18 56 19 19 19 5 0 0 0 0 0 0 0 0 0 0 0 0
0 0 0 0 0 0 0 0 0 0 0 0 0 93 72 59 59 59 72 73 73 37 37 79 61 63 63 63 63 24 32 31 18 56 56 56 19 5 5 0 0 0 0 0 0 0 0 0 0 0
0 0 0 0 0 0 0 0 0 64 64 64 93 93 72 59 83 59 39 39 73 73 73 73 61 28 28 63 63 24 32 31 18 18 18 56 19 19 5 0 0 0 0 0 0 0 0 0 0 0
0 0 0 0 0 0 0 0 0 36 41 93 93 72 72 59 83 59 59 28 28 28 28 28 28 28 28 63 24 24 32 31 31 31 18 56 56 19 5 0 0 0 0 0 0 0 0 0 0 0
0 0 0 0 0 0 0 0 0 36 72 72 72 72 59 59 83 83 83 83 83 83 83 83 83 83 28 63 24 32 32 31 0 31 18 18 56 19 47 0 0 0 0 0 0 0 0 0 0 0
0 0 0 0 0 0 0 0 0 36 59 59 59 59 59 59 59 83 0 0 0 0 0 0 0 83 28 63 24 32 31 31 0 31 31 18 56 55 47 0 0 0 0 0 0 0 0 0 0 0
0 0 0 0 0 36 36 36 36 36 0 0 0 0 0 0 59 83 0 0 0 0 0 0 0 83 28 28 32 32 31 0 0 0 31 18 62 55 11 0 0 0 0 0 0 0 0 0 0 0
0 0 0 0 0 36 0 0 0 0 0 0 0 0 0 0 59 83 83 0 0 0 0 0 0 83 83 83 83 70 31 0 0 0 31 18 18 18 11 50 0 0 0 0 0 0 0 0 0 0
0 0 0 0 52 36 0 0 0 0 0 0 0 0 0 0 59 65 83 0 0 0 0 0 0 0 0 0 0 0 0 0 0 0 31 31 31 31 31 50 0 0 0 0 0 0 0 0 0 0
0 0 0 0 52 3 0 0 0 0 0 0 0 0 0 0 0 83 83 0 0 0 0 0 0 0 0 0 0 0 0 0 0 0 0 0 0 0 0 0 0 0 0 0 0 0 0 0 0 0
0 0 0 0 0 0 0 0 0 0 0 0 0 0 0 0 0 0 0 0 0 0 0 0 0 0 0 0 0 0 0 0 0 0 0 0 0 0 0 0 0 0 0 0 0 0 0 0 0 0
0 0 0 0 0 0 0 0 0 0 0 0 0 0 0 0 0 0 0 0 0 0 0 0 0 0 0 0 0 0 0 0 0 0 0 0 0 0 0 0 0 0 0 0 0 0 0 0 0 0
0 0 0 0 0 0 0 0 0 0 0 0 0 0 0 0 0 0 0 0 0 0 0 0 0 0 0 0 0 0 0 0 0 0 0 0 0 0 0 0 0 0 0 0 0 0 0 0 0 0
0 0 0 0 0 0 0 0 0 0 0 0 0 0 0 0 0 0 0 0 0 0 0 0 0 0 0 0 0 0 0 0 0 0 0 0 0 0 0 0 0 0 0 0 0 0 0 0 0 0
0 0 0 0 0 0 0 0 0 0 0 0 0 0 0 0 0 0 0 0 0 0 0 0 0 0 0 0 0 0 0 0 0 0 0 0 0 0 0 0 0 0 0 0 0 0 0 0 0 0
