0 0 0 0 0 0 0 0 0 0 0 0 0 0 0 0 0 0 0 0 0 0 0 0 0 0 0 0 0 0 0 0 0 0 0 0 0 0 0 0 0 0 0 0 0 0 0 0 0 0
0 0 0 0 0 0 0 0 0 0 0 0 0 0 0 0 0 0 0 0 0 0 0 0 0 0 0 0 0 0 0 0 0 0 0 0 0 0 0 0 0 0 0 0 0 0 0 0 0 0
0 0 0 0 0 0 0 0 0 0 0 0 0 0 0 0 0 0 0 0 0 0 0 0 0 0 0 0 0 0 0 0 0 0 0 0 0 0 0 0 0 0 0 0 0 0 0 0 0 0
0 0 0 0 0 0 0 0 0 0 0 0 0 0 0 0 0 0 0 0 0 0 0 0 0 0 0 0 0 0 0 0 0 0 0 0 0 0 0 0 0 0 0 0 0 0 0 0 0 0
0 0 0 0 0 0 0 0 0 0 0 0 0 0 0 0 0 0 0 0 0 0 0 0 0 0 0 0 0 0 0 0 0 0 0 0 0 0 0 0 0 0 0 0 0 0 0 0 0 0
0 0 0 0 0 92 0 0 0 0 0 0 0 0 0 0 0 0 0 0 0 0 0 0 0 0 0 0 0 0 0 0 0 0 0 0 0 0 0 0 0 0 0 0 0 0 0 0 0 0
0 0 0 0 0 23 37 37 37 0 0 0 0 0 0 0 0 0 0 0 0 0 0 0 0 0 0 0 0 0 0 0 0 0 0 0 0 0 0 0 0 0 0 0 0 0 0 0 0 0
0 0 0 0 0 23 74 39 37 37 37 0 0 0 0 0 0 0 0 0 0 0 0 0 0 0 0 0 0 0 0 0 0 0 0 0 0 0 0 0 0 0 0 0 2 2 0 0 0 0
0 0 0 0 0 23 23 39 39 39 37 0 0 0 0 0 0 0 0 0 0 0 0 0 0 0 0 0 0 0 0 0 0 0 0 0 0 0 0 0 0 0 0 97 97 54 0 0 0 0
0 0 0 0 0 0 0 0 0 39 37 0 0 0 0 0 0 0 0 0 0 0 0 0 0 0 0 0 0 0 0 0 0 0 0 0 0 0 0 0 0 0 97 97 0 0 0 0 0 0
0 0 0 0 0 0 0 0 0 39 37 0 0 0 0 0 0 0 0 0 0 0 0 0 0 0 0 0 0 0 0 0 0 0 0 0 0 0 0 0 0 0 97 0 0 0 0 0 0 0
0 0 0 0 0 0 0 0 0 39 37 0 0 0 0 0 0 0 0 0 0 0 0 0 0 0 0 0 0 0 0 0 0 0 0 0 0 0 0 0 0 0 97 0 0 0 0 0 0 0
0 0 0 0 0 0 0 0 0 39 37 0 0 0 0 0 0 0 0 0 0 0 0 0 0 0 0 0 0 0 0 0 0 0 0 0 0 0 97 97 97 97 97 0 0 0 0 0 0 0
0 0 0 0 0 0 0 0 0 39 37 0 0 0 0 0 0 0 0 0 0 0 0 0 0 0 0 0 0 0 0 0 0 0 0 0 0 0 97 0 0 0 0 0 0 0 0 0 0 0
0 0 0 0 0 0 0 0 0 39 37 37 37 0 0 0 0 0 0 0 0 0 0 0 0 0 0 0 0 0 0 0 0 0 0 0 0 0 97 0 0 0 0 0 0 0 0 0 0 0
0 0 0 0 0 0 0 0 0 39 39 39 37 37 0 0 0 0 0 0 0 0 0 0 0 0 0 0 0 16 16 16 0 3 3 3 3 3 97 69 0 0 0 0 0 0 0 0 0 0
0 0 0 0 0 0 0 0 0 0 0 39 39 37 37 37 37 37 37 37 37 65 0 0 0 0 0 43 43 43 80 95 95 3 83 83 83 99 99 69 0 0 0 0 0 0 0 0 0 0
0 0 0 0 0 0 0 0 0 0 0 0 39 39 39 39 39 39 39 39 37 14 14 14 14 14 85 85 21 21 21 21 95 95 95 90 6 6 29 29 0 0 0 0 0 0 0 0 0 0
0 0 0 0 0 0 0 0 0 0 0 0 0 0 0 0 0 0 44 39 25 25 25 48 48 48 48 48 48 86 95 21 95 11 11 11 6 84 84 29 29 0 0 0 0 0 0 0 0 0
0 0 0 0 0 0 0 0 0 0 0 0 0 0 0 0 0 0 44 49 49 87 8 48 10 10 10 10 22 22 95 95 95 11 47 11 11 11 84 84 29 0 0 0 0 0 0 0 0 0
0 0 0 0 0 0 0 0 0 0 0 0 0 0 0 0 44 44 44 49 87 87 31 48 10 93 93 10 10 11 11 11 11 11 47 47 47 11 11 84 29 0 0 0 0 0 0 0 0 0
0 0 0 0 0 0 0 0 0 88 88 88 88 88 88 44 44 49 49 49 87 70 31 31 10 93 58 18 10 11 47 47 47 47 47 28 47 47 11 84 29 0 0 0 0 0 0 0 0 0
0 0 0 0 0 0 0 0 88 88 27 27 27 27 88 88 49 49 87 87 87 70 78 93 93 93 58 18 10 11 47 28 28 28 28 28 73 47 11 84 29 0 0 0 0 0 0 0 0 0
0 0 0 0 0 0 88 88 88 27 27 53 53 27 27 27 27 87 87 70 70 70 70 70 93 93 58 18 10 11 47 28 38 38 38 73 73 47 11 84 29 0 0 0 0 0 0 0 0 0
0 0 0 0 0 0 88 27 27 27 53 53 53 53 53 53 27 96 70 70 67 67 67 70 93 58 58 18 10 11 47 28 38 0 76 76 12 47 47 12 29 0 0 0 0 0 0 0 0 0
0 0 0 88 88 88 88 27 53 53 53 53 53 53 53 53 96 96 70 67 67 63 67 70 93 30 18 18 19 11 47 28 38 0 0 29 12 12 12 12 29 0 0 0 0 0 0 0 0 0
0 0 0 88 27 27 27 27 53 53 53 53 53 96 96 96 96 70 70 67 63 63 67 70 93 55 55 9 19 17 47 28 38 0 0 29 29 29 29 29 29 0 0 0 0 0 0 0 0 0
0 0 0 56 53 53 53 53 53 53 53 53 53 96 70 70 70 70 67 67 63 63 67 70 1 1 61 61 61 17 47 28 38 0 0 0 0 0 0 0 0 0 0 0 0 0 0 0 0 0
0 0 0 13 13 13 13 13 13 53 96 96 96 96 70 67 67 67 67 63 63 63 67 70 36 5 5 61 17 17 47 28 38 0 0 0 0 0 0 0 0 0 0 0 0 0 0 0 0 0
0 0 0 0 0 0 0 0 13 67 70 70 96 70 70 67 13 13 63 63 59 59 59 70 36 36 5 61 17 47 47 28 38 38 0 0 0 0 0 0 0 0 0 0 0 0 0 0 0 0
0 0 0 0 0 0 0 0 13 67 67 70 70 70 67 67 13 13 63 59 59 42 42 70 70 36 5 61 17 47 47 28 28 38 38 38 38 38 38 0 0 0 0 0 0 0 0 0 0 0
0 0 0 0 0 0 0 0 13 13 67 67 67 67 67 13 13 63 63 7 42 42 36 36 36 36 5 61 81 81 71 71 28 35 35 35 35 35 38 0 0 0 0 0 0 0 0 0 0 0
0 0 0 0 0 0 0 0 0 13 13 13 13 13 13 13 13 63 72 7 4 94 94 5 5 5 5 61 81 89 89 66 66 66 66 66 66 35 38 0 0 0 0 0 0 0 0 0 0 0
0 0 0 0 0 0 0 0 0 0 0 0 0 0 0 63 63 63 72 64 64 64 64 64 62 62 62 61 81 81 81 66 91 91 91 91 66 35 38 0 0 0 0 0 0 0 0 0 0 0
0 0 0 0 0 0 0 0 0 0 0 0 0 0 63 63 72 72 72 64 20 20 20 20 20 34 34 34 34 79 91 91 91 91 91 91 66 35 38 0 0 0 0 0 0 0 0 0 0 0
0 0 0 0 0 0 0 0 0 0 0 0 0 0 63 72 72 64 64 64 20 26 26 26 26 26 0 0 51 79 15 15 15 91 66 66 66 35 38 38 38 0 0 0 0 0 0 0 0 0
0 0 0 0 0 0 0 0 0 0 0 0 0 0 63 72 64 64 20 20 20 26 0 0 0 0 0 0 51 51 51 51 15 91 66 35 35 35 40 40 38 38 50 0 0 0 0 0 0 0
0 0 0 0 0 0 0 0 63 63 63 63 63 63 63 72 64 20 20 26 26 26 0 0 0 0 0 0 0 0 0 51 15 91 66 35 98 98 98 40 40 38 40 0 0 0 0 0 0 0
0 0 0 0 0 0 63 63 63 0 0 0 57 72 72 72 64 20 26 26 0 0 0 0 0 0 0 0 0 0 0 51 15 91 91 46 46 46 98 98 40 40 40 33 33 0 0 0 0 0
0 0 0 0 0 0 63 0 0 0 0 0 57 72 64 64 64 20 26 0 0 0 0 0 0 0 0 0 0 0 0 51 15 15 15 15 41 46 46 98 98 98 40 60 33 0 0 0 0 0
0 0 0 100 100 100 63 0 0 0 0 0 57 72 64 20 20 20 26 0 0 0 0 0 0 0 0 0 0 0 0 51 51 51 51 51 41 82 46 46 46 98 77 77 33 0 0 0 0 0
0 0 0 100 68 63 63 0 0 0 0 0 57 72 64 64 26 26 26 0 0 0 0 0 0 0 0 0 0 0 0 0 0 0 0 82 82 82 82 82 82 77 77 24 33 0 0 0 0 0
0 0 0 100 100 0 0 0 0 0 0 0 57 72 72 64 26 0 0 0 0 0 0 0 0 0 0 0 0 0 0 0 0 0 0 0 0 0 0 0 33 33 33 33 33 0 0 0 0 0
0 0 0 0 0 0 0 0 0 0 0 0 57 75 45 26 26 0 0 0 0 0 0 0 0 0 0 0 0 0 0 0 0 0 0 0 0 0 0 0 0 0 0 0 0 0 0 0 0 0
0 0 0 0 0 0 0 0 0 0 0 0 0 75 32 32 52 0 0 0 0 0 0 0 0 0 0 0 0 0 0 0 0 0 0 0 0 0 0 0 0 0 0 0 0 0 0 0 0 0
0 0 0 0 0 0 0 0 0 0 0 0 0 0 0 0 0 0 0 0 0 0 0 0 0 0 0 0 0 0 0 0 0 0 0 0 0 0 0 0 0 0 0 0 0 0 0 0 0 0
0 0 0 0 0 0 0 0 0 0 0 0 0 0 0 0 0 0 0 0 0 0 0 0 0 0 0 0 0 0 0 0 0 0 0 0 0 0 0 0 0 0 0 0 0 0 0 0 0 0
0 0 0 0 0 0 0 0 0 0 0 0 0 0 0 0 0 0 0 0 0 0 0 0 0 0 0 0 0 0 0 0 0 0 0 0 0 0 0 0 0 0 0 0 0 0 0 0 0 0
0 0 0 0 0 0 0 0 0 0 0 0 0 0 0 0 0 0 0 0 0 0 0 0 0 0 0 0 0 0 0 0 0 0 0 0 0 0 0 0 0 0 0 0 0 0 0 0 0 0
0 0 0 0 0 0 0 0 0 0 0 0 0 0 0 0 0 0 0 0 0 0 0 0 0 0 0 0 0 0 0 0 0 0 0 0 0 0 0 0 0 0 0 0 0 0 0 0 0 0
