0 0 0 0 0 0 0 0 0 0 0 0 0 0 0 0 0 0 0 0 0 0 0 0 0 0 0 0 0 0 0 0 0 0 0 0 0 0 0 0 0 0 0 0 0 0 0 0 0 0
0 0 0 0 0 0 0 0 0 0 0 0 0 0 0 0 0 0 0 0 0 0 0 0 0 0 0 0 0 0 0 0 0 0 0 0 0 0 0 0 0 0 0 0 0 0 0 0 0 0
0 0 0 0 0 0 0 0 0 0 0 0 0 91 91 56 56 0 0 0 0 0 0 0 0 0 0 0 0 0 0 0 0 0 0 0 0 0 0 0 0 0 0 0 0 0 0 0 0 0
0 0 0 0 0 0 0 0 0 0 0 0 0 91 43 41 56 0 0 0 0 0 0 0 0 0 0 0 0 0 0 0 0 0 0 0 0 0 0 0 0 0 0 0 0 0 0 0 0 0
0 0 0 0 0 0 0 0 0 0 0 0 0 91 43 41 56 66 0 0 0 0 0 0 0 0 0 0 0 0 0 0 0 0 0 0 0 0 0 0 0 0 0 0 0 0 0 0 0 0
0 0 0 0 0 0 0 0 43 43 43 43 0 91 43 41 56 56 0 0 0 0 0 0 0 0 0 0 0 0 0 0 0 0 0 0 0 0 0 0 0 0 89 89 89 89 89 0 0 0
0 0 0 0 0 0 0 0 43 20 20 43 43 91 43 41 41 56 0 0 0 0 0 0 0 0 0 0 0 0 0 0 0 0 0 0 0 0 0 89 89 89 89 27 86 99 89 0 0 0
0 0 0 0 0 0 0 0 43 88 4 4 43 91 43 43 41 56 0 0 0 0 0 0 0 0 0 0 0 0 0 0 0 0 0 0 0 0 89 89 86 86 86 86 86 70 89 0 0 0
0 0 0 0 0 19 19 0 43 29 15 4 43 43 43 43 41 56 0 0 0 0 0 0 0 0 0 0 0 0 0 0 0 0 0 0 0 89 89 86 86 70 70 70 70 70 0 0 0 0
0 0 0 0 25 52 19 0 43 19 15 4 4 43 41 41 41 56 0 0 0 0 0 0 0 0 0 0 0 0 0 0 0 0 0 0 61 89 86 86 70 70 0 0 0 0 0 0 0 0
0 0 0 0 25 25 19 43 43 19 15 15 4 4 41 56 56 56 56 0 0 0 0 0 0 0 0 0 0 0 0 0 0 0 0 0 61 6 86 83 83 83 0 0 0 0 0 0 0 0
0 0 0 0 0 25 19 43 19 19 19 15 15 4 41 41 41 41 56 56 56 0 0 0 0 0 0 0 0 0 0 0 0 0 0 0 54 6 62 62 84 83 0 0 0 0 0 0 0 0
0 0 0 0 0 25 19 19 19 71 19 19 15 15 15 15 15 41 41 41 56 0 0 0 0 0 0 0 0 0 0 0 0 0 0 0 54 93 93 47 84 83 0 0 0 0 0 0 0 0
0 0 0 0 0 25 25 25 25 71 71 19 19 19 19 19 15 15 15 41 56 0 0 0 0 0 0 0 0 0 0 0 0 0 0 0 54 93 42 42 84 83 0 0 0 0 0 0 0 0
0 0 0 0 0 0 0 0 0 0 71 71 71 71 71 19 19 19 15 41 56 0 0 0 0 0 0 0 0 0 0 0 0 0 0 0 54 93 42 96 96 83 0 0 0 0 0 0 0 0
0 0 0 0 0 0 0 0 0 0 0 0 0 0 71 19 19 19 15 41 56 0 0 78 78 78 11 11 11 0 0 0 0 0 0 0 54 93 42 83 83 83 0 0 0 0 0 0 0 0
0 0 0 0 0 0 0 0 0 0 0 0 0 0 71 19 15 15 15 41 56 56 56 78 31 16 16 16 11 11 0 0 54 54 54 54 54 93 42 83 0 0 0 0 0 0 0 0 0 0
0 0 0 0 0 0 0 0 0 0 0 0 0 0 71 19 15 41 41 41 41 41 56 56 31 55 46 18 18 54 54 54 54 93 93 93 93 93 42 83 0 0 0 0 0 0 0 0 0 0
0 0 0 0 0 0 0 0 0 0 0 0 0 0 71 19 15 15 15 15 15 41 41 41 31 79 46 93 93 93 93 93 93 93 42 42 42 42 42 83 0 0 0 0 0 0 0 0 0 0
0 0 0 0 0 0 0 0 0 0 0 0 0 0 71 19 19 19 13 2 15 41 41 15 15 79 23 23 63 93 42 42 42 42 42 83 83 83 83 83 0 0 0 0 0 0 0 0 0 0
0 0 0 0 0 0 0 0 0 0 0 0 57 57 71 71 71 71 13 30 15 15 15 15 1 1 1 80 63 42 42 83 83 83 83 83 0 0 0 0 0 0 0 0 0 0 0 0 0 0
0 0 0 0 0 0 0 0 0 0 0 57 57 33 33 33 33 33 33 30 30 30 15 15 1 76 76 80 14 14 42 8 83 0 0 0 0 0 0 0 0 0 0 0 0 0 0 0 0 0
0 0 0 0 0 0 0 0 0 0 57 57 33 33 10 10 10 10 33 33 33 30 1 1 1 76 82 80 59 49 49 8 83 0 0 0 0 0 0 0 0 0 0 0 0 0 0 0 0 0
0 0 0 0 0 0 0 0 0 0 57 10 21 10 10 57 57 10 10 10 33 30 76 76 76 76 82 75 59 85 8 8 83 0 0 0 0 0 0 0 0 0 0 0 0 0 0 0 0 0
0 0 0 0 0 0 0 0 0 0 57 10 10 10 57 57 57 57 57 10 33 30 76 82 82 82 82 36 59 85 26 83 83 0 0 0 0 0 0 0 0 0 0 0 0 0 0 0 0 0
0 0 0 0 0 0 0 0 0 0 57 57 57 57 57 0 0 0 57 10 33 98 76 82 48 48 48 36 59 85 26 0 0 0 0 0 0 0 0 0 0 0 0 0 0 0 0 0 0 0
0 0 0 0 0 0 0 0 0 0 0 0 0 0 0 0 0 0 57 10 33 82 82 82 48 94 44 36 59 85 26 0 0 0 0 0 0 0 0 0 0 0 0 0 0 0 0 0 0 0
0 0 0 0 0 0 0 0 0 0 0 0 0 0 0 0 0 0 57 10 68 82 48 48 48 94 44 65 59 85 26 26 26 0 0 0 0 0 0 0 0 0 0 0 0 0 0 0 0 0
0 0 0 0 0 0 0 0 0 0 0 0 0 0 57 57 57 57 57 10 68 67 48 94 94 94 44 65 65 85 85 85 26 26 0 0 0 0 0 0 0 0 0 0 0 0 0 0 0 0
0 0 0 0 0 0 0 0 0 0 0 0 0 0 57 10 10 10 10 10 68 67 48 94 95 95 44 44 35 35 40 85 85 26 0 0 0 0 0 0 0 0 0 0 0 0 0 0 0 0
0 0 0 0 0 0 0 0 0 0 0 0 0 0 57 10 37 68 68 68 68 67 48 94 95 95 95 44 44 44 40 40 85 26 26 26 0 0 0 0 0 0 0 0 0 0 0 0 0 0
0 0 0 0 0 0 0 0 0 0 0 0 0 0 57 10 10 67 67 67 67 67 48 94 95 0 95 95 95 60 60 40 85 85 85 26 26 26 5 5 5 0 0 0 0 0 0 0 0 0
0 0 0 0 0 0 0 0 0 0 0 0 45 45 45 45 67 67 48 48 48 48 48 94 95 0 0 0 95 95 60 40 40 40 85 85 85 85 85 3 5 5 5 5 0 0 0 0 0 0
0 0 0 0 0 0 90 90 90 0 0 0 45 53 92 92 92 48 48 9 9 9 9 94 95 0 0 0 0 95 60 60 60 40 85 85 40 40 40 22 22 22 22 5 5 0 0 0 0 0
0 0 0 0 0 0 90 50 45 0 0 0 45 53 12 38 38 48 9 9 97 97 97 97 95 0 0 0 0 95 95 95 60 40 40 40 40 100 100 100 100 100 100 73 5 0 0 0 0 0
0 0 0 0 0 32 90 51 45 45 45 45 45 53 12 77 58 58 58 9 9 95 95 95 95 0 0 0 0 0 0 95 60 60 60 60 17 100 28 28 28 34 73 73 5 0 0 0 0 0
0 0 0 0 0 32 64 51 51 51 45 45 51 53 12 77 77 77 72 72 81 81 0 0 0 0 0 0 0 0 0 95 95 95 95 60 74 74 28 0 28 24 24 5 5 0 0 0 0 0
0 0 0 0 0 0 64 64 64 51 51 51 51 69 12 87 0 81 81 81 81 0 0 0 0 0 0 0 0 0 0 0 0 0 95 7 74 28 28 0 28 28 28 28 0 0 0 0 0 0
0 0 0 0 0 0 0 0 64 64 64 64 64 69 87 87 0 0 0 0 0 0 0 0 0 0 0 0 0 0 0 0 0 0 74 74 74 28 0 0 0 0 0 0 0 0 0 0 0 0
0 0 0 0 0 0 0 0 0 0 0 0 64 64 64 0 0 0 0 0 0 0 0 0 0 0 0 0 0 0 0 0 0 0 0 0 39 28 0 0 0 0 0 0 0 0 0 0 0 0
0 0 0 0 0 0 0 0 0 0 0 0 0 0 0 0 0 0 0 0 0 0 0 0 0 0 0 0 0 0 0 0 0 0 0 0 0 0 0 0 0 0 0 0 0 0 0 0 0 0
0 0 0 0 0 0 0 0 0 0 0 0 0 0 0 0 0 0 0 0 0 0 0 0 0 0 0 0 0 0 0 0 0 0 0 0 0 0 0 0 0 0 0 0 0 0 0 0 0 0
0 0 0 0 0 0 0 0 0 0 0 0 0 0 0 0 0 0 0 0 0 0 0 0 0 0 0 0 0 0 0 0 0 0 0 0 0 0 0 0 0 0 0 0 0 0 0 0 0 0
0 0 0 0 0 0 0 0 0 0 0 0 0 0 0 0 0 0 0 0 0 0 0 0 0 0 0 0 0 0 0 0 0 0 0 0 0 0 0 0 0 0 0 0 0 0 0 0 0 0
0 0 0 0 0 0 0 0 0 0 0 0 0 0 0 0 0 0 0 0 0 0 0 0 0 0 0 0 0 0 0 0 0 0 0 0 0 0 0 0 0 0 0 0 0 0 0 0 0 0
0 0 0 0 0 0 0 0 0 0 0 0 0 0 0 0 0 0 0 0 0 0 0 0 0 0 0 0 0 0 0 0 0 0 0 0 0 0 0 0 0 0 0 0 0 0 0 0 0 0
0 0 0 0 0 0 0 0 0 0 0 0 0 0 0 0 0 0 0 0 0 0 0 0 0 0 0 0 0 0 0 0 0 0 0 0 0 0 0 0 0 0 0 0 0 0 0 0 0 0
0 0 0 0 0 0 0 0 0 0 0 0 0 0 0 0 0 0 0 0 0 0 0 0 0 0 0 0 0 0 0 0 0 0 0 0 0 0 0 0 0 0 0 0 0 0 0 0 0 0
0 0 0 0 0 0 0 0 0 0 0 0 0 0 0 0 0 0 0 0 0 0 0 0 0 0 0 0 0 0 0 0 0 0 0 0 0 0 0 0 0 0 0 0 0 0 0 0 0 0
0 0 0 0 0 0 0 0 0 0 0 0 0 0 0 0 0 0 0 0 0 0 0 0 0 0 0 0 0 0 0 0 0 0 0 0 0 0 0 0 0 0 0 0 0 0 0 0 0 0
