0 0 0 0 0 0 0 0 0 0 0 0 0 0 0 0 0 0 0 0 0 0 0 0 0 0 0 0 0 0 0 0 0 0 0 0 0 0 0 0 0 0 0 0 0 0 0 0 0 0
0 0 0 0 0 0 0 0 0 0 0 0 0 0 0 0 0 0 0 0 0 0 0 0 0 0 0 0 0 0 0 0 0 0 0 0 0 0 0 0 0 0 0 0 0 0 0 0 0 0
0 0 0 0 0 0 0 0 0 0 0 0 0 0 0 0 0 0 0 0 0 0 0 0 0 0 0 0 0 0 0 0 0 0 0 0 0 0 0 0 0 0 0 0 0 0 0 0 0 0
0 0 0 0 0 0 10 10 22 22 0 0 0 0 0 0 0 0 0 0 0 0 0 0 0 0 0 0 0 0 0 0 0 0 0 0 0 0 0 0 0 0 0 0 0 0 0 0 0 0
0 0 0 0 0 0 10 67 38 22 0 0 0 0 0 0 0 0 0 0 0 0 0 0 0 0 0 0 0 0 0 0 0 0 0 0 0 0 0 0 0 0 0 0 0 0 0 0 0 0
0 0 0 0 0 0 10 67 38 22 0 0 71 71 71 71 0 0 0 0 0 0 0 0 99 99 35 35 0 0 0 0 0 0 0 0 0 0 0 0 0 0 0 0 0 0 0 0 0 0
0 0 0 0 0 0 10 67 38 22 82 71 71 49 49 71 71 0 0 0 0 0 0 0 99 62 79 35 35 0 0 0 0 0 0 0 0 0 0 0 0 0 0 0 0 0 0 0 0 0
0 0 0 0 0 0 10 67 38 22 22 71 49 49 73 41 71 0 0 0 0 0 0 0 99 62 79 79 35 0 0 0 0 0 0 0 0 0 0 0 0 0 0 0 0 0 0 0 0 0
0 0 0 0 0 0 10 67 38 38 22 71 49 73 73 41 71 71 0 0 0 0 0 99 99 62 62 79 35 0 0 0 0 0 0 0 0 0 0 0 0 0 0 0 0 0 0 0 0 0
0 0 0 0 0 0 10 67 67 38 38 38 49 73 98 98 98 71 71 71 0 0 99 99 62 62 79 79 35 0 0 0 0 0 0 0 0 0 0 0 0 0 0 0 0 0 0 0 0 0
0 0 0 0 0 0 10 10 67 67 67 91 49 73 73 73 98 98 98 71 0 99 99 62 62 90 19 79 35 0 0 0 0 0 0 0 0 0 0 0 0 0 0 0 0 0 0 0 0 0
0 0 0 0 0 0 0 10 10 10 67 97 49 49 73 92 11 11 98 71 71 99 62 62 90 90 19 79 35 0 0 0 16 16 16 28 0 0 0 0 0 0 0 0 0 0 0 0 0 0
0 0 0 0 0 0 0 0 0 10 12 97 97 49 73 73 73 11 98 98 71 71 62 90 90 19 19 79 35 0 0 16 16 17 17 0 0 0 0 0 0 0 0 0 0 0 0 0 0 0
0 0 0 0 0 0 0 0 0 0 12 12 97 49 49 49 73 11 11 98 98 98 62 90 19 19 79 79 35 0 0 16 60 60 13 13 0 0 0 0 0 0 0 0 0 0 0 0 0 0
0 0 0 0 0 0 0 0 0 0 0 12 97 97 97 61 73 73 11 11 11 98 62 90 19 79 79 35 35 35 0 36 60 45 45 27 0 0 0 0 0 0 0 0 0 0 0 0 0 0
0 0 0 0 0 0 0 0 0 0 0 12 12 97 83 61 61 73 3 3 11 98 98 90 19 79 39 39 39 35 35 36 60 45 46 46 0 0 0 0 0 0 0 0 0 0 0 0 0 0
0 0 0 0 0 0 0 0 0 0 0 0 12 97 18 18 18 18 57 3 11 11 98 90 19 79 79 79 39 39 35 36 60 45 46 0 0 0 0 0 0 0 0 0 0 0 0 0 0 0
0 0 0 0 0 0 0 0 0 0 0 0 12 84 84 84 84 18 18 3 3 11 98 90 19 19 19 79 79 39 35 36 60 45 46 0 0 0 0 0 0 0 0 0 0 0 0 0 0 0
0 0 0 0 0 0 0 0 0 0 0 0 0 0 0 0 84 84 18 18 3 11 11 90 90 90 19 19 79 39 35 36 60 45 46 0 0 0 0 0 0 0 0 0 0 0 0 0 0 0
0 0 0 0 0 0 0 0 0 0 0 0 0 0 0 0 0 84 84 18 3 3 3 3 3 90 90 19 79 39 39 36 60 45 46 0 0 0 0 0 0 0 0 0 0 0 0 0 0 0
0 0 0 0 0 0 0 0 0 0 0 0 0 0 0 0 0 0 84 18 18 18 18 7 3 3 30 19 79 79 39 54 60 45 46 0 0 0 0 0 0 0 0 0 0 0 0 0 0 0
0 0 0 0 0 0 0 0 0 0 0 0 0 0 0 0 0 0 84 84 84 84 95 7 94 48 30 19 19 79 39 54 45 45 46 0 0 0 0 0 0 0 0 0 0 0 0 0 0 0
0 0 0 0 0 0 0 0 0 0 0 0 0 0 0 0 0 0 0 0 0 84 95 7 7 48 30 30 19 79 79 54 45 46 46 0 0 0 0 0 0 0 0 0 0 0 0 0 0 0
0 0 0 0 0 0 0 0 0 0 0 0 0 0 0 0 0 0 0 0 0 84 95 95 95 48 48 30 19 19 20 20 45 46 0 0 0 0 0 0 0 0 0 0 0 0 0 0 0 0
0 0 0 0 0 0 0 0 0 0 0 0 0 0 0 0 0 0 0 0 0 84 95 95 31 48 44 44 44 44 44 8 45 46 0 0 0 0 0 0 0 0 0 0 0 0 0 0 0 0
0 0 0 0 0 0 0 0 0 0 0 0 0 0 0 0 0 0 0 0 0 84 95 81 31 69 69 42 42 42 8 8 52 46 0 0 0 0 0 0 0 0 0 0 0 0 0 0 0 0
0 0 0 0 0 0 0 0 0 0 0 0 0 0 0 0 0 0 0 85 85 84 95 81 65 69 9 9 58 75 8 52 52 74 74 23 0 0 0 0 0 0 0 0 0 0 0 0 0 0
0 0 0 0 0 0 0 0 0 0 0 0 64 64 64 64 64 64 56 56 95 84 95 81 65 55 9 58 58 75 34 34 52 1 1 1 1 0 0 0 0 0 0 0 0 0 0 0 0 0
0 0 0 0 0 0 0 0 64 64 64 64 64 96 96 96 96 96 96 96 95 95 95 81 81 55 78 58 89 75 75 33 33 33 72 87 70 0 0 0 0 0 0 0 0 0 0 0 0 0
0 0 0 0 0 0 0 0 64 96 96 96 96 96 0 0 0 93 32 32 32 32 81 81 81 55 50 50 89 89 77 77 53 53 53 87 70 0 0 0 0 0 0 0 0 0 0 0 0 0
0 0 0 0 0 0 0 0 64 96 0 0 0 0 0 93 93 93 51 6 6 15 15 55 55 55 50 43 43 29 29 29 53 70 70 70 70 0 0 0 0 0 0 0 0 0 0 0 0 0
0 0 0 0 0 0 64 64 64 96 0 0 0 0 0 93 51 51 51 6 55 55 55 55 50 50 50 80 43 43 43 21 53 70 0 0 0 0 0 0 0 0 0 0 0 0 0 0 0 0
0 0 47 47 47 0 64 96 96 96 0 0 0 0 0 93 51 6 6 6 55 50 50 50 50 80 80 80 14 14 59 21 53 5 0 0 0 0 0 0 0 0 0 0 0 0 0 0 0 0
0 0 47 76 64 64 64 96 0 0 0 0 0 0 0 93 51 6 55 55 55 50 80 80 80 80 14 14 14 14 88 88 88 5 0 0 0 0 0 0 0 0 0 0 0 0 0 0 0 0
0 0 47 96 96 64 64 96 0 0 0 0 0 0 0 68 51 6 55 50 50 50 80 80 14 14 14 0 0 40 40 40 40 5 0 0 0 0 0 0 0 0 0 0 0 0 0 0 0 0
0 0 0 0 96 96 96 96 0 0 0 0 0 0 0 68 2 6 55 55 55 50 50 80 80 0 0 0 0 0 0 0 24 5 25 66 0 0 0 0 0 0 0 0 0 0 0 0 0 0
0 0 0 0 0 0 0 0 0 0 0 0 0 0 0 0 2 6 6 6 55 55 50 50 80 0 0 0 0 0 0 0 86 86 86 66 0 0 0 0 0 0 0 0 0 0 0 0 0 0
0 0 0 0 0 0 0 0 0 0 0 0 0 0 0 0 2 2 2 6 6 55 55 50 80 63 0 0 0 0 0 0 0 0 0 0 0 0 0 0 0 0 0 0 0 0 0 0 0 0
0 0 0 0 0 0 0 0 0 0 0 0 0 0 0 0 0 0 2 2 6 6 55 50 4 63 0 0 0 0 0 0 0 0 0 0 0 0 0 0 0 0 0 0 0 0 0 0 0 0
0 0 0 0 0 0 0 0 0 0 0 0 0 0 0 0 0 0 0 2 2 6 37 100 4 63 0 0 0 0 0 0 0 0 0 0 0 0 0 0 0 0 0 0 0 0 0 0 0 0
0 0 0 0 0 0 0 0 0 0 0 0 0 0 0 0 0 0 0 0 2 6 100 100 63 63 0 0 0 0 0 0 0 0 0 0 0 0 0 0 0 0 0 0 0 0 0 0 0 0
0 0 0 0 0 0 0 0 0 0 0 0 0 0 0 0 0 0 0 0 2 26 26 63 63 0 0 0 0 0 0 0 0 0 0 0 0 0 0 0 0 0 0 0 0 0 0 0 0 0
0 0 0 0 0 0 0 0 0 0 0 0 0 0 0 0 0 0 0 0 0 0 0 0 0 0 0 0 0 0 0 0 0 0 0 0 0 0 0 0 0 0 0 0 0 0 0 0 0 0
0 0 0 0 0 0 0 0 0 0 0 0 0 0 0 0 0 0 0 0 0 0 0 0 0 0 0 0 0 0 0 0 0 0 0 0 0 0 0 0 0 0 0 0 0 0 0 0 0 0
0 0 0 0 0 0 0 0 0 0 0 0 0 0 0 0 0 0 0 0 0 0 0 0 0 0 0 0 0 0 0 0 0 0 0 0 0 0 0 0 0 0 0 0 0 0 0 0 0 0
0 0 0 0 0 0 0 0 0 0 0 0 0 0 0 0 0 0 0 0 0 0 0 0 0 0 0 0 0 0 0 0 0 0 0 0 0 0 0 0 0 0 0 0 0 0 0 0 0 0
0 0 0 0 0 0 0 0 0 0 0 0 0 0 0 0 0 0 0 0 0 0 0 0 0 0 0 0 0 0 0 0 0 0 0 0 0 0 0 0 0 0 0 0 0 0 0 0 0 0
0 0 0 0 0 0 0 0 0 0 0 0 0 0 0 0 0 0 0 0 0 0 0 0 0 0 0 0 0 0 0 0 0 0 0 0 0 0 0 0 0 0 0 0 0 0 0 0 0 0
0 0 0 0 0 0 0 0 0 0 0 0 0 0 0 0 0 0 0 0 0 0 0 0 0 0 0 0 0 0 0 0 0 0 0 0 0 0 0 0 0 0 0 0 0 0 0 0 0 0
0 0 0 0 0 0 0 0 0 0 0 0 0 0 0 0 0 0 0 0 0 0 0 0 0 0 0 0 0 0 0 0 0 0 0 0 0 0 0 0 0 0 0 0 0 0 0 0 0 0
