0 0 0 0 0 0 0 0 0 0 0 0 0 0 0 0 0 0 0 0 0 0 0 0 0 0 0 0 0 0 0 0 0 0 0 0 0 0 0 0 0 0 0 0 0 0 0 0 0 0
0 0 0 0 0 0 0 0 0 0 0 0 0 0 0 0 0 0 0 0 0 0 0 0 0 0 0 0 0 0 0 0 0 0 0 0 0 0 0 0 0 0 0 0 0 0 0 0 0 0
0 0 0 0 0 0 0 0 0 0 0 0 0 0 0 0 0 0 0 0 0 0 0 0 0 0 0 0 0 0 0 0 0 0 0 0 0 0 0 0 0 0 0 0 0 0 0 0 0 0
0 0 0 0 0 0 0 0 0 0 0 0 0 0 0 0 0 0 0 0 0 0 0 0 0 0 0 0 0 0 0 0 0 0 0 0 0 0 0 0 0 0 0 0 0 0 0 0 0 0
0 0 0 0 0 0 0 0 0 0 0 0 0 0 0 0 0 0 0 0 0 0 0 0 0 0 0 0 0 0 0 0 0 0 0 0 0 0 0 64 26 26 26 0 0 0 0 0 0 0
0 0 0 0 0 0 0 0 0 0 0 0 0 0 0 0 0 0 0 0 0 0 0 0 0 0 0 0 0 0 0 0 0 0 0 0 0 0 0 64 59 47 26 0 0 0 0 0 0 0
0 0 0 0 0 0 0 0 0 0 0 0 0 0 0 0 0 0 0 0 0 0 0 0 0 0 0 0 0 0 0 0 0 0 0 0 0 0 0 64 59 12 26 0 0 0 0 0 0 0
0 0 0 0 0 0 0 0 0 0 0 0 0 0 0 0 0 0 0 0 0 0 0 0 0 0 0 0 0 0 0 0 0 0 0 0 0 0 0 64 59 12 74 0 0 0 0 0 0 0
0 0 0 0 0 0 0 0 0 0 0 0 0 92 92 92 92 0 0 0 0 0 0 0 0 0 0 0 0 0 0 0 0 0 0 0 0 0 0 64 59 12 14 0 0 0 0 0 0 0
0 0 0 0 0 0 0 0 0 0 0 0 0 92 83 11 42 0 0 0 0 0 0 0 0 0 0 0 0 0 0 0 0 0 0 0 0 64 64 64 59 12 14 0 0 0 0 0 0 0
0 0 0 0 0 0 0 0 0 0 0 3 0 92 97 11 42 40 39 39 39 39 39 39 0 0 0 0 0 0 0 0 0 0 0 0 0 64 59 59 59 12 14 0 0 0 0 0 0 0
0 0 0 0 0 0 0 0 0 0 0 56 73 73 97 11 42 42 39 42 42 42 91 39 39 39 0 0 0 0 0 0 0 0 0 0 0 64 59 12 12 12 14 0 0 0 0 0 0 0
0 0 0 0 0 0 0 0 0 0 0 56 56 13 97 58 58 42 39 42 86 86 86 86 86 39 0 0 0 0 0 0 0 64 64 64 64 64 59 67 35 14 14 0 0 0 0 0 0 0
0 0 0 0 0 0 0 0 0 0 0 0 56 13 61 61 58 42 42 42 86 46 46 46 86 39 0 0 0 0 0 0 0 64 59 59 59 59 59 67 57 14 0 0 0 0 0 0 0 0
0 0 0 0 0 0 0 0 0 0 0 0 56 56 56 61 58 58 42 42 86 46 18 30 86 39 0 0 0 0 0 0 0 64 59 76 76 76 76 76 57 14 0 0 0 0 0 0 0 0
0 0 0 0 0 0 0 0 0 0 0 0 0 0 56 61 61 58 42 42 86 46 58 30 86 39 0 0 0 0 0 0 64 64 59 76 52 52 52 52 52 52 52 0 0 0 0 0 0 0
0 0 0 0 0 0 0 0 0 0 0 0 0 0 56 56 61 58 58 42 86 46 58 30 86 39 0 0 0 0 0 64 64 59 59 76 65 65 65 65 65 65 52 0 0 0 0 0 0 0
0 0 0 0 0 0 0 0 0 0 0 0 0 0 0 56 61 61 58 42 86 46 58 30 86 39 0 0 0 0 0 64 59 59 76 76 41 41 41 41 41 65 52 52 0 0 0 0 0 0
0 0 0 0 0 0 0 0 0 0 0 0 0 0 0 56 56 61 58 86 86 46 58 30 86 51 0 0 0 0 0 64 59 76 76 41 41 45 45 45 41 65 65 52 52 0 0 0 0 0
0 0 0 0 0 0 0 0 0 0 0 0 0 0 0 0 56 61 58 86 46 46 58 30 86 51 85 85 64 64 64 64 59 76 41 41 45 45 89 45 41 41 41 45 52 0 0 0 0 0
0 0 0 0 0 0 0 0 0 0 0 0 0 0 0 0 56 61 58 58 46 58 58 30 86 51 88 59 59 59 59 59 59 76 41 45 45 89 89 45 45 45 45 45 52 24 0 0 0 0
0 0 0 0 0 0 0 0 0 0 0 0 0 0 0 0 56 61 61 58 58 58 30 30 86 51 88 76 76 76 76 76 76 76 94 45 89 89 89 89 89 89 89 89 89 24 0 0 0 0
0 0 0 0 0 0 0 0 0 0 0 0 0 0 0 0 33 33 22 22 22 58 30 86 86 51 88 76 44 44 44 44 60 60 94 89 89 0 0 0 0 0 0 0 0 0 0 0 0 0
0 0 0 0 0 0 0 0 0 0 0 0 0 0 0 0 55 72 72 72 22 58 30 86 86 86 88 44 44 20 20 20 20 78 94 25 0 0 0 0 0 0 0 0 0 0 0 0 0 0
0 0 0 0 0 0 0 0 0 55 55 55 55 0 0 0 55 72 75 34 34 58 30 30 30 86 44 44 20 20 5 5 5 5 94 25 0 0 0 0 0 0 0 0 0 0 0 0 0 0
0 0 0 0 0 0 0 0 0 55 15 9 55 55 55 55 55 72 75 82 34 34 34 34 30 44 44 20 20 5 5 94 94 94 94 25 0 0 0 0 0 0 0 0 0 0 0 0 0 0
0 0 0 0 0 0 0 0 0 55 15 10 10 10 10 10 10 72 31 82 82 82 82 34 37 37 20 20 5 5 5 5 25 25 25 25 0 0 0 0 0 0 0 0 0 0 0 0 0 0
0 0 0 0 0 0 0 0 0 55 2 10 81 81 81 81 10 10 31 38 82 96 82 34 93 100 20 20 20 20 20 5 5 25 0 0 0 0 0 0 0 0 0 0 0 0 0 0 0 0
0 0 0 0 0 0 0 0 0 2 2 10 81 81 81 81 81 38 38 38 82 96 6 6 93 99 99 99 20 20 99 53 5 25 19 19 19 0 0 0 0 0 0 0 0 0 0 0 0 0
0 0 0 0 0 0 0 0 0 2 10 10 81 81 81 81 81 81 81 38 82 96 96 28 28 28 28 99 99 99 99 62 5 71 71 71 19 0 0 0 0 0 0 0 0 0 0 0 0 0
0 0 0 0 0 0 0 0 2 2 10 81 81 81 81 81 81 38 38 38 82 79 17 17 17 17 28 28 28 28 28 62 21 21 4 71 19 0 0 0 0 0 0 0 0 0 0 0 0 0
0 0 0 0 0 0 0 0 2 10 10 81 81 81 81 81 81 38 80 80 80 79 66 66 66 17 17 17 17 17 21 21 21 17 4 71 19 19 0 0 0 0 0 0 0 0 0 0 0 0
0 0 0 0 0 0 2 2 2 10 81 81 81 81 81 81 81 38 80 7 8 8 66 50 66 66 66 66 66 17 17 17 17 17 4 71 71 19 0 0 0 0 0 0 0 0 0 0 0 0
0 0 0 0 0 2 2 10 10 10 81 81 81 81 81 81 81 38 80 7 7 7 66 50 50 50 50 50 66 66 66 66 66 98 4 4 71 19 0 0 0 0 0 0 0 0 0 0 0 0
0 0 0 0 0 2 38 81 81 81 81 81 81 81 81 81 81 38 80 7 0 0 0 0 0 0 0 50 50 50 50 50 50 98 36 4 71 19 0 0 0 0 0 0 0 0 0 0 0 0
0 0 0 0 0 2 38 81 38 38 38 38 38 38 38 38 38 38 80 7 0 0 0 0 0 0 0 0 0 0 0 0 36 36 36 4 71 48 48 0 0 0 0 0 0 0 0 0 0 0
0 0 0 0 0 2 38 38 38 43 43 43 43 43 43 43 43 43 80 7 0 0 0 0 0 0 0 0 0 0 0 0 0 0 36 4 71 29 95 0 0 0 0 0 0 0 0 0 0 0
0 0 0 0 0 2 2 2 54 43 32 32 32 23 23 63 80 80 80 7 0 0 0 0 0 0 0 0 0 0 0 0 0 0 36 4 71 29 16 0 0 0 0 0 0 0 0 0 0 0
0 0 0 0 0 0 27 77 77 77 32 0 0 0 49 49 49 7 7 7 0 0 0 0 0 0 0 0 0 0 0 0 0 0 36 4 84 29 16 0 0 0 0 0 0 0 0 0 0 0
0 0 0 0 0 0 27 27 27 27 27 0 0 0 90 87 7 7 0 0 0 0 0 0 0 0 0 0 0 0 0 0 0 0 36 4 68 29 16 0 0 0 0 0 0 0 0 0 0 0
0 0 0 0 0 0 0 0 0 0 0 0 0 0 90 90 90 0 0 0 0 0 0 0 0 0 0 0 0 0 0 0 0 0 36 1 1 1 16 0 0 0 0 0 0 0 0 0 0 0
0 0 0 0 0 0 0 0 0 0 0 0 0 0 0 0 0 0 0 0 0 0 0 0 0 0 0 0 0 0 0 0 0 0 69 69 70 70 70 0 0 0 0 0 0 0 0 0 0 0
0 0 0 0 0 0 0 0 0 0 0 0 0 0 0 0 0 0 0 0 0 0 0 0 0 0 0 0 0 0 0 0 0 0 0 0 0 0 0 0 0 0 0 0 0 0 0 0 0 0
0 0 0 0 0 0 0 0 0 0 0 0 0 0 0 0 0 0 0 0 0 0 0 0 0 0 0 0 0 0 0 0 0 0 0 0 0 0 0 0 0 0 0 0 0 0 0 0 0 0
0 0 0 0 0 0 0 0 0 0 0 0 0 0 0 0 0 0 0 0 0 0 0 0 0 0 0 0 0 0 0 0 0 0 0 0 0 0 0 0 0 0 0 0 0 0 0 0 0 0
0 0 0 0 0 0 0 0 0 0 0 0 0 0 0 0 0 0 0 0 0 0 0 0 0 0 0 0 0 0 0 0 0 0 0 0 0 0 0 0 0 0 0 0 0 0 0 0 0 0
0 0 0 0 0 0 0 0 0 0 0 0 0 0 0 0 0 0 0 0 0 0 0 0 0 0 0 0 0 0 0 0 0 0 0 0 0 0 0 0 0 0 0 0 0 0 0 0 0 0
0 0 0 0 0 0 0 0 0 0 0 0 0 0 0 0 0 0 0 0 0 0 0 0 0 0 0 0 0 0 0 0 0 0 0 0 0 0 0 0 0 0 0 0 0 0 0 0 0 0
0 0 0 0 0 0 0 0 0 0 0 0 0 0 0 0 0 0 0 0 0 0 0 0 0 0 0 0 0 0 0 0 0 0 0 0 0 0 0 0 0 0 0 0 0 0 0 0 0 0
0 0 0 0 0 0 0 0 0 0 0 0 0 0 0 0 0 0 0 0 0 0 0 0 0 0 0 0 0 0 0 0 0 0 0 0 0 0 0 0 0 0 0 0 0 0 0 0 0 0
