0 0 0 0 0 0 0 0 0 0 0 0 0 0 0 0 0 0 0 0 0 0 0 0 0 0 0 0 0 0 0 0 0 0 0 0 0 0 0 0 0 0 0 0 0 0 0 0 0 0
0 0 0 0 0 0 0 0 0 0 0 0 0 0 0 0 0 0 0 0 0 0 0 0 0 0 0 0 0 0 0 0 0 0 0 0 0 0 0 0 0 0 0 0 0 0 0 0 0 0
0 0 0 0 0 0 0 0 0 0 0 0 0 0 0 0 0 0 0 0 0 0 0 0 0 0 0 0 0 0 0 0 0 0 0 0 0 0 0 0 0 0 0 0 0 0 0 0 0 0
0 0 0 0 0 0 0 0 0 0 0 0 0 0 0 0 0 0 0 0 0 0 0 0 0 0 0 0 0 0 0 0 0 0 0 0 0 0 0 0 0 0 0 0 0 0 0 0 0 0
0 0 0 0 0 0 0 0 0 0 0 0 0 0 0 0 0 0 0 0 0 0 0 0 0 0 0 0 0 0 0 0 0 0 0 0 0 0 0 0 0 0 0 0 0 0 0 0 0 0
0 0 0 0 0 0 0 0 0 0 0 0 0 0 0 0 0 0 0 0 0 0 0 0 0 0 0 0 0 0 0 0 0 0 0 0 0 0 0 0 0 0 0 0 0 0 0 0 0 0
0 0 0 0 0 0 0 0 0 0 0 0 0 0 0 0 0 0 0 0 0 0 0 0 0 0 0 0 0 0 0 0 0 0 0 0 0 0 0 0 0 0 0 0 0 0 0 0 0 0
0 0 0 0 0 0 0 0 0 0 0 0 0 0 0 0 0 0 0 0 0 0 0 0 0 0 0 0 0 0 0 0 0 0 0 0 0 0 0 0 0 0 0 0 0 0 0 0 0 0
0 0 0 0 0 0 0 0 0 0 58 40 40 0 0 0 0 0 0 0 0 0 0 0 0 0 0 0 0 0 0 0 0 0 0 0 0 0 0 0 0 0 0 0 0 0 0 0 0 0
0 0 0 0 0 0 0 80 80 95 95 95 47 0 0 0 0 0 0 0 0 0 0 0 0 0 0 0 0 0 0 0 0 0 0 0 0 0 0 0 0 0 0 0 0 0 0 0 0 0
0 0 0 0 0 0 0 80 65 65 65 85 85 0 0 0 0 0 0 0 0 0 0 0 0 0 0 0 0 0 0 0 0 0 0 0 0 0 0 0 0 0 0 0 0 0 0 0 0 0
0 0 0 0 0 0 0 92 65 11 13 13 85 0 0 0 0 0 0 0 0 0 0 0 0 0 0 0 0 0 0 0 0 0 0 0 0 0 0 0 0 0 0 0 0 0 0 0 0 0
0 0 0 0 0 0 0 92 70 11 62 13 85 85 0 0 0 0 0 0 0 0 0 0 0 0 0 0 0 0 0 0 0 0 0 0 0 0 0 0 0 0 0 0 0 0 0 0 0 0
0 0 0 0 0 0 0 92 70 91 91 13 13 85 85 85 0 0 0 0 0 0 0 0 0 0 0 34 34 34 34 34 34 34 34 59 59 0 0 0 0 0 0 0 0 0 0 0 0 0
0 0 0 0 0 0 0 92 90 90 91 91 13 13 13 85 88 0 0 0 0 0 0 0 0 0 0 34 25 25 25 25 25 25 33 33 74 74 0 0 0 0 0 0 0 0 0 0 0 0
0 0 0 0 0 0 0 26 26 90 90 91 91 91 13 85 50 50 50 36 36 36 36 36 0 0 34 34 87 30 30 30 76 56 56 56 56 73 0 0 0 0 0 0 0 0 0 0 0 0
0 0 0 0 0 0 0 0 26 26 90 90 90 91 13 85 85 13 64 64 64 64 87 36 0 0 34 87 87 63 93 93 93 56 52 0 0 0 0 0 0 0 0 0 0 0 0 0 0 0
0 0 0 0 0 0 0 0 0 26 26 26 90 91 13 13 85 13 23 49 28 63 87 36 36 0 34 87 63 63 72 72 72 72 52 0 0 0 0 0 0 0 0 0 0 0 0 0 0 0
0 0 0 0 0 0 0 0 0 0 0 26 90 91 91 13 13 13 91 49 49 63 87 87 36 0 34 87 63 72 72 52 52 97 52 0 0 0 0 0 0 0 0 0 0 0 0 0 0 0
0 0 0 0 0 0 0 0 0 0 0 26 90 90 91 91 13 13 91 91 49 63 63 87 36 36 36 87 63 72 52 52 52 52 52 0 0 0 0 0 0 0 0 0 0 0 0 0 0 0
0 0 0 0 0 0 0 0 0 0 0 26 26 90 90 91 91 91 91 91 49 49 63 87 87 87 36 87 63 72 52 0 0 0 0 0 0 0 0 0 0 0 0 0 0 0 0 0 0 0
0 0 0 0 0 0 0 0 0 0 0 0 26 26 90 90 90 90 90 91 91 49 63 63 63 87 36 87 63 72 52 0 0 0 0 0 0 0 0 0 0 0 0 0 0 0 0 0 0 0
0 0 0 0 0 0 0 0 0 0 0 0 0 26 26 26 57 57 57 57 91 49 49 49 63 87 87 87 63 72 52 52 52 52 52 52 52 52 0 0 0 0 0 0 0 0 0 0 0 0
0 0 0 0 0 0 0 0 0 0 0 0 0 0 0 55 57 71 22 57 91 99 99 49 63 87 63 63 63 72 72 72 72 72 72 72 72 52 0 0 0 0 0 0 0 0 0 0 0 0
0 0 0 0 0 0 0 0 0 0 0 0 0 0 0 55 57 71 99 99 99 99 49 49 63 63 63 72 72 72 17 17 17 17 17 17 51 52 0 0 0 0 0 0 0 0 0 0 0 0
0 0 0 0 0 0 0 0 0 0 0 0 0 0 0 55 57 71 99 61 61 61 61 60 60 63 72 72 72 72 17 43 43 43 53 52 52 52 0 0 0 0 0 0 0 0 0 0 0 0
0 0 0 0 0 0 0 0 0 0 0 0 0 0 0 55 57 71 99 61 100 100 100 100 20 20 20 20 72 72 17 17 17 43 53 52 0 0 0 0 0 0 0 0 0 0 0 0 0 0
0 0 0 0 0 0 0 0 0 0 0 0 0 55 55 55 57 71 99 46 15 15 15 2 20 9 9 20 20 20 20 20 18 43 53 52 0 0 0 0 0 0 0 0 0 0 0 0 0 0
0 0 0 0 0 0 0 0 0 0 0 55 55 55 57 57 57 71 71 46 46 46 15 2 9 9 9 9 20 81 81 81 43 43 53 52 19 19 0 0 0 0 0 0 0 0 0 0 0 0
0 0 0 0 0 0 0 0 0 55 55 55 57 57 57 71 71 71 71 71 46 46 15 2 9 1 1 9 20 81 43 43 43 53 53 3 3 19 19 19 19 19 0 0 0 0 0 0 0 0
0 0 0 0 0 0 0 0 37 37 71 71 57 71 71 71 78 78 78 78 46 68 68 9 9 1 1 9 20 81 43 43 43 43 43 43 3 3 3 3 3 19 0 0 0 0 0 0 0 0
0 0 0 0 0 0 0 0 37 78 7 71 71 71 78 78 78 94 94 94 94 94 12 12 1 1 1 9 20 81 43 43 43 48 29 43 3 67 67 67 3 19 0 0 0 0 0 0 0 0
0 0 0 0 0 0 0 0 37 78 71 71 71 78 78 94 94 94 39 39 39 12 12 1 1 77 1 1 81 81 81 81 81 81 43 43 3 67 67 67 3 19 19 19 0 0 0 0 0 0
0 0 0 0 0 0 0 0 37 78 78 71 71 78 45 27 45 39 39 77 39 12 1 1 77 77 77 77 77 86 81 43 43 43 43 3 3 67 67 67 3 3 3 14 14 38 38 0 0 0
0 0 0 0 0 0 0 0 37 37 78 71 71 78 45 45 45 39 77 77 1 79 1 77 77 16 16 16 16 86 81 43 3 3 3 3 67 67 67 67 67 67 67 32 32 32 38 0 0 0
0 0 0 0 0 0 0 0 84 37 78 78 78 78 78 78 45 39 77 77 1 1 1 77 16 16 0 0 16 66 81 43 3 3 3 3 67 67 67 67 67 67 67 67 67 32 38 38 0 0
0 0 0 0 0 0 0 0 42 42 42 45 45 45 78 78 45 39 77 77 77 77 77 77 16 0 0 0 0 66 81 43 43 43 43 3 3 67 67 67 67 67 67 67 67 32 32 38 0 0
0 0 0 0 0 0 0 0 42 45 45 45 89 45 45 45 45 39 77 16 16 16 16 16 16 0 0 0 0 66 81 81 81 81 43 43 3 32 32 32 67 67 67 67 67 67 32 38 0 0
0 0 0 0 0 0 0 24 24 45 98 98 96 96 96 96 96 39 77 16 0 0 0 0 0 0 0 0 0 66 66 66 66 81 81 81 54 54 82 32 32 67 67 67 32 32 32 38 0 0
0 0 0 0 0 0 0 21 44 44 98 31 31 31 31 31 69 69 77 8 0 0 0 0 0 0 0 0 0 0 0 0 66 66 66 66 66 83 82 82 32 32 32 67 32 38 38 38 0 0
0 0 0 0 0 0 0 21 21 75 98 41 41 41 41 31 31 31 31 8 0 0 0 0 0 0 0 0 0 0 0 0 0 0 0 0 0 83 83 82 4 4 32 67 32 38 0 0 0 0
0 0 0 0 0 0 0 0 0 75 75 75 0 0 41 41 41 41 41 41 0 0 0 0 0 0 0 0 0 0 0 0 0 0 0 0 0 0 83 5 5 4 32 32 32 38 0 0 0 0
0 0 0 0 0 0 0 0 0 35 0 0 0 0 0 0 0 0 0 0 0 0 0 0 0 0 0 0 0 0 0 0 0 0 0 0 0 0 10 10 5 4 38 38 38 38 0 0 0 0
0 0 0 0 0 0 0 0 0 0 0 0 0 0 0 0 0 0 0 0 0 0 0 0 0 0 0 0 0 0 0 0 0 0 0 0 0 0 0 0 5 6 6 0 0 0 0 0 0 0
0 0 0 0 0 0 0 0 0 0 0 0 0 0 0 0 0 0 0 0 0 0 0 0 0 0 0 0 0 0 0 0 0 0 0 0 0 0 0 0 0 0 0 0 0 0 0 0 0 0
0 0 0 0 0 0 0 0 0 0 0 0 0 0 0 0 0 0 0 0 0 0 0 0 0 0 0 0 0 0 0 0 0 0 0 0 0 0 0 0 0 0 0 0 0 0 0 0 0 0
0 0 0 0 0 0 0 0 0 0 0 0 0 0 0 0 0 0 0 0 0 0 0 0 0 0 0 0 0 0 0 0 0 0 0 0 0 0 0 0 0 0 0 0 0 0 0 0 0 0
0 0 0 0 0 0 0 0 0 0 0 0 0 0 0 0 0 0 0 0 0 0 0 0 0 0 0 0 0 0 0 0 0 0 0 0 0 0 0 0 0 0 0 0 0 0 0 0 0 0
0 0 0 0 0 0 0 0 0 0 0 0 0 0 0 0 0 0 0 0 0 0 0 0 0 0 0 0 0 0 0 0 0 0 0 0 0 0 0 0 0 0 0 0 0 0 0 0 0 0
0 0 0 0 0 0 0 0 0 0 0 0 0 0 0 0 0 0 0 0 0 0 0 0 0 0 0 0 0 0 0 0 0 0 0 0 0 0 0 0 0 0 0 0 0 0 0 0 0 0
