0 0 0 0 0 0 0 0 0 0 0 0 0 0 0 0 0 0 0 0 0 0 0 0 0 0 0 0 0 0 0 0 0 0 0 0 0 0 0 0 0 0 0 0 0 0 0 0 0 0
0 0 0 0 0 0 0 0 0 0 0 0 0 0 0 0 0 0 0 0 0 0 0 0 0 0 0 0 0 0 0 0 0 0 0 0 0 0 0 0 0 0 0 0 0 0 0 0 0 0
0 0 0 0 0 0 0 0 0 0 0 0 0 0 0 0 0 0 0 0 0 0 0 0 0 0 0 0 0 0 0 0 0 0 0 0 0 0 0 0 0 0 0 0 0 0 0 0 0 0
0 0 0 0 0 0 0 0 0 0 0 0 0 0 0 0 0 0 0 0 0 0 0 0 0 0 0 0 0 0 0 0 0 0 0 0 0 0 0 0 0 0 0 0 0 0 0 0 0 0
0 0 0 0 78 78 78 0 0 0 0 0 0 0 0 0 0 0 0 0 0 0 0 0 0 0 0 0 0 0 0 0 63 80 44 44 0 0 0 0 0 0 0 0 0 0 0 0 0 0
0 0 0 0 78 51 58 58 58 58 0 0 0 0 0 0 0 0 0 0 0 0 0 0 0 0 0 0 0 0 0 0 63 27 52 44 0 0 0 0 0 0 0 0 0 0 0 0 0 0
0 0 0 0 78 90 77 77 77 58 58 58 0 0 0 0 0 0 0 0 0 0 0 0 0 0 0 0 0 0 0 63 63 27 52 44 0 0 0 0 0 0 0 0 0 0 0 0 0 0
0 0 0 0 78 90 90 90 77 77 77 58 0 0 0 0 0 0 0 0 0 0 0 0 0 0 0 0 0 0 0 63 27 27 52 44 0 0 0 0 0 0 0 0 0 0 0 0 0 0
0 0 0 0 78 78 78 90 90 90 77 58 0 0 0 0 0 0 0 0 0 0 0 0 0 0 0 0 0 0 0 63 27 52 52 44 0 0 0 0 0 0 0 0 0 0 0 0 0 0
0 0 0 0 0 0 78 78 78 90 77 58 0 0 0 0 0 0 0 0 0 0 0 0 0 0 0 0 0 0 0 63 27 52 62 62 0 13 13 0 0 0 0 0 0 0 0 0 0 0
0 0 0 0 0 0 0 0 78 90 77 58 0 0 0 0 0 0 0 0 0 0 0 0 0 0 0 0 0 0 0 63 27 52 62 62 33 33 57 57 57 0 0 0 0 0 0 0 0 0
0 0 0 0 0 0 0 0 78 90 77 58 58 0 0 0 0 0 0 0 0 0 0 0 0 0 0 0 0 0 0 63 27 52 62 62 33 37 37 56 57 0 0 0 0 0 0 0 0 0
0 0 0 0 0 0 0 0 78 90 77 77 58 0 0 0 0 0 0 0 0 0 0 0 0 0 0 0 0 0 0 63 27 52 62 62 33 37 15 15 57 0 0 0 0 0 0 0 0 0
0 0 0 0 0 0 0 0 78 90 72 77 100 0 0 0 0 0 0 0 0 0 0 0 0 0 0 0 0 0 0 63 27 52 62 33 33 37 15 95 95 0 0 0 0 0 0 0 0 0
0 0 0 0 0 0 0 0 78 78 72 68 100 0 0 0 0 0 0 0 0 0 0 0 0 0 0 0 0 0 0 63 27 52 33 33 37 37 15 86 86 0 0 0 0 0 0 0 0 0
0 0 0 0 0 0 0 0 0 78 54 68 100 100 100 100 100 100 100 100 0 0 0 0 0 0 0 0 0 0 0 63 27 52 33 37 37 8 8 8 86 0 0 0 0 0 0 0 0 0
0 0 0 0 0 0 0 0 0 88 54 68 68 68 68 68 68 68 68 100 100 100 0 63 63 63 63 63 0 0 0 63 27 52 52 52 11 11 66 8 86 0 0 0 0 0 0 0 0 0
0 0 0 0 0 0 0 0 0 88 54 54 54 54 54 54 54 54 68 68 68 100 0 63 96 96 96 63 63 63 63 63 27 52 97 97 97 99 66 8 86 86 86 86 86 86 86 86 0 0
0 0 0 0 0 0 0 0 0 88 88 88 88 88 88 88 88 54 54 54 68 100 63 63 96 24 27 27 27 27 27 27 27 52 97 66 66 66 66 8 70 70 70 70 70 70 70 86 0 0
0 0 0 0 0 0 0 0 0 0 0 0 0 0 0 0 88 88 88 54 68 64 64 64 64 24 52 52 52 52 52 52 52 52 97 66 8 8 8 8 70 17 17 17 17 17 17 43 0 0
0 0 0 0 0 0 0 0 0 0 0 0 0 0 0 0 79 79 54 54 68 75 75 75 24 24 52 97 97 97 97 97 97 97 97 66 8 70 70 70 70 17 43 43 43 43 43 43 0 0
0 0 0 0 0 0 0 0 0 0 0 0 0 0 0 0 79 3 3 68 68 68 83 36 36 36 36 97 49 49 49 66 66 66 66 66 8 70 17 17 17 17 43 0 0 0 0 0 0 0
0 0 0 0 0 0 0 0 0 0 0 0 0 0 0 0 79 3 25 68 6 35 83 81 81 81 81 81 49 76 8 8 8 8 8 8 8 70 17 43 43 43 43 0 0 0 0 0 0 0
0 0 0 0 0 0 0 0 0 0 0 0 0 0 0 0 79 3 48 68 68 35 83 81 59 59 59 81 84 76 70 70 70 70 70 70 70 70 17 43 0 0 0 0 0 0 0 0 0 0
0 0 0 0 0 0 0 0 0 0 0 0 0 0 79 79 79 3 48 4 4 35 35 35 59 93 60 60 84 76 76 76 17 17 17 17 17 17 17 43 0 0 0 0 0 0 0 0 0 0
0 0 0 0 0 0 0 0 0 0 0 0 0 0 79 3 3 3 48 4 47 47 47 47 59 59 32 84 84 94 23 43 43 43 43 43 43 43 43 43 0 0 0 0 0 0 0 0 0 0
0 0 0 0 0 0 0 0 0 0 0 0 0 0 79 3 19 74 48 4 12 73 73 73 73 32 32 29 84 94 0 0 0 0 0 0 0 0 0 0 0 0 0 0 0 0 0 0 0 0
0 0 0 0 0 0 0 0 0 0 0 0 0 0 79 3 19 14 48 21 12 73 26 26 53 32 29 29 84 94 0 0 0 0 0 0 0 0 0 0 0 0 0 0 0 0 0 0 0 0
0 0 0 0 0 0 0 0 0 0 0 0 0 0 79 3 9 14 14 21 22 73 26 26 31 32 29 42 84 94 0 0 0 0 0 0 0 0 0 0 0 0 0 0 0 0 0 0 0 0
0 0 0 0 0 0 0 0 0 0 0 0 0 0 79 67 9 9 14 22 22 20 26 26 31 32 29 42 41 94 0 0 0 0 0 0 0 0 0 0 0 0 0 0 0 0 0 0 0 0
0 0 0 0 0 0 0 0 0 0 0 87 79 79 79 67 67 9 22 22 20 20 26 26 31 32 29 42 39 94 0 0 0 0 0 0 0 0 0 0 0 0 0 0 0 0 0 0 0 0
0 0 0 0 0 0 0 0 0 0 0 87 85 67 67 67 2 2 2 20 20 61 26 26 31 32 29 42 39 92 92 92 0 0 0 0 0 0 0 0 0 0 0 0 0 0 0 0 0 0
0 0 0 0 0 0 0 0 0 0 0 87 5 5 2 2 2 82 30 30 61 61 46 31 31 32 29 42 39 39 39 92 0 0 0 0 0 0 0 0 0 0 0 0 0 0 0 0 0 0
0 0 0 0 0 0 0 0 0 98 98 98 98 45 45 82 82 82 61 61 61 50 46 34 71 32 29 42 42 42 39 92 0 0 0 0 0 0 0 0 0 0 0 0 0 0 0 0 0 0
0 0 0 0 0 0 0 0 98 98 45 45 45 45 82 82 61 61 61 50 50 50 46 34 71 91 29 42 34 42 39 89 0 0 0 0 0 0 0 0 0 0 0 0 0 0 0 0 0 0
0 0 0 0 0 0 0 0 98 45 45 82 82 82 82 61 61 50 50 50 0 0 46 34 71 71 71 42 34 42 10 10 16 0 0 0 0 0 0 0 0 0 0 0 0 0 0 0 0 0
0 0 0 0 0 0 0 0 98 45 82 82 61 61 61 61 50 50 0 0 0 0 65 34 34 34 34 34 34 18 10 0 0 0 0 0 0 0 0 0 0 0 0 0 0 0 0 0 0 0
0 0 0 0 0 0 0 0 98 45 82 61 61 50 50 50 50 0 0 0 0 0 65 65 65 65 65 65 65 65 10 0 0 0 0 0 0 0 0 0 0 0 0 0 0 0 0 0 0 0
0 0 0 0 0 0 0 0 98 45 82 82 50 50 0 0 0 0 0 0 0 0 0 0 0 0 0 0 0 55 55 0 0 0 0 0 0 0 0 0 0 0 0 0 0 0 0 0 0 0
0 0 0 0 0 0 0 0 98 45 45 82 50 0 0 0 0 0 0 0 0 0 0 0 0 0 0 0 0 0 0 0 0 0 0 0 0 0 0 0 0 0 0 0 0 0 0 0 0 0
0 0 0 0 0 0 98 98 98 98 45 82 50 0 0 0 0 0 0 0 0 0 0 0 0 0 0 0 0 0 0 0 0 0 0 0 0 0 0 0 0 0 0 0 0 0 0 0 0 0
0 0 0 0 0 0 98 45 45 45 45 82 50 0 0 0 0 0 0 0 0 0 0 0 0 0 0 0 0 0 0 0 0 0 0 0 0 0 0 0 0 0 0 0 0 0 0 0 0 0
0 0 0 0 0 0 98 45 1 1 1 82 50 0 0 0 0 0 0 0 0 0 0 0 0 0 0 0 0 0 0 0 0 0 0 0 0 0 0 0 0 0 0 0 0 0 0 0 0 0
0 0 0 0 0 69 98 45 1 7 28 82 50 0 0 0 0 0 0 0 0 0 0 0 0 0 0 0 0 0 0 0 0 0 0 0 0 0 0 0 0 0 0 0 0 0 0 0 0 0
0 0 0 0 0 0 98 38 1 7 7 7 50 0 0 0 0 0 0 0 0 0 0 0 0 0 0 0 0 0 0 0 0 0 0 0 0 0 0 0 0 0 0 0 0 0 0 0 0 0
0 0 0 0 0 0 98 40 40 40 0 0 0 0 0 0 0 0 0 0 0 0 0 0 0 0 0 0 0 0 0 0 0 0 0 0 0 0 0 0 0 0 0 0 0 0 0 0 0 0
0 0 0 0 0 0 0 0 0 0 0 0 0 0 0 0 0 0 0 0 0 0 0 0 0 0 0 0 0 0 0 0 0 0 0 0 0 0 0 0 0 0 0 0 0 0 0 0 0 0
0 0 0 0 0 0 0 0 0 0 0 0 0 0 0 0 0 0 0 0 0 0 0 0 0 0 0 0 0 0 0 0 0 0 0 0 0 0 0 0 0 0 0 0 0 0 0 0 0 0
0 0 0 0 0 0 0 0 0 0 0 0 0 0 0 0 0 0 0 0 0 0 0 0 0 0 0 0 0 0 0 0 0 0 0 0 0 0 0 0 0 0 0 0 0 0 0 0 0 0
0 0 0 0 0 0 0 0 0 0 0 0 0 0 0 0 0 0 0 0 0 0 0 0 0 0 0 0 0 0 0 0 0 0 0 0 0 0 0 0 0 0 0 0 0 0 0 0 0 0
