0 0 0 0 0 0 0 0 0 0 0 0 0 0 0 0 0 0 0 0 0 0 0 0 0 0 0 0 0 0 0 0 0 0 0 0 0 0 0 0 0 0 0 0 0 0 0 0 0 0
0 0 0 0 0 0 0 0 0 0 0 0 0 0 0 0 0 0 0 0 0 0 0 0 0 0 0 0 0 0 0 0 0 0 0 0 0 0 0 0 0 0 0 0 0 0 0 0 0 0
0 0 0 0 0 0 0 0 0 0 0 0 0 0 0 0 0 0 0 0 0 0 0 0 0 0 0 0 0 0 0 0 0 0 0 0 0 0 0 0 0 0 0 0 0 0 0 0 0 0
0 0 0 0 0 0 0 0 0 0 0 0 0 0 0 0 0 0 0 0 0 0 0 0 0 0 0 0 0 0 0 0 0 0 0 0 0 0 0 0 0 0 0 0 0 0 0 0 0 0
0 0 0 0 0 0 0 0 0 0 0 0 0 0 0 0 0 0 0 0 0 0 0 0 0 0 0 0 0 0 0 0 0 0 0 0 0 0 0 0 0 0 0 0 0 0 0 0 0 0
0 0 0 0 0 0 0 0 0 0 0 0 0 0 0 0 0 0 0 0 0 0 0 0 0 0 0 0 0 0 0 0 0 0 0 0 0 0 0 0 0 0 0 0 0 0 0 0 0 0
0 0 0 0 0 0 0 0 0 0 0 0 0 0 0 0 0 0 0 0 0 0 0 0 0 0 0 0 0 0 0 0 0 0 0 0 0 0 0 0 0 0 0 0 0 0 0 0 0 0
0 0 0 0 0 0 0 0 0 0 0 0 0 0 0 0 0 0 0 0 0 0 0 0 0 0 0 0 0 0 0 0 0 0 0 0 0 0 0 0 0 0 0 0 0 0 0 0 0 0
0 0 0 0 0 0 0 0 0 0 0 0 0 0 0 0 0 0 0 0 0 0 0 0 0 0 0 0 0 0 0 0 0 0 0 0 0 0 0 0 0 0 0 0 0 0 0 0 0 0
0 0 0 0 0 0 0 0 0 0 0 0 0 0 0 0 0 0 0 0 0 0 0 0 0 0 0 0 0 0 0 0 0 0 0 0 0 0 0 0 0 0 0 0 0 0 0 0 0 0
0 0 0 0 0 0 0 0 0 0 0 0 0 0 0 0 0 0 0 0 0 0 0 0 0 0 0 0 0 0 0 0 0 0 0 0 0 0 0 0 0 0 0 0 0 0 0 0 0 0
0 0 0 0 0 0 0 0 0 0 0 0 0 0 0 0 0 0 0 0 0 0 0 0 0 0 0 0 0 0 0 0 0 0 0 0 0 0 0 0 0 0 0 0 0 0 0 0 0 0
0 0 0 0 0 0 0 0 0 0 0 0 0 0 0 0 0 0 0 0 0 0 0 0 0 0 0 0 0 0 0 0 0 0 0 0 0 0 0 0 0 0 0 0 0 0 0 0 0 0
0 0 0 0 0 0 0 0 0 0 0 0 0 0 0 0 0 0 85 0 0 0 0 0 0 0 0 43 43 43 8 8 8 0 0 0 0 0 0 0 0 0 0 0 0 0 0 0 0 0
0 0 0 0 0 0 0 0 0 0 0 0 0 0 0 0 0 0 4 4 4 18 18 18 0 0 0 43 46 63 63 63 8 83 83 0 0 0 0 0 0 0 0 0 0 0 0 0 0 0
0 0 0 0 0 0 0 0 0 0 0 0 0 0 0 0 0 0 35 4 4 59 14 18 18 18 18 18 46 37 54 63 63 63 56 56 56 0 0 0 0 0 0 0 0 0 0 0 0 0
0 0 0 0 0 0 0 0 0 0 0 0 0 0 0 0 0 17 35 61 79 79 14 46 46 46 46 18 46 25 25 25 25 25 25 40 56 49 49 49 49 49 49 49 49 0 0 0 0 0
0 0 0 0 0 0 0 0 0 0 0 0 0 0 0 0 0 17 62 62 62 79 67 67 67 67 46 18 46 25 87 87 87 3 86 40 56 75 75 75 75 75 75 75 49 0 0 0 0 0
0 0 0 0 0 0 0 0 0 0 0 0 0 0 0 0 0 0 0 0 62 79 71 100 100 67 46 46 46 25 87 60 60 60 86 40 56 40 40 40 40 40 40 75 49 0 0 0 0 0
0 0 0 0 0 0 0 0 0 0 0 0 0 0 0 0 0 0 0 0 62 79 71 81 58 67 46 46 25 25 87 60 5 5 5 40 40 40 5 5 5 5 40 75 49 0 0 0 0 0
0 0 0 0 0 0 0 0 0 0 0 0 0 0 0 0 0 0 0 0 62 79 79 81 57 67 26 25 25 87 87 60 5 1 5 5 5 5 5 1 1 1 75 75 49 0 0 0 0 0
0 0 0 0 0 0 0 0 0 0 0 0 0 0 0 62 62 62 62 62 62 62 79 42 57 67 87 87 87 87 60 60 5 1 1 1 1 1 1 1 39 39 39 49 49 0 0 0 0 0
0 0 0 0 0 0 0 0 19 19 7 7 0 0 0 62 41 41 41 41 41 41 41 42 57 51 87 60 60 60 60 5 5 1 1 1 1 1 1 1 1 39 39 0 0 0 0 0 0 0
0 0 0 0 0 0 0 0 19 22 22 62 62 62 62 62 41 55 55 55 55 55 55 42 57 51 77 60 97 5 5 5 5 5 5 5 5 5 5 5 1 1 39 39 0 0 0 0 0 0
0 0 0 0 0 0 0 19 19 22 48 48 41 41 41 41 41 55 91 91 91 91 55 42 57 57 77 90 97 99 99 99 99 99 99 99 99 99 99 5 5 5 99 39 0 0 0 0 0 0
0 0 0 0 0 0 0 19 22 22 48 91 55 55 55 55 55 55 91 91 91 91 55 94 94 74 74 90 97 73 39 39 39 39 39 39 39 39 99 99 99 99 99 39 0 0 0 0 0 0
0 0 0 0 0 0 0 19 2 95 48 91 91 91 91 91 91 91 91 91 91 91 55 55 32 32 31 90 97 73 73 0 0 0 0 0 0 39 39 39 39 39 39 39 0 0 0 0 0 0
0 0 0 0 0 0 0 19 34 95 48 48 48 48 48 48 48 48 48 91 91 91 91 36 36 32 31 93 97 97 73 0 0 0 0 0 0 0 0 0 0 0 0 0 0 0 0 0 0 0
0 0 0 0 0 0 0 19 34 91 91 91 91 91 91 91 91 91 91 91 30 30 30 30 36 32 44 93 93 97 73 73 0 0 0 0 0 0 0 0 0 0 0 0 0 0 0 0 0 0
0 0 0 0 0 0 0 19 38 38 38 38 38 38 38 38 38 38 38 38 30 6 6 6 6 6 44 98 93 97 97 73 0 0 0 0 0 0 0 0 0 0 0 0 0 0 0 0 0 0
0 0 0 0 0 0 0 19 19 19 19 19 19 19 19 19 38 38 38 30 30 6 21 21 21 21 21 98 93 93 97 73 73 73 73 73 73 0 0 0 0 0 0 0 0 0 0 0 0 0
0 0 0 0 0 0 0 0 0 0 0 0 0 19 19 19 38 30 30 30 6 6 21 98 98 98 98 98 89 93 97 97 97 97 97 97 73 0 0 0 0 0 0 0 0 0 0 0 0 0
0 0 0 0 0 0 0 0 0 0 0 0 19 19 38 38 38 30 6 6 6 21 21 98 89 89 89 89 89 93 93 93 93 93 15 97 73 64 0 0 0 0 0 0 0 64 64 64 0 0
0 0 0 0 0 0 0 0 0 0 0 0 19 38 38 30 30 30 6 21 21 21 98 98 98 89 53 53 89 89 16 20 20 33 97 97 27 64 64 64 0 0 0 64 64 64 12 64 64 0
0 0 0 0 0 0 0 0 0 0 0 0 19 38 30 30 6 6 6 21 98 98 98 66 98 89 53 53 53 89 16 20 92 33 27 27 27 68 68 64 64 0 64 64 12 12 12 12 64 64
0 0 0 0 0 0 0 0 0 0 19 19 19 38 30 6 6 21 21 21 98 66 66 66 98 89 53 0 53 89 16 20 92 92 92 92 92 92 68 68 64 64 64 12 12 12 12 12 12 64
0 0 0 0 0 0 0 0 0 0 19 84 52 38 30 6 21 21 98 98 98 66 66 66 98 89 53 0 53 89 16 20 20 20 47 47 47 92 92 68 64 12 12 12 12 12 12 12 12 64
0 0 0 0 0 0 0 0 0 0 19 84 28 28 30 6 21 98 98 66 66 66 66 98 98 89 53 0 53 89 16 16 16 13 47 89 47 47 92 68 64 64 12 12 12 12 12 12 23 0
0 0 0 0 0 0 0 0 0 0 19 84 78 28 30 6 21 98 66 66 0 0 66 98 89 89 53 0 53 89 89 89 47 47 47 89 89 47 92 68 68 23 23 12 12 12 23 23 23 0
0 0 0 0 0 0 0 0 0 78 78 78 78 65 65 65 96 98 66 0 0 0 66 98 98 89 53 0 53 53 53 89 89 89 89 89 89 47 92 92 68 11 23 23 23 23 23 0 0 0
0 0 0 0 0 0 0 0 0 78 24 65 65 65 80 80 80 80 66 0 0 0 66 66 98 89 53 0 0 0 53 53 53 53 53 53 89 47 70 92 88 11 45 0 0 0 0 0 0 0
0 0 0 0 0 0 0 0 0 78 29 29 80 80 80 10 0 0 0 0 0 0 0 66 98 89 53 0 0 0 0 0 0 0 53 89 89 47 70 92 11 11 45 0 0 0 0 0 0 0
0 0 0 0 0 0 0 9 69 69 29 0 0 0 0 0 0 0 0 0 0 0 0 66 98 89 53 53 0 0 0 0 53 53 53 89 47 47 70 50 50 45 45 0 0 0 0 0 0 0
0 0 0 0 0 0 0 0 0 76 76 0 0 0 0 0 0 0 0 0 0 0 0 66 98 89 89 53 0 0 0 0 53 89 89 89 47 70 70 0 0 0 0 0 0 0 0 0 0 0
0 0 0 0 0 0 0 0 0 0 0 0 0 0 0 0 0 0 0 0 0 0 0 66 98 98 89 53 0 0 0 0 53 89 47 47 47 70 0 0 0 0 0 0 0 0 0 0 0 0
0 0 0 0 0 0 0 0 0 0 0 0 0 0 0 0 0 0 0 0 0 0 0 66 66 98 89 53 53 0 0 0 53 89 47 70 70 70 0 0 0 0 0 0 0 0 0 0 0 0
0 0 0 0 0 0 0 0 0 0 0 0 0 0 0 0 0 0 0 0 0 0 0 0 66 98 89 89 53 0 0 0 53 89 47 70 72 0 0 0 0 0 0 0 0 0 0 0 0 0
0 0 0 0 0 0 0 0 0 0 0 0 0 0 0 0 0 0 0 0 0 0 0 0 66 98 98 89 53 0 0 0 53 53 82 82 72 0 0 0 0 0 0 0 0 0 0 0 0 0
0 0 0 0 0 0 0 0 0 0 0 0 0 0 0 0 0 0 0 0 0 0 0 0 66 66 66 53 53 0 0 0 0 0 0 0 0 0 0 0 0 0 0 0 0 0 0 0 0 0
0 0 0 0 0 0 0 0 0 0 0 0 0 0 0 0 0 0 0 0 0 0 0 0 0 0 0 0 0 0 0 0 0 0 0 0 0 0 0 0 0 0 0 0 0 0 0 0 0 0
