0 0 0 0 0 0 0 0 0 0 0 0 0 0 0 0 0 0 0 0 0 0 0 0 0 0 0 0 0 0 0 0 0 0 0 0 0 0 0 0 0 0 0 0 0 0 0 0 0 0
0 0 0 0 0 0 0 0 0 0 0 0 0 0 0 0 0 0 0 0 0 0 0 0 0 0 0 0 0 0 0 0 0 0 0 0 0 0 0 0 0 0 0 0 0 0 0 0 0 0
0 0 0 0 0 0 0 0 0 0 0 0 0 0 0 0 0 0 0 0 0 0 0 0 0 0 0 0 0 0 0 0 0 0 0 0 0 0 0 0 0 0 0 0 0 0 0 0 0 0
0 0 0 0 0 0 0 0 0 0 0 0 0 0 0 0 0 0 0 0 0 0 0 0 0 0 0 0 0 0 0 0 0 0 0 0 0 0 0 0 0 0 0 0 0 0 0 0 0 0
0 0 0 0 0 0 0 0 0 0 0 0 0 0 0 0 0 0 0 0 0 0 0 0 0 0 0 40 40 40 0 0 0 0 0 0 0 0 0 0 0 0 0 0 0 0 0 0 0 0
0 0 0 0 0 0 0 0 0 0 0 0 0 0 0 0 0 0 0 0 0 0 0 0 0 0 0 40 51 40 0 0 0 0 0 0 0 0 0 0 0 0 0 0 0 0 0 0 0 0
0 0 0 0 0 0 0 0 0 0 0 0 0 0 0 0 0 0 0 0 0 0 0 0 0 0 0 40 85 85 85 85 0 0 0 0 0 0 0 0 0 0 0 0 0 0 0 0 0 0
0 0 0 0 0 0 0 0 0 0 0 0 0 0 0 0 0 0 0 0 0 0 0 0 0 0 0 40 40 40 40 85 0 0 0 0 0 0 0 0 0 0 0 0 0 0 0 0 0 0
0 0 0 0 0 0 0 0 0 0 0 0 0 0 0 0 0 0 0 0 0 0 0 0 0 0 0 0 0 0 40 85 0 0 0 0 0 0 0 0 0 0 0 0 0 0 0 0 0 0
0 0 0 0 0 0 0 0 0 0 0 0 0 0 0 0 0 0 0 0 0 0 0 0 0 0 0 0 0 0 40 85 85 0 0 0 50 59 59 59 47 47 36 0 0 0 0 0 0 0
0 0 0 0 0 0 0 0 0 0 0 0 0 0 0 0 0 0 0 0 0 0 0 0 0 0 0 0 0 40 40 40 85 25 25 25 50 26 26 26 26 71 36 0 0 0 0 0 0 0
0 0 0 0 0 0 0 0 0 0 0 0 0 0 0 0 0 0 0 0 0 0 0 0 0 0 0 0 0 40 85 85 85 56 56 50 50 26 73 73 73 73 36 0 0 0 0 0 0 0
0 0 0 0 0 0 0 0 0 0 0 0 0 0 0 0 0 0 0 0 0 0 0 0 0 0 0 0 0 40 85 28 28 28 26 26 26 26 73 0 0 0 0 0 0 0 0 0 0 0
0 0 0 0 0 0 0 0 0 0 0 0 0 0 0 0 0 0 0 0 0 0 0 0 0 0 0 0 0 40 85 28 97 97 97 97 97 73 73 0 0 0 0 0 0 0 0 0 0 0
0 0 0 0 0 0 0 0 0 0 0 0 0 0 0 0 0 0 0 0 0 0 0 0 0 0 0 0 0 40 85 28 97 97 28 28 97 73 0 0 0 0 0 0 0 0 0 0 0 0
0 0 0 0 0 0 0 0 0 0 0 0 0 0 0 0 0 96 0 0 0 0 0 0 0 0 0 0 0 40 85 28 28 97 28 70 58 73 0 0 0 0 0 0 0 0 0 0 0 0
0 0 0 0 0 0 0 0 0 0 0 0 0 0 0 0 0 82 82 0 0 0 18 18 18 18 0 0 0 40 85 85 28 97 28 70 68 73 0 0 0 0 0 0 0 0 0 0 0 0
0 0 0 0 0 0 0 0 0 0 0 0 0 0 0 0 0 92 37 37 37 37 18 2 65 40 0 0 0 40 85 28 28 28 28 70 68 83 0 0 0 0 0 0 0 0 0 0 0 0
0 0 0 0 0 0 0 0 0 0 0 0 0 0 0 0 0 92 88 88 11 37 18 2 53 40 40 40 40 40 85 28 70 70 70 70 45 83 0 0 0 0 0 0 0 0 0 0 0 0
0 0 0 0 0 0 0 0 0 0 0 0 0 0 0 0 0 92 92 100 11 18 18 2 53 85 85 85 85 85 85 28 70 45 45 45 45 83 0 0 0 0 0 0 0 0 0 0 0 0
0 0 0 0 0 0 0 0 0 0 0 0 0 0 0 0 0 0 1 100 54 54 18 2 53 85 28 28 28 28 28 28 70 45 83 83 83 83 0 0 0 0 0 0 0 0 0 0 0 0
0 0 0 0 0 0 0 0 0 0 0 0 0 0 0 0 0 0 1 79 79 54 54 2 53 28 28 70 70 70 70 70 70 45 83 0 0 0 0 0 0 0 0 0 0 0 0 0 0 0
0 0 0 0 0 0 0 0 0 0 0 0 0 0 0 0 0 0 1 60 79 79 54 54 53 43 43 43 19 19 34 45 45 45 83 0 0 0 0 0 0 0 0 0 0 0 0 0 0 0
0 0 0 0 0 0 0 0 0 0 0 0 0 0 0 0 0 16 16 60 20 69 69 69 69 43 21 95 95 57 34 45 83 83 83 0 0 0 0 0 0 0 0 0 0 0 0 0 0 0
0 0 0 0 0 0 0 0 0 0 0 0 0 0 0 0 0 16 55 55 20 69 93 93 93 93 93 93 95 57 34 45 76 4 0 0 0 0 0 0 0 0 0 0 0 0 0 0 0 0
0 0 0 0 0 0 0 0 0 0 0 0 0 0 0 0 0 16 46 23 20 69 93 87 30 30 30 30 95 57 34 86 86 4 4 0 0 0 0 0 0 0 0 0 0 0 0 0 0 0
0 0 0 0 0 0 0 0 0 0 0 0 0 0 0 0 0 0 0 23 62 69 93 87 81 74 74 17 17 57 33 33 86 42 4 0 0 0 0 0 0 0 0 0 0 0 0 0 0 0
0 0 0 0 0 0 0 0 0 0 0 0 0 0 0 0 23 23 23 23 62 31 93 87 81 75 74 74 17 14 14 33 3 42 4 0 0 0 0 0 0 0 0 0 0 0 0 0 0 0
0 0 0 0 0 0 0 0 0 0 0 0 0 0 0 23 23 62 62 62 62 93 93 87 81 75 0 74 63 63 14 89 3 42 4 0 0 0 0 0 0 41 0 0 0 0 0 0 0 0
0 0 0 0 0 0 0 0 0 0 0 0 0 0 0 23 48 48 93 93 93 93 87 87 81 75 0 9 9 63 14 89 3 42 4 4 4 4 4 4 4 4 0 0 0 0 0 0 0 0
0 0 0 0 0 0 0 0 0 0 0 0 0 0 0 23 48 87 80 87 87 87 87 81 81 75 0 0 9 63 14 89 3 42 42 42 42 42 42 6 6 6 0 0 0 0 0 0 0 0
0 0 0 0 0 0 0 0 0 0 0 0 23 23 23 23 48 87 87 87 81 81 81 81 75 75 0 0 9 63 14 89 3 3 3 3 3 3 42 42 42 98 0 0 0 0 0 0 0 0
0 0 0 0 0 0 0 0 0 0 0 0 23 27 27 27 48 81 87 87 81 81 75 75 75 0 0 0 9 63 14 89 89 89 89 89 89 3 3 3 13 98 0 0 0 0 0 0 0 0
0 0 0 0 0 0 0 0 0 0 0 23 23 27 90 35 35 81 87 22 87 81 75 0 0 0 0 0 9 63 14 14 14 14 14 14 89 3 15 3 13 98 98 98 0 0 0 0 0 0
0 0 0 0 0 0 38 23 23 23 23 23 27 27 90 90 35 81 87 87 87 81 75 0 0 0 0 0 9 63 63 63 63 63 63 14 89 89 89 3 13 13 13 98 0 0 0 0 0 0
0 0 0 0 0 0 38 12 27 27 27 27 27 90 90 90 35 81 81 81 81 81 75 0 0 0 0 0 9 9 9 9 9 63 91 14 44 44 5 3 3 3 13 98 98 0 0 0 0 0
0 0 0 0 0 0 38 38 94 94 94 94 29 90 39 35 35 99 99 99 99 75 75 0 0 0 0 0 0 0 0 0 9 63 63 44 44 44 5 5 5 3 13 13 98 98 0 0 0 0
0 0 0 0 0 0 0 38 38 38 38 72 29 90 39 35 77 77 77 77 99 75 0 0 0 0 0 0 0 0 0 0 9 9 9 9 49 44 44 44 5 3 3 13 13 98 98 98 98 98
0 0 0 0 0 0 0 32 32 32 38 29 29 90 39 35 77 77 77 77 99 75 0 0 0 0 0 0 0 0 0 0 0 0 0 0 49 49 49 44 5 5 3 3 13 64 98 64 64 98
0 0 0 0 0 0 0 61 29 29 29 29 90 90 39 35 35 77 77 77 99 75 0 0 0 0 0 0 0 0 0 0 0 0 0 0 0 0 49 44 44 5 5 3 67 64 64 64 67 10
0 0 0 0 0 0 0 61 7 90 90 90 90 39 39 39 35 77 77 77 99 75 0 0 0 0 0 0 0 0 0 0 0 0 0 0 0 0 49 49 44 44 44 52 67 67 64 64 67 0
0 0 0 0 0 0 0 84 7 90 39 39 39 39 0 39 35 77 77 99 99 75 0 0 0 0 0 0 0 0 0 0 0 0 0 0 0 0 0 49 49 49 49 52 66 67 67 67 67 0
0 0 0 0 0 0 0 0 0 90 39 39 39 0 0 39 35 77 77 99 75 75 0 0 0 0 0 0 0 0 0 0 0 0 0 0 0 0 0 0 0 0 8 8 8 8 0 0 0 0
0 0 0 0 0 0 0 0 0 90 90 90 39 0 0 39 35 77 77 99 75 0 0 0 0 0 0 0 0 0 0 0 0 0 0 0 0 0 0 0 0 0 0 0 0 0 0 0 0 0
0 0 0 0 0 0 0 0 0 0 0 90 39 39 0 39 35 77 78 75 75 0 0 0 0 0 0 0 0 0 0 0 0 0 0 0 0 0 0 0 0 0 0 0 0 0 0 0 0 0
0 0 0 0 0 0 0 0 0 0 0 90 24 39 0 39 39 78 78 0 0 0 0 0 0 0 0 0 0 0 0 0 0 0 0 0 0 0 0 0 0 0 0 0 0 0 0 0 0 0
0 0 0 0 0 0 0 0 0 0 0 0 39 39 0 0 0 0 0 0 0 0 0 0 0 0 0 0 0 0 0 0 0 0 0 0 0 0 0 0 0 0 0 0 0 0 0 0 0 0
0 0 0 0 0 0 0 0 0 0 0 0 0 0 0 0 0 0 0 0 0 0 0 0 0 0 0 0 0 0 0 0 0 0 0 0 0 0 0 0 0 0 0 0 0 0 0 0 0 0
0 0 0 0 0 0 0 0 0 0 0 0 0 0 0 0 0 0 0 0 0 0 0 0 0 0 0 0 0 0 0 0 0 0 0 0 0 0 0 0 0 0 0 0 0 0 0 0 0 0
0 0 0 0 0 0 0 0 0 0 0 0 0 0 0 0 0 0 0 0 0 0 0 0 0 0 0 0 0 0 0 0 0 0 0 0 0 0 0 0 0 0 0 0 0 0 0 0 0 0
