0 0 0 0 0 0 0 0 0 0 0 0 0 0 0 0 0 0 0 0 0 0 0 0 0 0 0 0 0 0 0 0 0 0 0 0 0 0 0 0 0 0 0 0 0 0 0 0 0 0
0 0 0 0 0 0 0 0 0 0 0 0 0 0 0 0 0 0 0 0 0 0 0 0 0 0 0 0 0 0 0 0 0 0 0 0 0 0 0 0 0 0 0 0 0 0 0 0 0 0
0 0 0 0 0 0 0 0 0 0 0 0 0 0 0 0 0 0 0 0 0 0 0 0 0 0 0 0 0 0 0 0 0 0 0 0 0 0 0 0 0 0 0 0 0 0 0 0 0 0
0 0 0 0 0 0 0 0 0 0 0 0 0 0 0 0 0 0 0 0 0 0 0 0 0 0 0 0 0 0 0 0 0 0 0 0 0 0 0 0 0 0 0 0 0 0 0 0 0 0
0 0 0 87 90 90 0 0 0 0 0 0 0 0 0 0 0 0 0 0 0 0 0 0 0 0 0 0 0 0 0 0 0 0 0 0 0 0 0 0 0 0 0 0 0 0 0 0 0 0
0 0 0 87 60 88 0 0 0 0 0 0 0 0 0 0 0 0 0 0 0 0 0 0 0 0 0 0 0 0 0 0 0 0 0 0 0 0 0 0 0 0 0 0 0 0 0 0 0 0
0 0 0 87 87 88 88 0 0 0 0 0 0 0 0 0 0 0 0 0 0 0 0 0 0 0 0 0 0 0 0 0 0 0 0 0 0 0 0 0 0 0 99 99 0 0 0 0 0 0
0 0 0 0 87 87 88 0 0 0 0 0 0 0 0 0 0 0 0 0 0 0 0 0 0 0 0 0 0 0 0 0 0 0 0 0 70 70 70 70 70 31 31 66 66 15 0 0 0 0
0 0 0 0 0 87 88 0 0 0 0 0 0 0 0 0 0 0 0 0 0 0 0 0 0 0 0 0 0 0 0 0 0 0 0 0 70 42 42 42 42 42 31 31 54 15 0 0 0 0
0 0 0 0 0 87 88 88 88 88 88 0 0 0 0 0 0 0 0 0 0 0 0 0 0 0 0 0 0 0 0 0 0 0 0 70 70 42 30 30 30 42 42 42 54 15 0 0 0 0
0 0 0 0 0 87 87 87 87 87 88 0 0 0 85 85 50 50 50 50 50 0 0 0 0 0 0 0 0 0 0 0 0 0 70 70 42 42 30 3 30 30 30 30 15 15 0 0 0 0
0 0 0 0 0 0 0 0 0 87 88 88 88 88 88 32 32 32 32 32 50 50 0 0 0 0 0 0 0 0 0 0 0 0 70 42 42 30 30 3 94 94 94 94 94 0 0 0 0 0
0 0 0 0 0 0 0 0 0 87 87 87 87 9 78 78 78 78 78 47 47 50 0 0 0 0 0 0 0 0 18 70 70 70 70 42 30 30 3 3 94 0 0 0 0 0 0 0 0 0
0 0 0 0 0 0 0 0 0 0 0 0 87 9 24 24 24 24 24 24 47 50 0 0 0 0 0 0 35 35 35 35 74 42 42 42 30 3 3 94 94 0 0 0 0 0 0 0 0 0
0 0 0 0 0 0 0 0 0 0 0 0 87 9 65 55 55 55 55 24 47 50 0 0 0 0 0 0 35 6 6 6 74 72 30 30 30 3 94 94 0 0 0 0 0 0 0 0 0 0
0 0 0 0 0 0 0 0 0 0 0 0 87 55 55 55 0 0 55 24 47 50 0 0 0 0 0 0 35 6 95 95 95 72 3 3 3 3 94 0 0 0 0 0 61 61 0 0 0 0
0 0 0 0 0 0 0 0 0 0 0 0 0 0 0 0 0 0 55 24 47 50 0 0 0 0 35 35 35 6 89 13 95 72 3 94 94 94 94 0 3 3 3 3 73 61 0 0 0 0
0 0 0 0 0 0 0 0 0 0 0 0 0 0 0 0 0 0 55 24 47 50 0 0 35 35 35 6 6 6 89 80 95 72 3 3 3 3 3 3 3 61 61 53 73 61 0 0 0 0
0 0 0 0 0 0 0 0 0 0 0 0 0 0 0 0 0 0 55 24 47 50 50 50 35 6 6 6 89 89 89 80 72 72 3 61 61 61 61 61 61 61 61 61 61 61 0 0 0 0
0 0 0 0 0 0 0 0 0 0 0 0 0 0 0 0 0 0 55 24 47 47 47 50 35 6 89 89 89 80 80 80 72 3 3 61 0 0 0 0 0 0 0 0 0 0 0 0 0 0
0 0 0 0 0 0 0 0 0 0 0 0 0 0 0 0 0 0 55 24 24 24 47 50 6 6 89 80 80 80 72 72 72 3 61 61 0 0 0 0 0 0 0 0 0 0 0 0 0 0
0 0 0 0 0 0 0 0 0 0 0 0 0 0 0 0 0 0 77 77 77 24 47 47 6 89 89 62 36 98 72 3 3 3 61 0 0 0 0 0 0 0 0 0 0 0 0 0 0 0
0 0 0 0 0 0 0 0 0 0 0 0 0 0 0 0 0 0 86 86 68 24 2 47 47 89 62 62 11 98 72 3 3 76 61 0 0 0 0 0 0 0 0 0 0 0 0 0 0 0
0 0 0 0 0 0 0 0 0 0 0 0 0 0 0 0 0 86 86 68 68 2 2 1 1 1 62 11 11 8 72 8 58 76 0 0 0 0 0 0 0 0 0 0 0 0 0 0 0 0
0 0 0 0 0 0 0 0 0 0 0 0 0 0 86 86 86 86 68 68 2 2 16 1 28 62 62 11 11 8 8 8 76 76 0 0 0 0 0 0 0 0 0 0 0 0 0 0 0 0
0 0 0 0 0 0 0 0 0 0 0 0 0 0 86 68 68 68 68 2 2 16 16 64 28 21 21 21 11 8 97 76 76 7 0 0 0 0 0 0 0 0 0 0 0 0 0 0 0 0
0 0 0 0 0 0 0 0 0 0 0 0 86 86 86 68 2 2 2 2 75 16 21 21 21 21 57 81 11 10 97 97 97 7 0 0 0 0 0 0 0 0 0 0 0 0 0 0 0 0
0 0 0 0 0 0 0 0 0 0 0 86 86 68 68 68 2 22 22 22 22 16 91 57 57 57 57 81 83 10 10 10 97 7 0 0 0 0 0 0 0 0 0 0 0 0 0 0 0 0
0 0 0 0 0 0 0 0 86 86 86 86 68 68 2 2 2 22 100 100 22 22 91 100 67 17 57 81 83 83 83 40 97 7 39 0 0 0 0 0 0 0 0 0 0 0 0 0 0 0
0 0 0 0 0 0 0 0 86 68 68 68 68 2 2 22 22 22 100 100 100 100 100 100 67 17 57 81 81 81 51 40 19 7 14 14 0 0 0 0 0 0 0 0 0 0 0 0 0 0
0 0 0 0 0 0 0 0 86 68 2 2 2 2 22 22 100 100 100 67 67 67 67 67 67 17 57 57 57 43 51 40 19 19 19 23 23 0 0 0 0 0 0 0 0 0 0 0 0 0
0 0 0 0 0 0 0 0 86 68 2 22 22 22 22 48 100 67 67 67 63 63 63 63 63 17 4 4 57 33 33 40 79 79 79 79 23 23 23 0 0 0 0 0 0 0 0 0 0 0
0 0 0 0 0 0 0 0 86 68 68 48 48 48 48 48 26 67 63 63 63 0 0 0 0 0 0 4 27 27 33 12 12 71 93 79 79 79 23 0 0 0 0 0 0 0 0 0 0 0
0 0 0 0 0 0 0 0 86 86 68 68 68 26 26 26 26 44 63 0 0 0 0 0 0 0 0 4 4 27 33 92 59 71 93 93 93 79 23 0 0 0 0 0 0 0 0 0 0 0
0 0 0 0 0 0 0 82 82 82 82 68 68 26 44 44 44 44 63 0 0 0 0 0 0 0 0 0 4 27 59 59 59 71 93 41 93 79 23 0 0 0 0 0 0 0 0 0 0 0
0 0 0 0 0 0 46 82 68 68 68 68 26 26 44 63 63 63 63 0 0 0 0 0 0 0 0 0 4 52 52 59 71 71 93 41 93 79 23 0 0 0 0 0 0 0 0 0 0 0
0 0 0 0 0 0 46 45 26 26 26 26 26 44 44 63 0 0 0 0 0 0 0 0 0 0 0 0 41 41 52 59 71 93 93 41 93 79 23 23 23 23 0 0 0 0 0 0 0 0
0 0 0 0 0 0 46 45 84 44 44 44 44 44 63 63 0 0 0 0 0 0 0 0 0 0 0 0 0 41 52 59 71 93 41 41 93 79 79 79 29 49 0 0 0 0 0 0 0 0
0 0 0 0 0 0 46 45 84 44 63 63 63 63 63 0 0 0 0 0 0 0 0 0 0 0 0 0 0 41 52 59 71 93 41 41 93 93 93 56 56 49 0 0 0 0 0 0 0 0
0 0 0 0 0 46 46 45 84 44 63 0 0 0 0 0 0 0 0 0 0 0 0 0 0 0 0 0 0 41 52 59 5 93 41 41 20 41 0 0 56 49 0 0 0 0 0 0 0 0
0 0 0 0 46 46 45 45 84 44 63 0 0 0 0 0 0 0 0 0 0 0 0 0 0 0 0 0 0 41 52 59 59 93 41 41 41 41 0 0 56 49 49 49 69 0 0 0 0 0
0 0 0 0 46 25 45 84 84 44 63 0 0 0 0 0 0 0 0 0 0 0 0 0 0 0 0 0 0 41 52 52 59 93 41 0 0 0 0 0 56 56 56 37 37 0 0 0 0 0
0 0 0 0 46 25 38 44 44 44 63 0 0 0 0 0 0 0 0 0 0 0 0 0 0 0 0 0 0 41 41 52 59 93 41 0 0 0 0 0 0 0 34 34 0 0 0 0 0 0
0 0 0 0 46 96 96 96 63 63 63 0 0 0 0 0 0 0 0 0 0 0 0 0 0 0 0 0 0 0 41 41 93 93 41 0 0 0 0 0 0 0 0 0 0 0 0 0 0 0
0 0 0 0 0 0 0 0 0 0 0 0 0 0 0 0 0 0 0 0 0 0 0 0 0 0 0 0 0 0 0 41 41 41 41 0 0 0 0 0 0 0 0 0 0 0 0 0 0 0
0 0 0 0 0 0 0 0 0 0 0 0 0 0 0 0 0 0 0 0 0 0 0 0 0 0 0 0 0 0 0 0 0 0 0 0 0 0 0 0 0 0 0 0 0 0 0 0 0 0
0 0 0 0 0 0 0 0 0 0 0 0 0 0 0 0 0 0 0 0 0 0 0 0 0 0 0 0 0 0 0 0 0 0 0 0 0 0 0 0 0 0 0 0 0 0 0 0 0 0
0 0 0 0 0 0 0 0 0 0 0 0 0 0 0 0 0 0 0 0 0 0 0 0 0 0 0 0 0 0 0 0 0 0 0 0 0 0 0 0 0 0 0 0 0 0 0 0 0 0
0 0 0 0 0 0 0 0 0 0 0 0 0 0 0 0 0 0 0 0 0 0 0 0 0 0 0 0 0 0 0 0 0 0 0 0 0 0 0 0 0 0 0 0 0 0 0 0 0 0
0 0 0 0 0 0 0 0 0 0 0 0 0 0 0 0 0 0 0 0 0 0 0 0 0 0 0 0 0 0 0 0 0 0 0 0 0 0 0 0 0 0 0 0 0 0 0 0 0 0
