0 0 0 0 0 0 0 0 0 0 0 0 0 0 0 0 0 0 0 0 0 0 0 0 0 0 0 0 0 0 0 0 0 0 0 0 0 0 0 0 0 0 0 0 0 0 0 0 0 0
0 0 0 0 0 0 0 0 0 0 0 0 0 0 0 0 0 0 0 0 0 0 0 0 0 0 0 0 0 0 0 0 0 0 0 0 0 0 0 0 0 0 0 0 0 0 0 0 0 0
0 0 0 0 0 0 0 0 0 0 0 0 0 0 0 0 0 0 0 0 0 0 0 0 0 0 0 0 0 0 0 0 0 0 0 0 0 0 0 0 0 0 0 0 0 0 0 0 0 0
0 0 0 0 0 0 0 0 0 0 0 0 0 0 0 0 0 0 0 0 0 0 0 0 0 0 0 0 0 0 0 0 0 0 0 0 0 0 0 0 0 0 0 0 0 0 0 0 0 0
0 0 0 0 0 0 0 0 0 0 0 0 0 0 0 0 0 0 0 0 0 0 0 0 0 0 0 0 0 0 0 0 0 0 0 0 0 0 0 0 0 0 0 0 0 0 0 0 0 0
0 0 0 0 0 0 0 0 0 0 0 0 0 0 0 0 0 0 0 0 0 0 0 0 0 0 0 0 0 0 0 0 0 0 0 0 0 0 44 44 44 44 44 44 0 0 0 0 0 0
0 0 0 0 0 0 0 0 0 0 0 0 0 0 0 0 0 0 0 0 0 0 0 0 0 0 0 0 0 0 0 0 0 0 0 0 0 0 44 68 68 68 68 89 0 0 0 0 0 0
0 0 0 0 0 0 0 0 0 0 0 0 0 0 0 0 0 0 0 0 0 0 0 0 0 0 8 39 39 39 39 39 0 0 0 0 0 14 14 68 78 78 45 89 0 0 0 0 0 0
0 0 0 0 0 0 0 0 0 0 0 0 0 0 0 0 0 0 0 0 0 0 0 0 0 67 8 84 84 84 84 39 0 0 0 0 0 14 72 72 72 29 45 88 0 0 0 0 0 0
0 0 0 0 0 0 0 0 0 0 0 0 67 67 67 67 0 0 0 0 0 0 0 0 0 67 13 13 21 76 84 39 0 0 0 14 14 14 72 69 72 29 29 88 0 0 0 0 0 0
0 0 0 0 0 0 0 0 0 0 0 1 67 15 15 67 0 0 0 0 0 0 0 0 67 67 13 30 97 76 84 39 0 0 0 14 72 72 72 69 72 43 29 0 0 0 0 0 0 0
0 0 0 0 0 0 0 0 0 0 0 1 75 75 26 67 0 0 0 0 0 0 0 0 67 13 13 30 97 42 84 39 14 14 14 14 72 69 69 69 69 69 29 0 0 0 0 0 0 0
0 0 0 0 0 0 0 0 0 0 0 1 1 16 26 67 67 67 0 0 0 0 0 0 67 13 30 30 97 14 14 14 14 72 72 72 72 69 86 86 86 86 86 0 0 0 0 0 0 0
0 0 0 0 0 0 0 0 0 0 0 0 0 16 26 26 26 67 67 0 0 0 0 0 67 13 30 97 97 14 14 14 72 72 69 69 69 69 86 0 0 0 0 0 0 0 0 0 0 0
0 0 0 0 0 0 0 0 0 0 0 0 0 16 16 16 26 26 67 67 0 0 0 0 67 13 30 97 14 14 14 14 72 69 69 86 86 86 86 0 0 0 0 0 0 0 0 0 0 0
0 0 0 0 0 0 0 0 0 0 0 0 0 0 9 16 16 26 26 67 67 67 0 0 67 13 30 97 14 14 14 14 72 69 86 86 0 0 0 0 0 0 0 0 0 0 0 0 0 0
0 0 0 0 0 0 0 0 0 0 0 0 0 0 9 33 16 16 26 26 26 67 67 67 67 13 30 97 14 14 14 14 72 69 86 87 87 87 87 0 0 0 0 0 0 0 0 0 0 0
0 0 0 0 0 0 0 0 0 0 0 0 0 0 0 33 22 63 63 63 26 13 13 67 67 13 30 97 14 14 14 14 72 69 86 86 86 86 87 53 0 0 0 0 0 0 0 0 0 0
0 0 0 0 0 0 0 0 0 0 0 0 0 0 0 0 22 22 55 63 18 18 13 13 13 13 30 97 14 14 14 14 72 69 69 69 69 86 83 53 0 0 0 0 0 0 0 0 0 0
0 0 0 0 0 0 0 0 0 0 0 0 0 0 0 0 22 55 55 37 37 18 13 24 24 24 30 97 97 14 14 14 72 72 72 72 69 69 83 53 0 0 0 0 0 0 0 0 0 0
0 0 0 0 0 0 0 0 0 0 0 0 0 0 0 0 22 55 58 58 36 18 18 24 59 99 30 30 97 14 14 14 97 97 97 25 25 74 83 53 0 0 0 0 0 0 0 0 0 0
0 0 0 0 0 0 0 0 0 0 0 0 0 0 0 0 22 55 81 93 36 36 36 36 59 41 41 30 97 97 97 97 97 17 23 25 83 83 83 53 0 0 0 0 0 0 0 0 0 0
0 0 0 0 0 0 0 0 0 0 0 0 0 0 0 0 22 2 81 31 31 31 31 31 31 31 41 30 30 30 30 30 30 17 41 4 83 53 53 53 0 0 0 0 0 0 0 0 0 0
0 0 0 0 0 0 0 0 0 0 0 0 0 0 0 0 0 2 81 31 60 60 60 60 60 31 41 41 41 41 41 41 41 41 41 4 83 53 0 0 0 0 0 0 0 0 0 0 0 0
0 0 0 0 0 0 0 0 0 0 0 0 0 0 0 0 0 2 81 31 60 28 28 28 60 31 31 64 64 64 4 4 4 4 4 4 83 53 0 0 0 0 0 0 0 0 0 0 0 0
0 0 0 0 0 0 0 0 0 0 0 0 0 0 0 0 0 2 81 31 60 28 28 28 60 60 60 60 40 12 4 27 83 83 83 83 83 53 0 0 0 0 0 0 0 0 0 0 0 0
0 0 0 0 0 0 0 0 0 0 0 0 0 0 0 0 62 2 81 31 60 28 28 28 28 28 28 51 51 12 46 27 90 53 53 53 53 53 0 0 0 0 0 0 0 0 0 0 0 0
0 0 0 0 0 0 0 0 0 0 0 0 0 0 0 0 62 61 81 31 60 28 28 85 85 85 82 82 51 51 46 49 90 0 0 0 0 0 0 0 0 0 0 0 0 0 0 0 0 0
0 0 0 0 0 0 0 0 0 0 0 0 0 0 0 62 62 10 81 31 60 60 28 85 0 85 85 82 82 51 49 49 70 0 0 0 0 0 0 0 0 0 0 0 0 0 0 0 0 0
0 0 0 0 0 0 0 0 0 0 0 0 0 0 0 98 48 10 66 31 31 60 28 85 0 0 85 85 82 35 49 49 70 0 0 0 0 0 0 0 0 0 0 0 0 0 0 0 0 0
0 0 0 0 0 0 0 0 0 0 0 0 0 0 0 98 71 10 66 34 73 60 28 85 0 0 0 85 82 35 35 49 70 70 70 70 0 0 0 0 0 0 0 0 0 0 0 0 0 0
0 0 0 0 0 0 0 0 0 0 0 0 0 0 98 98 71 80 66 34 34 60 28 85 0 0 0 85 82 82 35 49 49 49 49 70 70 70 0 0 0 0 0 0 0 0 0 0 0 0
0 0 0 0 0 0 0 0 0 0 0 0 0 0 98 71 71 57 57 57 94 60 28 85 0 0 0 85 85 82 35 35 35 35 49 49 49 70 0 0 0 0 0 0 0 0 0 0 0 0
0 0 0 0 0 0 0 0 0 0 0 0 0 0 98 71 91 91 5 5 94 60 28 85 0 0 0 0 85 82 7 7 7 35 35 35 49 70 70 70 0 0 0 0 0 0 0 0 0 0
0 0 0 0 0 0 0 0 0 0 0 0 0 0 79 71 91 95 95 19 94 60 28 85 0 0 0 0 85 11 11 11 7 7 7 35 49 49 49 70 70 70 0 0 0 0 0 0 0 0
0 0 0 0 0 0 0 0 0 0 0 0 0 0 79 38 91 95 47 19 94 60 28 85 0 0 0 0 85 85 85 11 11 11 7 35 35 35 49 49 49 70 0 0 0 0 0 0 0 0
0 0 0 0 0 0 0 0 0 0 0 0 0 0 0 38 50 95 47 19 94 60 28 56 56 0 0 0 0 0 85 85 85 11 7 7 7 35 35 35 49 52 0 0 0 0 0 0 0 0
0 0 0 0 0 0 0 0 0 0 0 0 0 0 0 0 0 0 47 19 94 60 28 6 56 0 0 0 0 0 0 0 85 11 11 11 7 7 7 96 7 52 0 0 0 0 0 0 0 0
0 0 0 0 0 0 0 0 0 0 0 0 0 0 0 0 0 0 47 19 19 20 20 6 56 0 0 0 0 0 0 0 85 85 85 11 11 11 7 7 7 52 0 0 0 0 0 0 0 0
0 0 0 0 0 0 0 0 0 0 0 0 0 0 0 0 0 0 47 47 19 19 19 19 56 0 0 0 0 0 0 0 0 0 85 85 92 7 7 52 52 52 0 0 0 0 0 0 0 0
0 0 0 0 0 0 0 0 0 0 0 0 0 0 0 0 0 0 0 47 47 47 54 54 56 0 0 0 0 0 0 0 0 0 0 3 92 7 100 100 3 3 0 0 0 0 0 0 0 0
0 0 0 0 0 0 0 0 0 0 0 0 0 0 0 0 0 0 0 0 0 77 77 65 65 0 0 0 0 0 0 0 0 0 0 3 92 7 7 100 100 3 0 0 0 0 0 0 0 0
0 0 0 0 0 0 0 0 0 0 0 0 0 0 0 0 0 0 0 0 0 0 0 0 0 0 0 0 0 0 0 0 0 0 0 3 92 92 7 7 100 3 0 0 0 0 0 0 0 0
0 0 0 0 0 0 0 0 0 0 0 0 0 0 0 0 0 0 0 0 0 0 0 0 0 0 0 0 0 0 0 0 0 0 0 3 3 92 92 7 100 3 0 0 0 0 0 0 0 0
0 0 0 0 0 0 0 0 0 0 0 0 0 0 0 0 0 0 0 0 0 0 0 0 0 0 0 0 0 0 0 0 0 0 0 0 3 3 92 92 32 3 0 0 0 0 0 0 0 0
0 0 0 0 0 0 0 0 0 0 0 0 0 0 0 0 0 0 0 0 0 0 0 0 0 0 0 0 0 0 0 0 0 0 0 0 0 3 3 3 3 3 0 0 0 0 0 0 0 0
0 0 0 0 0 0 0 0 0 0 0 0 0 0 0 0 0 0 0 0 0 0 0 0 0 0 0 0 0 0 0 0 0 0 0 0 0 0 0 0 0 0 0 0 0 0 0 0 0 0
0 0 0 0 0 0 0 0 0 0 0 0 0 0 0 0 0 0 0 0 0 0 0 0 0 0 0 0 0 0 0 0 0 0 0 0 0 0 0 0 0 0 0 0 0 0 0 0 0 0
0 0 0 0 0 0 0 0 0 0 0 0 0 0 0 0 0 0 0 0 0 0 0 0 0 0 0 0 0 0 0 0 0 0 0 0 0 0 0 0 0 0 0 0 0 0 0 0 0 0
0 0 0 0 0 0 0 0 0 0 0 0 0 0 0 0 0 0 0 0 0 0 0 0 0 0 0 0 0 0 0 0 0 0 0 0 0 0 0 0 0 0 0 0 0 0 0 0 0 0
