0 0 0 0 0 0 0 0 0 0 0 0 0 0 0 0 0 0 0 0 0 0 0 0 0 0 0 0 0 0 0 0 0 0 0 0 0 0 0 0 0 0 0 0 0 0 0 0 0 0
0 0 0 0 0 0 0 0 0 0 0 0 0 0 0 0 0 0 0 0 0 0 0 0 0 0 0 0 0 0 0 0 0 0 0 0 0 0 0 0 0 0 0 0 0 0 0 0 0 0
0 0 0 0 0 0 0 0 0 0 0 0 0 0 0 0 0 0 0 0 0 0 0 0 0 0 0 0 0 0 0 0 0 0 0 0 0 0 0 0 0 0 0 0 0 0 0 0 0 0
0 0 0 0 0 0 0 0 0 0 0 0 0 0 0 0 0 0 0 0 0 0 0 0 0 0 0 0 0 0 0 0 0 0 0 0 0 0 0 0 0 0 0 0 0 0 0 0 0 0
0 0 0 0 0 0 0 0 0 0 0 0 0 0 0 0 0 0 0 0 0 0 0 0 0 0 0 0 0 0 0 0 0 0 0 0 0 0 0 0 0 0 0 0 0 0 0 0 0 0
0 0 0 0 0 0 0 0 0 0 0 0 0 0 0 0 0 0 0 0 0 0 0 0 0 0 0 0 0 0 0 0 0 0 0 0 0 0 0 0 0 0 0 0 0 0 0 0 0 0
0 0 0 0 0 0 0 0 0 0 0 0 0 0 0 0 0 0 0 0 0 0 0 0 0 0 0 0 0 0 0 0 0 0 0 0 0 0 0 0 0 0 0 0 0 0 0 0 0 0
0 0 0 0 0 0 0 0 0 0 0 0 0 0 0 0 0 0 0 0 0 0 0 0 0 0 0 0 0 0 0 0 0 0 0 0 0 0 0 0 0 0 0 0 0 0 0 0 0 0
0 0 0 0 0 0 0 0 0 0 0 0 0 0 0 0 0 0 0 0 0 0 0 0 0 0 0 0 0 0 0 0 0 0 0 0 0 0 0 0 0 0 0 0 0 0 0 0 0 0
0 0 0 0 0 0 0 0 0 0 0 0 0 0 0 0 0 0 0 0 0 0 0 0 0 0 0 0 0 0 0 57 57 57 57 57 0 0 0 0 0 0 0 0 0 0 0 0 0 0
0 0 0 0 0 0 0 0 0 0 0 0 0 0 0 0 0 0 0 0 0 0 0 0 0 0 0 0 0 0 0 57 99 99 99 57 0 0 0 0 53 53 53 53 6 0 0 0 0 0
0 0 0 0 0 0 0 0 0 16 70 70 70 70 70 0 0 0 0 0 0 0 0 0 0 0 0 0 0 0 0 57 99 69 99 57 0 82 53 53 53 98 98 98 98 77 0 0 0 0
0 0 0 0 0 0 0 0 0 28 28 84 84 84 51 0 0 0 0 0 0 0 0 0 0 0 0 0 57 57 57 57 15 55 99 65 65 82 98 98 98 98 0 0 0 0 0 0 0 0
0 0 0 0 0 0 0 0 0 0 46 84 31 85 51 0 0 0 0 0 0 0 0 0 0 0 57 57 57 15 15 15 15 55 99 23 23 23 23 61 61 98 0 0 0 0 0 0 0 0
0 0 0 0 0 0 0 0 0 0 46 84 20 85 93 93 93 93 93 93 0 0 0 0 0 0 57 15 15 15 40 40 55 55 23 23 97 97 30 30 61 98 0 0 0 0 0 0 0 0
0 0 0 0 0 0 0 0 0 0 46 46 20 85 85 85 85 85 85 93 93 0 0 0 0 0 57 15 40 40 40 1 97 55 97 97 97 87 97 86 61 98 0 0 0 0 0 0 0 0
0 0 0 0 0 0 0 0 0 0 0 46 20 20 20 20 20 20 85 85 93 0 0 0 0 0 57 15 40 1 1 1 97 97 97 87 87 87 97 86 56 98 0 0 0 0 0 0 0 0
0 0 0 0 0 0 58 58 58 58 58 46 46 46 46 46 46 20 20 85 93 0 0 0 0 0 57 15 40 1 97 97 97 87 87 87 87 87 97 42 56 39 0 0 0 0 0 0 0 0
0 0 0 0 0 58 58 13 13 13 58 58 46 46 46 46 46 46 20 85 93 0 0 0 0 0 57 15 40 1 97 10 97 97 97 97 97 97 97 18 56 39 0 0 0 0 0 0 0 0
0 0 0 0 0 58 14 24 24 13 13 58 58 58 58 58 58 58 20 85 93 93 93 93 93 93 93 15 40 1 97 10 18 18 18 18 18 18 18 18 39 39 0 0 0 0 0 0 0 0
0 0 0 0 0 58 14 14 24 24 13 13 13 13 13 13 13 58 20 85 85 85 85 85 85 85 12 12 40 1 97 10 18 96 96 96 96 96 96 96 96 0 0 0 0 0 0 0 0 0
0 0 0 0 0 58 58 14 14 24 24 24 24 24 24 24 13 58 20 20 20 20 20 9 9 74 74 40 40 1 97 10 18 96 0 0 0 0 0 0 0 0 0 0 0 0 0 0 0 0
0 0 0 0 0 0 14 14 14 24 33 33 33 33 33 24 13 13 13 81 81 20 20 78 66 66 66 40 1 1 97 10 18 96 96 0 0 0 0 0 0 0 0 0 0 0 0 0 0 0
0 0 0 0 0 0 14 24 24 24 33 2 2 2 33 24 24 24 24 24 7 7 7 78 21 21 100 100 1 97 97 10 18 18 76 0 0 0 0 0 0 0 0 0 0 0 0 0 0 0
0 0 0 0 0 0 14 24 33 33 33 2 0 2 33 33 33 33 33 75 7 49 49 78 78 100 100 45 45 97 10 10 80 89 76 0 0 0 0 0 0 0 0 0 0 0 0 0 0 0
0 0 0 0 0 0 2 33 33 2 2 2 0 2 2 2 2 2 33 32 32 49 73 73 52 52 52 52 45 97 10 89 89 89 76 0 0 0 0 0 0 0 0 0 0 0 0 0 0 0
0 0 0 0 0 0 2 2 2 2 0 0 0 0 0 0 0 2 33 33 11 49 68 35 35 94 94 52 45 17 10 89 76 76 76 0 0 0 0 0 0 0 0 0 0 0 0 0 0 0
0 0 0 0 0 0 0 0 0 0 0 0 0 0 0 0 0 2 2 33 11 11 68 79 35 43 94 52 29 17 34 89 72 72 0 0 0 0 0 0 0 0 0 0 0 0 0 0 0 0
0 0 0 0 0 0 0 0 0 0 0 0 0 0 0 0 0 0 2 33 33 11 79 79 41 43 94 91 91 17 34 34 34 72 0 0 0 0 0 0 0 0 0 0 0 0 0 0 0 0
0 0 0 0 0 0 0 0 0 0 0 0 0 0 0 0 2 2 2 33 33 11 79 64 64 43 94 94 91 91 91 91 34 72 72 0 0 0 0 0 0 0 0 0 0 0 0 0 0 0
0 0 0 0 0 0 0 0 0 0 0 0 0 0 0 0 2 33 33 33 11 11 79 64 54 43 27 94 94 94 94 91 34 34 72 0 0 0 0 0 0 0 0 0 0 0 0 0 0 0
0 0 0 0 0 0 0 0 0 0 0 0 0 0 0 2 2 33 11 11 11 79 79 64 54 27 27 27 27 27 94 91 37 34 72 83 0 0 0 0 0 0 0 0 0 0 0 0 0 0
0 0 0 0 0 0 0 0 0 0 0 0 19 19 19 19 33 33 11 79 79 79 64 64 54 90 26 48 48 27 94 67 67 67 67 83 0 0 0 0 0 0 0 0 0 0 0 0 0 0
0 0 0 0 0 0 0 0 0 0 0 0 19 4 47 33 33 11 11 79 64 64 64 54 54 26 26 0 48 27 71 71 71 71 83 83 0 0 0 0 0 0 0 0 0 0 0 0 0 0
0 0 0 0 0 0 0 0 0 0 0 0 19 19 47 47 92 11 79 79 64 95 54 54 26 26 0 0 48 27 27 27 48 25 25 0 0 0 0 0 0 0 0 0 0 0 0 0 0 0
0 0 0 0 0 0 0 0 0 0 0 0 19 19 22 47 36 79 79 64 64 62 54 26 26 0 0 0 48 48 48 88 48 0 0 0 0 0 0 0 0 0 0 0 0 0 0 0 0 0
0 0 0 0 0 0 0 0 0 0 0 0 19 22 22 36 36 64 64 64 62 62 26 26 0 0 0 0 0 0 48 48 48 0 0 0 0 0 0 0 0 0 0 0 0 0 0 0 0 0
0 0 0 0 0 0 0 0 0 0 0 0 19 22 38 38 62 62 62 62 62 8 8 0 0 0 0 0 0 0 0 0 0 0 0 0 0 0 0 0 0 0 0 0 0 0 0 0 0 0
0 0 0 0 0 0 60 60 60 60 19 19 19 22 50 38 8 8 8 8 8 8 0 0 0 0 0 0 0 0 0 0 0 0 0 0 0 0 0 0 0 0 0 0 0 0 0 0 0 0
0 0 0 0 0 0 60 3 3 19 19 22 22 22 50 59 59 0 0 0 0 0 0 0 0 0 0 0 0 0 0 0 0 0 0 0 0 0 0 0 0 0 0 0 0 0 0 0 0 0
0 0 0 0 0 0 60 63 22 22 22 22 50 50 50 0 0 0 0 0 0 0 0 0 0 0 0 0 0 0 0 0 0 0 0 0 0 0 0 0 0 0 0 0 0 0 0 0 0 0
0 0 0 0 0 0 60 60 60 60 44 50 50 0 0 0 0 0 0 0 0 0 0 0 0 0 0 0 0 0 0 0 0 0 0 0 0 0 0 0 0 0 0 0 0 0 0 0 0 0
0 0 0 0 0 0 0 0 0 5 44 0 0 0 0 0 0 0 0 0 0 0 0 0 0 0 0 0 0 0 0 0 0 0 0 0 0 0 0 0 0 0 0 0 0 0 0 0 0 0
0 0 0 0 0 0 0 0 0 0 0 0 0 0 0 0 0 0 0 0 0 0 0 0 0 0 0 0 0 0 0 0 0 0 0 0 0 0 0 0 0 0 0 0 0 0 0 0 0 0
0 0 0 0 0 0 0 0 0 0 0 0 0 0 0 0 0 0 0 0 0 0 0 0 0 0 0 0 0 0 0 0 0 0 0 0 0 0 0 0 0 0 0 0 0 0 0 0 0 0
0 0 0 0 0 0 0 0 0 0 0 0 0 0 0 0 0 0 0 0 0 0 0 0 0 0 0 0 0 0 0 0 0 0 0 0 0 0 0 0 0 0 0 0 0 0 0 0 0 0
0 0 0 0 0 0 0 0 0 0 0 0 0 0 0 0 0 0 0 0 0 0 0 0 0 0 0 0 0 0 0 0 0 0 0 0 0 0 0 0 0 0 0 0 0 0 0 0 0 0
0 0 0 0 0 0 0 0 0 0 0 0 0 0 0 0 0 0 0 0 0 0 0 0 0 0 0 0 0 0 0 0 0 0 0 0 0 0 0 0 0 0 0 0 0 0 0 0 0 0
0 0 0 0 0 0 0 0 0 0 0 0 0 0 0 0 0 0 0 0 0 0 0 0 0 0 0 0 0 0 0 0 0 0 0 0 0 0 0 0 0 0 0 0 0 0 0 0 0 0
0 0 0 0 0 0 0 0 0 0 0 0 0 0 0 0 0 0 0 0 0 0 0 0 0 0 0 0 0 0 0 0 0 0 0 0 0 0 0 0 0 0 0 0 0 0 0 0 0 0
