0 0 0 0 0 0 0 0 0 0 0 0 0 0 0 0 0 0 0 0 0 0 0 0 0 0 0 0 0 0 0 0 0 0 0 0 0 0 0 0 0 0 0 0 0 0 0 0 0 0
0 0 0 0 0 0 0 0 0 0 0 0 0 0 0 0 0 0 0 0 0 0 0 0 0 0 0 0 0 0 0 0 0 0 0 0 0 0 0 0 0 0 0 0 0 0 0 0 0 0
0 0 0 0 0 0 0 0 0 0 0 0 0 0 0 0 0 0 0 0 0 0 0 0 0 0 0 0 0 0 0 0 0 0 0 0 0 0 0 0 0 0 0 0 0 0 0 0 0 0
0 0 0 0 0 0 0 0 0 0 0 0 0 0 0 0 0 0 0 0 0 8 8 8 8 8 0 0 0 0 0 0 0 0 0 0 0 0 0 0 0 0 0 0 0 0 0 0 0 0
0 0 0 0 0 0 0 0 0 0 0 0 0 0 0 0 0 0 0 0 8 8 86 86 22 8 0 0 0 0 0 0 0 0 0 0 0 0 0 0 0 0 0 0 0 0 0 0 0 0
0 0 0 0 0 0 0 0 0 0 0 0 0 0 0 0 0 0 0 0 8 87 78 86 8 8 0 0 0 0 0 0 0 0 0 0 0 0 0 0 0 0 0 0 0 0 0 0 0 0
0 0 0 0 0 0 0 0 0 0 0 0 0 0 0 0 0 0 0 0 8 87 78 86 8 0 0 0 0 0 0 0 0 0 0 0 0 0 0 0 0 0 0 0 0 0 0 0 0 0
0 0 0 0 0 0 0 0 0 0 0 0 0 0 0 0 0 0 0 0 8 87 78 86 8 0 0 0 0 0 0 0 0 0 0 0 0 0 0 0 0 0 0 0 0 0 0 0 0 0
0 0 0 0 0 0 0 0 0 0 0 0 0 0 0 0 0 0 0 0 8 87 78 86 8 0 0 0 0 0 0 0 0 0 0 0 0 0 0 0 0 0 0 0 0 0 0 0 0 0
0 0 0 0 0 0 0 0 0 0 0 0 0 0 0 0 0 0 0 0 8 87 78 86 8 0 0 0 0 0 0 0 0 0 0 0 0 0 0 0 0 0 0 0 0 0 0 0 0 0
0 0 0 0 0 0 0 0 0 0 0 0 0 0 0 0 0 0 0 0 8 87 78 86 8 0 0 0 0 0 0 0 0 0 0 0 0 0 0 83 83 83 0 0 0 0 0 0 0 0
0 0 0 0 0 0 0 0 0 0 0 0 0 0 0 0 0 0 0 0 8 87 78 86 8 0 0 0 0 0 0 0 0 0 0 0 0 0 71 71 14 95 95 0 0 0 0 0 0 0
0 0 0 0 0 0 0 0 0 0 0 0 0 0 0 0 0 0 0 0 8 87 78 86 8 8 0 0 0 0 0 0 0 0 0 71 71 71 71 48 48 48 95 0 0 0 0 0 0 0
0 0 0 0 0 0 0 0 0 27 27 27 27 0 0 0 0 0 0 0 8 87 78 86 86 8 0 0 0 0 0 0 0 71 71 71 48 48 48 48 23 48 95 0 0 0 0 0 0 0
0 0 0 0 0 0 0 0 0 51 7 7 80 80 80 80 80 0 0 0 8 87 78 78 86 8 0 0 0 0 0 0 0 71 48 48 48 23 23 23 23 48 95 0 0 0 0 0 0 0
0 0 0 0 0 0 0 0 0 51 37 96 96 96 96 96 87 87 0 0 8 87 87 78 86 8 0 0 0 0 0 0 71 71 48 23 23 23 68 68 23 48 59 59 0 0 0 0 0 0
0 0 0 0 0 0 0 0 0 0 37 37 55 96 89 72 72 87 87 87 8 87 87 78 86 8 0 0 0 0 71 71 71 48 48 23 68 68 68 68 23 23 68 59 0 0 0 0 0 0
0 0 0 0 0 0 0 0 0 0 0 55 55 21 89 75 44 44 44 87 87 87 78 78 86 8 0 0 0 0 71 48 48 48 23 23 68 59 59 68 68 68 68 59 0 0 0 0 0 0
0 0 0 0 0 0 0 0 0 0 0 55 21 21 33 75 81 81 44 44 97 97 97 28 86 8 8 8 8 8 71 48 3 62 23 68 68 59 59 59 59 59 59 59 0 0 0 0 0 0
0 0 0 0 0 0 0 0 0 0 0 55 21 25 33 33 33 64 98 44 97 46 46 28 86 86 17 17 17 8 17 48 74 62 62 68 59 59 0 0 0 0 0 0 0 0 0 0 0 0
0 0 0 0 0 0 0 0 0 0 0 55 21 88 88 88 88 64 98 44 44 44 41 28 28 28 28 63 17 17 17 10 74 16 62 68 59 0 0 0 0 0 0 0 0 0 0 0 0 0
0 0 0 0 0 0 0 0 0 0 0 55 55 55 55 55 88 64 98 98 98 98 41 41 41 41 10 10 10 10 10 10 77 77 62 68 59 0 0 0 0 0 0 0 0 0 0 0 0 0
0 0 0 0 0 0 0 0 0 0 0 0 0 0 0 55 88 64 43 93 93 98 98 98 98 41 10 12 12 12 12 12 12 77 62 68 59 0 0 0 0 0 0 0 0 0 0 0 0 0
0 0 0 0 0 0 0 0 0 0 0 0 0 0 0 55 88 88 88 93 93 13 66 98 98 41 10 2 91 52 52 52 52 11 62 68 59 0 0 0 0 0 0 0 0 0 0 0 0 0
0 0 0 0 0 0 0 0 0 0 0 0 0 0 0 55 55 49 18 93 13 13 66 98 41 41 2 2 42 52 1 1 1 1 1 68 59 0 0 0 0 0 0 0 0 0 0 0 0 0
0 0 0 0 0 0 0 0 0 0 0 0 0 0 0 0 49 49 18 93 13 66 66 98 56 2 2 42 42 52 1 68 68 68 68 68 90 90 90 90 90 0 0 0 0 0 0 0 0 0
0 0 0 0 0 0 0 0 0 0 0 0 0 0 0 24 24 18 18 93 13 66 66 98 42 42 42 42 6 52 1 68 90 90 90 90 90 1 1 1 90 0 0 0 0 0 0 0 0 0
0 0 0 0 0 0 0 0 0 0 0 0 0 0 0 24 18 18 93 93 13 66 66 66 66 29 29 29 6 52 1 68 90 1 1 1 1 1 67 1 90 0 0 0 0 0 0 0 0 0
0 0 0 0 0 0 0 0 0 0 0 0 0 0 0 24 18 93 93 13 13 66 69 69 69 69 65 29 6 52 1 68 1 1 76 76 76 76 76 34 90 0 0 0 0 0 0 0 0 0
0 0 0 0 0 0 0 0 0 0 0 0 0 0 24 24 18 93 13 13 66 66 69 47 47 47 65 29 6 52 1 1 1 76 76 34 34 34 34 34 5 0 0 0 0 0 0 0 0 0
0 0 0 0 0 0 0 0 0 0 0 0 0 0 24 18 18 93 13 66 66 66 69 47 32 47 65 29 6 52 52 1 76 76 39 34 5 5 5 5 5 0 0 0 0 0 0 0 0 0
0 0 0 0 0 0 0 0 0 0 0 0 0 0 24 18 60 93 13 4 40 66 69 47 32 47 65 29 6 6 52 52 52 73 39 5 5 0 0 0 0 0 0 0 0 0 0 0 0 0
0 0 0 0 0 0 0 0 0 0 0 0 0 0 24 18 60 40 40 40 40 66 69 47 32 47 65 29 29 6 6 6 57 73 39 5 5 5 0 0 0 0 0 0 0 0 0 0 0 0
0 0 0 0 0 0 0 0 0 0 0 0 0 0 24 18 60 60 82 40 66 66 69 47 32 47 65 65 29 29 29 6 73 73 39 39 39 5 0 0 0 0 0 0 0 0 0 0 0 0
0 0 0 0 0 0 0 0 0 0 0 0 0 0 24 18 18 60 82 50 69 69 69 47 32 47 47 65 65 65 29 30 30 39 39 85 39 5 0 0 0 0 0 0 0 0 0 0 0 0
0 0 0 0 0 0 0 0 0 0 0 0 0 24 24 18 60 60 69 69 69 47 47 47 32 32 47 47 94 65 85 85 85 85 85 85 39 5 0 0 0 0 0 0 0 0 0 0 0 0
0 0 0 0 0 0 0 0 0 0 0 24 24 24 18 18 60 47 47 47 47 47 0 0 0 32 32 47 94 100 100 9 45 45 45 45 39 5 0 0 0 0 0 0 0 0 0 0 0 0
0 0 0 0 0 0 0 0 0 61 61 61 18 18 18 60 60 47 0 0 0 0 0 0 0 0 32 47 47 47 32 32 32 0 0 45 38 5 0 0 0 0 0 0 0 0 0 0 0 0
0 0 0 0 0 0 0 0 0 61 20 70 70 60 60 60 47 47 0 0 0 0 0 0 0 0 32 32 32 32 32 0 0 0 0 45 38 0 0 0 0 0 0 0 0 0 0 0 0 0
0 0 0 0 0 0 0 0 0 61 20 79 79 79 26 35 47 0 0 0 0 0 0 0 0 0 0 0 0 0 0 0 0 0 0 45 38 0 0 0 0 0 0 0 0 0 0 0 0 0
0 0 0 0 0 0 0 0 0 61 84 84 0 0 26 35 0 0 0 0 0 0 0 0 0 0 0 0 0 0 0 0 0 0 0 45 38 38 38 38 0 0 0 0 0 0 0 0 0 0
0 0 0 0 0 0 0 0 0 15 15 0 0 0 19 19 0 0 0 0 0 0 0 0 0 0 0 0 0 0 0 0 0 0 0 45 45 45 45 38 54 54 54 0 0 0 0 0 0 0
0 0 0 0 0 0 0 0 0 0 0 0 0 0 0 0 0 0 0 0 0 0 0 0 0 0 0 0 0 0 0 0 0 0 0 45 31 58 45 38 58 58 54 0 0 0 0 0 0 0
0 0 0 0 0 0 0 0 0 0 0 0 0 0 0 0 0 0 0 0 0 0 0 0 0 0 0 0 0 0 0 0 0 0 0 0 58 58 45 45 53 58 54 0 0 0 0 0 0 0
0 0 0 0 0 0 0 0 0 0 0 0 0 0 0 0 0 0 0 0 0 0 0 0 0 0 0 0 0 0 0 0 0 0 0 0 0 58 58 58 58 58 54 0 0 0 0 0 0 0
0 0 0 0 0 0 0 0 0 0 0 0 0 0 0 0 0 0 0 0 0 0 0 0 0 0 0 0 0 0 0 0 0 0 0 0 0 0 0 99 36 54 54 0 0 0 0 0 0 0
0 0 0 0 0 0 0 0 0 0 0 0 0 0 0 0 0 0 0 0 0 0 0 0 0 0 0 0 0 0 0 0 0 0 0 0 0 0 0 99 99 99 92 0 0 0 0 0 0 0
0 0 0 0 0 0 0 0 0 0 0 0 0 0 0 0 0 0 0 0 0 0 0 0 0 0 0 0 0 0 0 0 0 0 0 0 0 0 0 0 0 0 0 0 0 0 0 0 0 0
0 0 0 0 0 0 0 0 0 0 0 0 0 0 0 0 0 0 0 0 0 0 0 0 0 0 0 0 0 0 0 0 0 0 0 0 0 0 0 0 0 0 0 0 0 0 0 0 0 0
0 0 0 0 0 0 0 0 0 0 0 0 0 0 0 0 0 0 0 0 0 0 0 0 0 0 0 0 0 0 0 0 0 0 0 0 0 0 0 0 0 0 0 0 0 0 0 0 0 0
