0 0 0 0 0 0 0 0 0 0 0 0 0 0 0 0 0 0 0 0 0 0 0 0 0 0 0 0 0 0 0 0 0 0 0 0 0 0 0 0 0 0 0 0 0 0 0 0 0 0
0 0 0 0 0 0 0 0 0 0 0 0 0 0 0 0 0 0 0 0 0 0 0 0 0 0 0 0 0 0 0 0 0 0 0 0 0 0 0 0 0 0 0 0 0 0 0 0 0 0
0 0 0 0 0 0 0 0 0 0 0 0 0 0 0 0 0 0 0 0 0 0 0 0 0 0 0 0 0 0 0 0 0 0 0 0 0 0 0 0 0 0 0 0 0 0 0 0 0 0
0 0 0 0 0 0 0 0 0 0 0 0 0 0 0 0 0 0 0 0 0 0 0 0 0 0 0 0 0 0 0 0 0 0 0 0 0 0 0 78 78 0 0 0 0 0 0 0 0 0
0 0 0 0 0 0 0 0 0 0 0 0 0 0 0 0 0 0 0 0 0 0 0 0 0 0 0 0 0 0 0 0 0 0 0 0 0 0 41 90 78 0 0 0 0 0 34 0 0 0
0 0 0 0 0 0 0 0 0 0 0 0 0 0 0 0 0 0 0 0 0 0 0 0 0 0 0 0 0 0 41 41 41 0 0 0 0 0 41 41 78 0 0 0 61 61 61 0 0 0
0 0 0 45 45 45 45 45 0 0 0 0 0 0 0 0 0 0 0 0 0 0 0 0 0 0 0 0 0 77 77 30 41 0 0 0 0 0 0 41 78 0 0 0 61 48 48 0 0 0
0 0 45 19 19 19 19 45 0 0 0 0 0 0 0 0 0 0 0 0 0 0 0 0 0 0 0 0 77 77 28 28 41 0 0 0 0 41 41 41 78 0 0 0 61 61 48 0 0 0
0 0 45 19 19 19 19 45 45 0 0 0 0 0 0 0 0 0 0 0 0 0 0 0 0 0 0 77 77 20 95 28 41 41 41 41 41 41 78 78 78 78 78 78 78 61 48 0 0 0
0 0 45 19 19 19 19 19 45 0 0 0 0 0 0 0 0 0 0 0 0 0 0 0 0 0 0 77 20 20 95 28 28 41 41 96 96 96 78 8 8 8 8 8 78 86 48 0 0 0
0 0 45 45 19 19 19 45 45 45 45 0 0 0 0 0 0 0 0 0 0 0 0 0 0 0 0 77 20 95 95 95 28 41 41 28 17 96 78 78 8 0 0 8 8 8 48 0 0 0
0 0 0 45 45 45 45 45 0 0 45 0 0 0 0 0 0 0 0 0 0 0 0 0 0 0 0 77 20 20 20 95 28 41 41 28 5 5 5 78 8 0 0 0 0 0 0 0 0 0
0 0 0 0 0 0 0 0 0 0 45 0 0 0 0 0 0 0 0 0 0 0 0 0 0 0 0 77 77 77 20 95 28 28 28 28 95 95 5 78 8 0 0 0 0 0 0 0 0 0
0 0 0 0 0 0 0 0 0 0 45 10 10 10 0 0 0 0 0 0 0 0 0 0 0 0 0 74 36 13 20 95 28 95 95 95 95 5 5 78 8 0 0 0 0 0 0 0 0 0
0 0 0 0 0 0 0 0 0 0 45 45 57 59 0 0 0 0 0 0 0 0 0 0 0 0 0 74 74 13 20 95 95 95 5 5 5 5 78 78 8 0 0 0 0 0 0 0 0 0
0 0 0 0 0 0 0 0 0 0 0 45 57 55 55 55 55 55 55 55 0 0 0 0 0 43 43 43 74 13 20 20 95 95 5 78 78 78 78 8 8 0 0 0 0 0 0 0 0 0
0 0 0 0 0 0 0 0 0 0 0 45 57 55 57 79 79 79 79 55 55 55 0 0 0 43 74 74 74 13 13 20 49 5 5 78 8 8 8 8 42 42 42 42 42 0 0 0 0 0
0 0 0 0 0 0 0 0 0 0 0 45 57 57 57 45 46 32 65 65 65 55 43 43 43 43 74 13 13 13 13 20 49 39 37 37 8 8 8 8 8 8 8 8 42 0 0 0 0 0
0 0 0 0 0 0 0 0 0 0 0 45 45 57 57 45 46 51 51 51 65 55 55 74 74 74 74 13 1 1 1 1 49 39 63 8 8 8 8 8 63 63 63 8 42 0 0 0 0 0
0 0 0 0 0 0 0 0 0 0 0 0 45 57 57 45 52 52 52 51 65 65 55 13 13 13 13 13 1 62 62 62 49 39 63 8 8 8 8 8 63 22 22 42 42 0 0 0 0 0
0 0 0 0 0 0 0 0 0 0 0 0 45 57 57 45 76 76 52 51 51 65 65 13 65 58 58 1 1 62 26 62 49 39 63 63 63 63 63 63 63 22 69 69 0 0 0 0 0 0
0 0 0 0 0 0 0 0 0 0 0 0 45 45 45 45 0 76 52 52 51 51 65 65 65 12 62 62 62 62 91 91 91 39 22 22 22 22 22 22 22 22 69 0 0 0 0 0 0 0
0 0 0 0 0 0 0 0 0 0 0 0 0 0 0 0 0 76 76 52 72 51 51 51 65 12 91 91 91 91 91 91 97 97 97 22 85 69 69 69 69 69 69 0 0 0 0 0 0 0
0 0 0 0 0 0 0 0 0 0 0 0 0 0 0 0 0 0 76 52 31 31 31 51 14 12 91 9 9 9 9 91 91 91 97 35 85 69 0 0 0 0 0 0 0 0 0 0 0 0
0 0 0 0 0 0 0 0 0 0 0 0 0 0 0 0 0 0 76 94 94 94 31 51 14 83 83 9 56 56 56 24 24 21 24 35 64 69 0 0 0 0 0 0 0 0 0 0 0 0
0 0 0 0 0 0 0 0 0 0 0 0 0 0 0 0 0 0 0 0 0 31 31 51 14 80 56 56 56 35 35 35 24 24 24 35 64 69 0 0 0 0 0 0 0 0 0 0 0 0
0 0 0 0 0 0 0 0 0 0 0 0 0 0 0 0 0 0 0 0 0 27 87 51 14 80 16 16 35 35 33 35 35 35 35 35 64 69 0 0 0 0 0 0 0 0 0 0 0 0
0 0 0 0 0 0 0 0 0 0 0 0 0 0 27 27 27 27 27 27 27 27 87 70 14 80 44 33 33 33 33 15 64 64 64 64 64 69 0 0 0 0 0 0 0 0 0 0 0 0
0 0 0 0 0 0 0 0 0 0 0 0 0 0 27 87 87 87 87 87 87 87 87 70 92 92 44 75 75 93 15 15 2 69 69 69 69 69 0 0 0 0 0 0 0 0 0 0 0 0
0 0 0 0 0 0 0 0 0 0 0 0 0 0 27 87 70 70 70 70 70 70 70 70 70 92 44 75 50 93 2 2 2 98 0 0 0 0 0 0 0 0 0 0 0 0 0 0 0 0
0 0 0 0 0 0 0 0 0 0 0 0 0 0 27 87 70 40 40 40 40 40 40 70 92 92 44 75 50 50 50 38 38 98 0 0 0 0 0 0 0 0 0 0 0 0 0 0 0 0
0 0 0 0 0 0 0 0 0 0 0 0 0 0 27 87 70 40 3 3 3 3 40 70 92 44 44 75 75 75 50 50 47 47 0 0 0 0 0 0 0 0 0 0 0 0 0 0 0 0
0 0 0 0 0 0 0 0 0 0 0 0 27 27 27 87 70 40 40 3 53 3 40 73 92 92 44 44 44 75 71 68 68 68 0 0 0 0 0 0 0 0 0 0 0 0 0 0 0 0
0 0 0 0 0 0 0 0 0 0 0 0 27 99 18 87 70 70 40 3 53 3 40 40 40 92 53 89 44 75 71 71 71 60 0 0 0 0 0 0 0 0 0 0 0 0 0 0 0 0
0 0 0 0 0 0 0 0 0 0 0 27 27 99 54 54 54 54 3 3 53 3 3 3 67 67 53 53 75 75 75 75 81 60 0 0 0 0 0 0 0 0 0 0 0 0 0 0 0 0
0 0 0 0 27 27 27 27 27 27 27 27 99 99 23 4 4 29 29 3 53 53 53 53 53 53 53 7 7 7 7 25 25 60 0 0 0 0 0 0 0 0 0 0 0 0 0 0 0 0
0 0 0 0 27 99 99 99 27 99 99 99 99 23 23 4 7 7 7 3 82 7 7 7 7 7 7 7 0 0 0 0 0 0 0 0 0 0 0 0 0 0 0 0 0 0 0 0 0 0
0 0 0 0 27 99 66 99 99 99 23 23 23 23 4 4 0 0 7 7 7 7 0 0 0 0 0 0 0 0 0 0 0 0 0 0 0 0 0 0 0 0 0 0 0 0 0 0 0 0
0 0 0 27 27 99 66 66 23 23 23 4 4 4 4 0 0 0 0 0 0 0 0 0 0 0 0 0 0 0 0 0 0 0 0 0 0 0 0 0 0 0 0 0 0 0 0 0 0 0
0 0 84 27 99 99 66 66 11 4 4 4 0 0 0 0 0 0 0 0 0 0 0 0 0 0 0 0 0 0 0 0 0 0 0 0 0 0 0 0 0 0 0 0 0 0 0 0 0 0
0 0 84 100 99 66 66 6 6 6 0 0 0 0 0 0 0 0 0 0 0 0 0 0 0 0 0 0 0 0 0 0 0 0 0 0 0 0 0 0 0 0 0 0 0 0 0 0 0 0
0 0 84 84 66 66 0 0 0 0 0 0 0 0 0 0 0 0 0 0 0 0 0 0 0 0 0 0 0 0 0 0 0 0 0 0 0 0 0 0 0 0 0 0 0 0 0 0 0 0
0 0 0 0 0 66 0 0 0 0 0 0 0 0 0 0 0 0 0 0 0 0 0 0 0 0 0 0 0 0 0 0 0 0 0 0 0 0 0 0 0 0 0 0 0 0 0 0 0 0
0 0 0 0 0 66 0 0 0 0 0 0 0 0 0 0 0 0 0 0 0 0 0 0 0 0 0 0 0 0 0 0 0 0 0 0 0 0 0 0 0 0 0 0 0 0 0 0 0 0
0 66 66 66 66 66 0 0 0 0 0 0 0 0 0 0 0 0 0 0 0 0 0 0 0 0 0 0 0 0 0 0 0 0 0 0 0 0 0 0 0 0 0 0 0 0 0 0 0 0
0 66 88 88 88 66 0 0 0 0 0 0 0 0 0 0 0 0 0 0 0 0 0 0 0 0 0 0 0 0 0 0 0 0 0 0 0 0 0 0 0 0 0 0 0 0 0 0 0 0
66 88 88 88 88 66 0 0 0 0 0 0 0 0 0 0 0 0 0 0 0 0 0 0 0 0 0 0 0 0 0 0 0 0 0 0 0 0 0 0 0 0 0 0 0 0 0 0 0 0
66 88 88 88 66 66 0 0 0 0 0 0 0 0 0 0 0 0 0 0 0 0 0 0 0 0 0 0 0 0 0 0 0 0 0 0 0 0 0 0 0 0 0 0 0 0 0 0 0 0
66 66 66 66 66 0 0 0 0 0 0 0 0 0 0 0 0 0 0 0 0 0 0 0 0 0 0 0 0 0 0 0 0 0 0 0 0 0 0 0 0 0 0 0 0 0 0 0 0 0
0 0 0 0 0 0 0 0 0 0 0 0 0 0 0 0 0 0 0 0 0 0 0 0 0 0 0 0 0 0 0 0 0 0 0 0 0 0 0 0 0 0 0 0 0 0 0 0 0 0
