0 0 0 0 0 0 0 0 0 0 0 0 0 0 0 0 0 0 0 0 0 0 0 0 0 0 0 0 0 0 0 0 0 0 0 0 0 0 0 0 0 0 0 0 0 0 0 0 0 0
0 0 0 0 0 0 0 0 0 0 0 0 0 0 0 96 96 18 18 0 0 0 0 0 0 0 0 0 0 0 0 0 0 0 0 0 0 0 0 0 0 0 0 0 0 0 0 0 0 0
0 0 0 0 0 0 0 0 0 0 96 96 96 96 0 96 22 35 18 0 0 0 0 0 0 0 0 0 0 0 0 0 0 0 0 0 0 0 0 0 0 0 0 0 0 0 0 0 0 0
0 0 0 0 0 0 0 0 0 0 96 76 76 96 96 96 22 18 18 57 0 0 0 0 0 0 0 0 0 0 0 0 0 0 0 0 0 0 0 0 0 0 0 0 0 0 0 0 0 0
0 0 0 0 0 0 0 0 0 0 96 76 31 22 22 22 22 18 0 0 0 0 0 0 0 0 0 0 0 0 0 0 0 0 0 0 0 0 0 0 0 0 0 0 0 0 0 0 0 0
0 0 0 0 0 0 0 0 0 0 96 76 76 76 76 76 22 18 0 0 0 0 0 0 0 0 0 0 0 0 0 0 0 0 0 0 0 0 0 0 0 0 0 0 0 0 0 0 0 0
0 0 0 0 0 0 0 0 71 3 96 96 96 96 96 76 22 18 18 18 0 0 0 0 0 0 0 0 0 0 0 0 0 0 0 0 0 0 0 0 0 0 0 0 0 0 0 0 0 0
0 0 0 0 0 0 0 0 0 3 3 3 3 3 3 76 22 22 22 18 0 0 0 0 0 0 0 0 0 0 0 0 0 0 0 72 72 72 72 72 0 0 0 0 0 0 0 0 0 0
0 0 0 0 0 0 0 0 0 0 0 0 0 0 3 76 76 76 22 18 0 0 0 0 0 0 0 0 0 0 0 0 0 0 0 61 84 84 24 72 0 0 0 0 0 0 0 0 0 0
0 0 0 0 0 0 0 0 0 0 0 0 0 0 3 3 3 76 22 18 18 0 0 0 0 0 0 0 0 0 0 0 0 0 0 61 42 60 24 72 0 0 0 0 0 0 0 0 0 0
0 0 0 0 0 0 0 0 0 0 0 0 0 0 0 0 3 76 22 22 18 0 0 0 0 0 0 0 0 8 8 8 8 8 8 8 42 60 74 72 0 0 0 0 0 0 0 0 0 0
0 0 0 0 0 0 0 0 0 0 0 0 0 0 0 0 3 76 76 22 18 18 18 0 0 0 0 0 0 8 78 78 78 78 78 8 42 60 0 0 0 0 0 0 0 0 0 0 0 0
0 0 0 0 0 0 0 0 0 0 0 0 0 0 0 0 3 3 76 22 22 22 18 0 0 0 0 0 0 8 78 86 86 86 78 8 42 60 0 0 0 0 0 0 0 0 0 0 0 0
0 0 0 0 0 0 0 0 0 0 0 0 0 0 0 0 40 3 76 76 76 22 18 0 0 0 0 0 0 8 78 93 94 86 78 8 42 60 0 0 0 0 0 0 0 0 0 0 0 0
0 0 0 0 0 0 0 0 0 0 40 40 40 40 40 40 40 4 4 4 76 22 18 18 0 0 0 0 0 8 78 93 42 42 78 8 42 60 0 0 0 0 0 0 0 0 0 0 0 0
0 0 0 0 0 0 0 0 0 40 40 11 11 11 11 11 11 11 11 4 58 22 39 18 18 0 0 0 0 8 78 93 93 42 8 8 42 60 0 0 0 0 0 0 0 0 0 0 0 0
0 0 0 0 0 0 0 0 0 40 11 11 53 4 4 4 4 11 11 4 58 73 39 39 8 8 8 8 8 8 78 78 93 42 42 42 42 60 0 0 0 0 0 0 0 0 0 0 0 0
0 0 0 0 0 0 0 0 0 40 11 5 14 14 14 14 4 4 4 4 15 73 73 39 8 78 78 78 78 78 78 78 93 42 60 60 60 60 0 0 0 0 0 0 0 0 0 0 0 0
0 0 0 0 0 0 0 0 0 40 11 5 5 5 5 14 14 14 14 14 15 15 73 39 39 78 10 10 10 10 10 10 93 42 60 1 0 0 0 0 0 0 0 0 0 0 0 0 0 0
0 0 0 0 0 0 0 0 0 40 11 11 11 11 5 5 5 5 5 14 14 15 73 39 39 37 10 68 68 68 89 93 93 42 63 1 0 0 0 0 0 0 0 0 0 0 0 0 0 0
0 0 0 0 0 0 0 0 0 40 40 40 40 11 11 11 11 11 5 5 14 15 73 73 73 73 10 68 7 7 7 7 91 91 63 1 0 0 0 0 0 0 0 0 0 0 0 0 0 0
0 0 0 0 0 0 0 0 0 0 0 0 40 66 66 66 66 11 11 5 14 15 73 28 28 28 28 68 7 70 70 70 70 70 63 1 0 0 0 0 0 0 0 0 0 0 0 0 0 0
0 0 0 0 0 0 0 0 0 0 0 0 0 0 65 56 56 56 56 5 45 15 28 28 38 38 38 38 7 70 2 2 2 70 32 1 0 0 0 0 0 0 0 0 0 0 0 0 0 0
0 0 0 0 0 0 0 0 0 0 0 0 0 0 65 56 64 6 5 5 45 28 28 38 38 29 29 29 7 70 2 2 2 20 32 1 0 0 0 0 0 0 0 0 0 0 0 0 0 0
0 0 0 0 0 0 0 0 0 0 0 0 0 0 65 56 64 80 5 51 45 38 38 38 29 29 30 17 7 70 70 70 2 20 1 1 0 0 0 0 0 0 0 0 0 0 0 0 0 0
0 0 0 0 0 0 0 0 0 0 0 0 0 0 25 56 54 80 69 51 38 38 29 29 29 33 30 21 21 21 21 43 2 20 1 0 0 0 0 0 0 0 0 0 0 0 0 0 0 0
0 0 0 0 0 0 0 0 0 0 0 0 0 97 25 23 54 80 69 29 29 29 29 80 33 33 30 98 98 98 13 13 2 20 1 0 0 0 0 0 0 0 0 0 0 0 0 0 0 0
0 0 0 0 0 0 0 0 0 0 0 0 0 97 23 23 54 80 80 80 80 80 80 80 33 30 30 52 90 82 82 2 2 20 1 0 0 0 0 0 0 0 0 0 0 0 0 0 0 0
0 0 0 0 0 0 0 0 0 0 0 0 0 97 23 54 54 54 80 80 80 80 80 80 33 30 9 52 90 20 20 20 20 20 1 0 0 0 0 0 0 0 0 0 0 0 0 0 0 0
0 0 0 0 0 0 0 0 0 0 0 0 0 97 83 83 80 80 80 33 33 33 33 33 33 30 9 52 85 20 62 62 62 1 1 0 0 0 0 0 0 0 0 0 0 0 0 0 0 0
0 0 0 0 0 0 0 0 0 0 0 0 0 97 83 50 50 33 33 33 67 67 67 33 30 30 9 52 85 85 85 85 62 62 62 0 0 0 0 0 0 0 0 0 0 0 0 0 0 0
0 0 0 0 0 0 0 0 0 0 0 0 0 97 83 55 49 49 67 67 67 67 33 33 30 9 9 52 52 52 52 85 85 85 62 0 0 0 0 0 0 0 0 0 0 0 0 0 0 0
0 0 0 0 0 0 0 0 0 0 0 0 0 97 83 55 55 55 55 67 99 67 33 30 30 9 9 9 9 9 52 52 52 85 62 0 0 0 0 0 0 0 0 0 0 0 0 0 0 0
0 0 0 0 0 0 0 0 0 0 0 0 0 97 83 83 83 83 67 67 99 67 67 99 9 9 48 48 48 9 9 9 52 85 62 0 0 0 0 0 0 0 0 0 0 0 0 0 0 0
0 0 0 0 0 0 0 92 92 97 97 97 97 97 97 97 97 47 67 99 99 99 99 99 46 46 46 27 48 48 9 52 52 85 62 0 0 0 0 0 0 0 0 0 0 0 0 0 0 0
0 0 0 0 0 0 0 92 87 87 47 47 47 47 47 47 47 47 67 99 46 46 46 46 46 0 0 27 12 48 9 52 85 85 62 62 62 62 62 62 0 0 0 0 0 0 0 0 0 0
0 0 0 0 0 0 0 92 26 47 47 92 92 92 92 44 88 16 67 99 46 46 0 0 0 0 0 0 0 48 9 52 85 85 85 19 19 19 19 62 0 0 0 0 0 0 0 0 0 0
0 0 0 0 0 0 0 92 36 36 92 92 0 0 0 0 88 88 67 99 99 46 0 0 0 0 0 0 0 48 9 52 52 52 85 41 100 48 19 62 0 0 0 0 0 0 0 0 0 0
0 0 0 0 0 0 0 92 92 92 92 0 0 0 0 0 0 88 67 67 99 46 0 0 0 0 0 0 0 48 9 9 9 52 85 41 48 48 19 62 62 62 75 0 0 0 0 0 0 0
0 0 0 0 0 0 0 0 0 0 0 0 0 0 0 0 0 88 88 67 99 46 0 0 0 0 0 0 0 48 48 48 9 9 41 41 48 48 19 62 79 77 75 0 0 0 0 0 0 0
0 0 0 0 0 0 0 0 0 0 0 0 0 0 0 0 0 0 88 88 95 46 0 0 0 0 0 0 0 0 0 48 48 48 48 48 48 48 19 19 19 77 59 0 0 0 0 0 0 0
0 0 0 0 0 0 0 0 0 0 0 0 0 0 0 0 0 0 0 88 95 81 0 0 0 0 0 0 0 0 0 0 0 0 0 0 0 48 48 48 48 48 59 0 0 0 0 0 0 0
0 0 0 0 0 0 0 0 0 0 0 0 0 0 0 0 0 0 88 88 95 0 0 0 0 0 0 0 0 0 0 0 0 0 0 0 0 0 0 0 0 0 0 0 0 0 0 0 0 0
0 0 0 0 0 0 0 0 0 0 0 0 0 0 0 0 0 0 88 34 95 0 0 0 0 0 0 0 0 0 0 0 0 0 0 0 0 0 0 0 0 0 0 0 0 0 0 0 0 0
0 0 0 0 0 0 0 0 0 0 0 0 0 0 0 0 0 0 0 95 95 0 0 0 0 0 0 0 0 0 0 0 0 0 0 0 0 0 0 0 0 0 0 0 0 0 0 0 0 0
0 0 0 0 0 0 0 0 0 0 0 0 0 0 0 0 0 0 0 0 0 0 0 0 0 0 0 0 0 0 0 0 0 0 0 0 0 0 0 0 0 0 0 0 0 0 0 0 0 0
0 0 0 0 0 0 0 0 0 0 0 0 0 0 0 0 0 0 0 0 0 0 0 0 0 0 0 0 0 0 0 0 0 0 0 0 0 0 0 0 0 0 0 0 0 0 0 0 0 0
0 0 0 0 0 0 0 0 0 0 0 0 0 0 0 0 0 0 0 0 0 0 0 0 0 0 0 0 0 0 0 0 0 0 0 0 0 0 0 0 0 0 0 0 0 0 0 0 0 0
0 0 0 0 0 0 0 0 0 0 0 0 0 0 0 0 0 0 0 0 0 0 0 0 0 0 0 0 0 0 0 0 0 0 0 0 0 0 0 0 0 0 0 0 0 0 0 0 0 0
0 0 0 0 0 0 0 0 0 0 0 0 0 0 0 0 0 0 0 0 0 0 0 0 0 0 0 0 0 0 0 0 0 0 0 0 0 0 0 0 0 0 0 0 0 0 0 0 0 0
