0 0 0 0 0 0 0 0 0 0 0 0 0 0 0 0 0 0 0 0 0 0 0 0 0 0 0 0 0 0 0 0 0 0 0 0 0 0 0 0 0 0 0 0 0 0 0 0 0 0
0 0 0 0 0 0 0 0 0 0 0 0 0 0 0 0 0 0 0 0 0 0 0 0 0 0 0 0 0 0 0 0 0 0 0 0 0 0 0 0 0 0 0 0 0 0 0 0 0 0
0 0 0 0 0 0 0 0 0 0 0 0 0 0 0 0 0 0 0 0 0 0 0 0 0 0 0 0 0 0 0 0 0 0 0 0 0 0 0 0 0 0 0 0 0 0 0 0 0 0
0 0 0 0 16 16 0 0 0 0 0 0 0 0 0 0 0 0 0 0 0 0 0 0 0 0 0 0 0 0 0 0 0 0 0 0 0 0 0 0 0 0 0 0 0 0 0 0 0 0
0 0 0 0 16 62 23 0 0 0 0 0 0 0 0 0 0 0 0 0 0 0 0 0 0 0 0 0 0 0 0 0 0 0 0 0 0 0 0 0 0 0 0 0 0 0 0 0 0 0
0 0 0 0 16 16 23 23 23 0 0 0 0 0 0 0 0 0 0 0 0 0 0 0 0 0 0 0 0 0 0 0 0 0 0 0 0 0 0 0 0 0 0 0 0 0 0 0 0 0
0 0 0 0 22 60 60 60 23 23 0 0 0 0 0 0 0 0 0 0 32 32 32 32 32 32 32 32 32 0 0 0 0 0 0 0 0 0 0 0 0 0 0 0 0 0 0 0 0 0
0 0 0 0 0 0 0 60 60 23 0 0 0 0 0 0 0 0 0 0 94 40 40 40 40 40 40 40 32 0 0 0 0 0 0 0 0 0 0 0 0 0 0 0 0 0 0 0 0 0
0 0 0 0 0 0 0 0 60 23 23 0 0 0 0 0 0 0 0 0 94 53 53 53 53 53 53 40 32 0 0 0 0 0 0 0 0 0 0 0 0 0 0 0 0 0 0 0 0 0
0 0 0 0 0 0 0 0 60 60 23 23 0 0 0 0 0 0 0 0 94 53 94 94 94 94 53 28 32 0 0 0 0 0 0 0 55 92 92 92 72 0 0 0 0 0 0 0 0 0
0 0 0 0 0 0 0 0 0 60 60 23 23 23 0 0 0 0 0 0 94 53 94 88 88 57 57 28 0 0 0 0 0 0 0 55 55 82 34 8 8 0 0 0 0 0 0 0 0 0
0 0 0 0 0 0 0 0 0 0 60 60 60 23 0 0 0 0 0 0 94 53 94 88 25 64 57 28 28 0 0 0 0 0 0 55 82 82 17 17 8 0 0 0 0 0 0 0 0 0
0 0 0 0 0 0 0 0 0 0 0 0 60 23 23 0 0 0 0 0 94 94 94 88 25 64 57 57 28 0 0 0 0 0 76 76 82 70 39 31 8 0 0 0 0 0 0 0 0 0
0 0 0 0 0 0 0 0 0 0 0 0 60 60 23 0 0 0 0 0 0 0 94 88 25 64 64 57 28 0 0 0 76 76 76 39 39 39 39 31 90 0 0 0 0 0 0 0 0 0
0 0 0 0 0 0 0 0 0 0 0 0 0 60 23 0 0 0 0 0 0 0 94 88 25 25 64 57 28 0 28 76 76 39 39 39 31 31 31 31 90 0 0 0 0 0 0 0 0 0
0 0 0 0 0 0 0 0 0 0 0 0 0 60 23 23 0 0 0 9 9 9 94 88 88 25 64 57 28 28 28 14 39 39 31 31 31 90 90 90 90 0 0 0 0 0 0 0 0 0
0 0 0 0 0 0 0 0 0 0 0 0 0 60 60 23 0 0 0 9 79 94 94 88 88 25 64 75 75 75 75 75 39 31 31 90 90 90 0 0 0 0 0 0 0 0 0 0 0 0
0 0 0 0 0 0 0 0 0 0 0 0 0 0 60 23 23 23 23 23 79 88 88 88 25 25 64 75 64 64 64 19 39 31 90 90 0 0 0 0 0 0 0 0 0 0 0 0 0 0
0 0 0 0 0 0 0 0 0 0 0 0 0 0 60 60 60 60 60 36 79 88 25 25 25 64 64 64 64 96 80 19 39 31 90 0 0 0 0 0 0 0 0 0 0 0 0 0 0 0
0 0 0 0 0 0 0 0 0 0 0 0 0 0 0 0 0 0 86 36 79 1 1 64 64 64 93 93 93 96 19 19 39 31 90 0 0 0 0 0 0 0 0 0 0 0 0 0 0 0
0 0 0 0 0 0 0 0 0 0 0 0 0 0 0 0 0 0 86 36 79 2 93 93 93 93 93 6 6 19 19 38 38 31 90 0 0 0 0 0 0 0 0 0 0 0 0 0 0 0
0 0 0 0 0 0 0 0 0 0 0 0 0 0 0 0 74 74 74 36 79 2 95 3 3 93 93 6 63 63 63 63 31 31 90 0 0 0 0 0 0 0 0 0 0 0 0 0 0 0
0 0 0 0 0 0 0 0 0 0 0 0 0 0 0 0 74 29 36 36 79 2 95 11 6 93 93 6 63 47 47 47 47 91 90 0 0 0 0 0 0 0 0 0 0 0 0 0 0 0
0 0 0 0 0 0 0 0 0 0 0 0 0 0 5 24 24 29 73 89 89 2 95 95 6 93 93 6 63 47 66 66 66 91 90 0 0 0 0 0 0 0 0 0 0 0 0 0 0 0
0 0 0 0 0 0 0 0 0 0 0 0 0 0 5 7 24 24 24 24 89 10 10 97 6 6 6 6 63 47 66 87 90 90 90 0 0 0 0 0 0 0 0 0 0 0 0 0 0 0
0 0 0 0 0 0 0 0 0 0 0 0 0 0 5 7 69 69 69 12 12 12 10 97 97 97 26 46 63 47 4 87 0 0 0 0 0 0 0 0 0 0 0 0 0 0 0 0 0 0
0 0 0 0 0 0 0 0 0 0 0 0 0 0 5 5 69 42 42 42 42 12 10 10 10 97 26 46 56 56 4 87 0 0 0 0 0 0 0 0 0 0 0 0 0 0 0 0 0 0
0 0 0 0 0 0 0 0 0 0 0 0 0 0 0 5 27 42 59 59 97 97 97 97 97 97 26 46 77 41 4 87 0 0 0 0 0 0 0 0 0 0 0 0 0 0 0 0 0 0
0 0 0 0 0 0 0 0 0 0 0 0 0 0 0 0 27 42 59 20 20 20 20 20 20 45 26 81 77 41 4 87 0 0 0 0 0 0 0 0 0 0 0 0 0 0 0 0 0 0
0 0 0 0 0 0 0 0 0 0 0 0 0 0 0 0 27 42 59 43 43 43 43 43 20 45 77 77 77 41 4 87 87 0 0 0 0 0 0 0 0 0 0 0 0 0 0 0 0 0
0 0 0 0 0 0 0 0 0 0 0 0 0 0 0 0 27 42 15 15 15 15 43 20 20 45 50 77 41 41 4 4 87 87 87 67 0 0 0 0 0 0 0 0 0 0 0 0 0 0
0 0 0 0 0 0 0 0 0 0 0 0 0 0 0 0 27 42 42 42 42 15 43 20 33 33 50 77 41 41 41 4 4 4 30 67 0 0 0 0 0 0 0 0 0 0 0 0 0 0
0 0 0 0 0 0 0 0 0 0 0 0 0 0 0 0 27 27 98 15 15 15 43 20 33 18 50 77 77 77 41 41 41 21 30 67 0 0 0 0 0 0 0 0 0 0 0 0 0 0
0 0 0 0 0 0 0 0 0 0 0 0 0 0 65 65 65 98 98 58 43 43 43 20 33 18 61 61 61 77 77 77 71 71 30 67 0 0 0 0 0 0 0 0 0 0 0 0 0 0
0 0 0 0 0 0 0 0 0 0 0 0 0 0 65 99 98 98 58 58 43 20 20 20 33 18 18 18 61 61 61 77 77 71 30 67 67 67 67 67 67 0 0 0 0 0 0 0 0 0
0 0 0 0 0 0 0 0 0 0 65 65 65 65 65 99 13 58 58 43 43 20 33 33 33 78 0 18 18 18 61 51 77 71 30 30 30 30 30 30 67 0 0 0 0 0 0 0 0 0
0 0 0 0 0 0 0 0 65 65 65 99 99 99 99 99 13 54 43 43 20 20 33 33 78 78 0 0 0 18 83 51 77 71 71 71 71 71 71 30 67 0 0 0 0 0 0 0 0 0
0 0 0 0 0 0 0 0 65 99 99 99 85 85 85 85 85 54 78 33 20 35 20 33 78 0 0 0 0 44 83 51 77 77 77 77 77 77 71 30 67 0 0 0 0 0 0 0 0 0
0 0 0 0 0 0 0 65 65 99 85 85 85 0 0 0 0 0 78 33 20 20 20 33 78 0 0 0 0 0 83 51 51 51 51 51 51 77 71 30 67 67 0 0 0 0 0 0 0 0
0 0 0 0 0 0 0 65 99 99 85 0 0 0 0 0 0 0 78 33 33 33 33 33 78 0 0 0 0 0 83 83 83 83 83 83 51 77 71 30 52 67 67 0 0 0 0 0 0 0
0 0 0 0 0 0 65 65 99 85 85 0 0 0 0 0 0 0 78 78 78 78 78 78 78 0 0 0 0 0 0 0 0 0 0 83 51 51 37 37 52 52 67 67 67 0 0 0 0 0
0 0 0 0 0 0 65 99 99 85 0 0 0 0 0 0 0 0 0 0 0 0 0 0 0 0 0 0 0 0 0 0 0 0 0 83 83 83 83 37 84 52 52 52 67 67 67 0 0 0
0 0 0 0 0 0 65 99 85 85 0 0 0 0 0 0 0 0 0 0 0 0 0 0 0 0 0 0 0 0 0 0 0 0 0 0 0 0 49 49 84 84 84 52 52 52 67 67 0 0
0 0 0 0 0 0 65 99 99 0 0 0 0 0 0 0 0 0 0 0 0 0 0 0 0 0 0 0 0 0 0 0 0 0 0 0 0 0 0 0 0 0 84 84 84 52 52 67 0 0
0 0 0 0 0 0 65 65 99 0 0 0 0 0 0 0 0 0 0 0 0 0 0 0 0 0 0 0 0 0 0 0 0 0 0 0 0 0 0 0 0 0 0 0 84 84 52 67 0 0
0 0 0 0 0 65 65 65 99 0 0 0 0 0 0 0 0 0 0 0 0 0 0 0 0 0 0 0 0 0 0 0 0 0 0 0 0 0 0 0 0 0 0 0 84 48 52 67 0 0
0 0 0 0 65 65 99 99 99 0 0 0 0 0 0 0 0 0 0 0 0 0 0 0 0 0 0 0 0 0 0 0 0 0 0 0 0 0 0 0 0 0 0 0 84 84 67 67 68 0
0 0 0 0 65 100 99 0 0 0 0 0 0 0 0 0 0 0 0 0 0 0 0 0 0 0 0 0 0 0 0 0 0 0 0 0 0 0 0 0 0 0 0 0 0 0 0 0 0 0
0 0 0 0 0 99 99 0 0 0 0 0 0 0 0 0 0 0 0 0 0 0 0 0 0 0 0 0 0 0 0 0 0 0 0 0 0 0 0 0 0 0 0 0 0 0 0 0 0 0
0 0 0 0 0 0 0 0 0 0 0 0 0 0 0 0 0 0 0 0 0 0 0 0 0 0 0 0 0 0 0 0 0 0 0 0 0 0 0 0 0 0 0 0 0 0 0 0 0 0
