0 0 0 0 0 0 0 0 0 0 0 0 0 0 0 0 0 0 0 0 0 0 0 0 0 0 0 0 0 0 0 0 0 0 0 0 0 0 0 0 0 0 0 0 0 0 0 0 0 0
0 0 0 0 0 0 0 0 0 0 0 0 0 0 0 0 0 0 0 0 0 0 0 0 0 0 0 0 0 0 0 0 0 0 0 0 0 0 0 0 0 0 0 0 0 0 0 0 0 0
0 0 0 0 0 0 0 0 0 0 0 0 0 0 0 0 0 0 0 0 0 0 0 0 0 0 0 0 0 0 0 0 0 0 0 0 0 0 0 0 0 0 0 0 0 0 0 0 0 0
0 0 0 0 0 0 0 0 0 0 0 0 0 0 0 0 0 0 0 0 0 0 0 0 0 0 0 0 0 0 0 0 0 0 0 0 0 0 0 0 0 0 0 0 0 0 0 0 0 0
0 0 0 0 0 0 0 0 0 0 0 0 0 0 0 0 0 0 0 0 0 0 0 0 0 0 0 0 0 0 0 0 0 0 0 0 0 0 0 0 0 0 0 0 0 0 0 0 0 0
0 0 0 80 80 80 0 0 0 0 0 0 0 0 0 0 0 0 0 0 0 0 0 0 0 0 0 0 0 0 0 0 0 0 0 0 0 0 0 0 0 0 0 0 0 0 0 0 0 0
0 0 0 9 71 64 64 0 0 0 0 0 0 0 0 0 0 0 0 0 0 0 0 0 0 0 0 0 0 0 0 0 0 0 0 38 38 38 0 0 0 0 0 0 0 0 0 0 0 0
0 0 0 9 69 69 64 0 0 0 25 44 44 44 0 0 0 0 0 0 0 0 0 0 0 0 0 0 0 0 0 0 0 0 0 38 27 38 0 0 0 0 0 0 0 0 0 0 0 0
0 0 0 0 0 69 64 64 64 64 64 64 82 44 44 44 0 0 0 0 0 0 0 0 0 0 0 0 0 0 0 0 0 0 38 38 72 5 0 0 0 0 0 0 0 0 0 0 0 0
0 0 0 0 0 69 69 69 69 69 69 69 82 43 43 44 0 0 0 0 0 0 0 0 0 0 0 0 0 0 0 0 0 0 38 72 72 5 0 0 0 0 0 60 60 73 0 0 0 0
0 0 0 0 0 0 0 0 0 0 0 69 82 87 76 44 44 68 68 68 0 0 0 0 0 0 0 0 0 0 0 38 38 38 38 72 5 5 60 60 60 60 60 60 78 78 0 0 0 0
0 0 0 0 0 0 0 0 0 0 0 69 82 87 40 40 83 83 83 68 0 0 0 0 0 0 0 0 0 0 0 38 72 72 72 72 5 60 60 34 34 34 34 34 34 53 0 0 0 0
0 0 0 0 0 0 0 0 0 0 0 69 42 87 40 51 51 51 83 68 0 0 0 0 0 0 0 0 0 0 0 38 72 5 5 5 5 60 60 34 0 0 0 0 0 0 0 0 0 0
0 0 0 0 0 0 0 0 0 0 0 99 42 87 40 40 40 51 83 68 0 0 0 0 38 38 38 38 38 38 0 38 72 5 5 5 34 34 34 34 0 0 0 0 0 0 0 0 0 0
0 0 0 0 0 0 99 99 99 99 99 99 42 87 87 87 40 51 83 68 0 0 0 0 38 17 17 17 17 38 38 38 72 5 34 34 34 0 0 0 0 0 0 0 0 0 0 0 0 0
0 0 0 0 0 15 99 42 42 42 42 42 42 42 42 87 40 51 83 68 0 0 0 20 38 17 74 74 17 17 38 56 72 72 34 0 0 0 0 0 0 0 0 0 0 0 0 0 0 0
0 0 0 0 0 15 8 42 85 87 87 87 87 42 42 87 40 51 83 68 68 68 68 20 23 17 98 100 100 17 17 17 17 72 34 0 0 0 0 0 0 0 0 0 0 0 0 0 0 0
0 0 0 0 0 15 8 4 28 28 28 28 87 42 42 87 40 51 83 83 83 83 83 83 23 24 98 98 63 63 63 63 31 72 34 0 0 0 0 0 0 0 0 0 0 0 0 0 0 0
0 0 0 0 0 15 8 4 4 4 4 28 87 87 87 87 40 51 51 51 51 51 51 51 51 24 24 98 18 18 18 63 34 34 34 0 0 0 0 0 0 0 0 0 0 0 0 0 0 0
0 0 0 0 0 15 8 8 8 8 4 28 28 28 28 87 40 40 40 40 40 40 40 40 51 51 24 98 86 39 45 63 34 59 0 0 0 0 0 0 0 0 0 0 0 0 0 0 0 0
0 0 0 0 0 15 15 15 15 8 4 4 4 4 28 28 28 28 28 28 28 28 28 40 51 51 24 24 86 54 45 63 12 59 0 0 0 0 0 0 0 0 0 0 0 0 0 0 0 0
0 0 0 0 0 0 0 15 26 26 26 26 26 4 4 4 4 4 4 4 4 3 28 40 40 51 24 86 86 67 45 19 12 59 0 0 0 0 0 0 0 0 0 0 0 0 0 0 0 0
0 0 0 0 0 0 0 15 7 0 0 0 26 26 26 26 26 26 26 26 26 3 81 81 70 70 24 86 67 67 19 19 59 59 0 0 0 0 0 0 0 0 0 0 0 0 0 0 0 0
0 0 0 0 0 0 0 0 0 0 0 0 0 0 0 0 0 66 47 26 26 3 81 86 86 86 86 86 67 19 19 59 59 0 0 0 0 0 0 0 0 0 0 0 0 0 0 0 0 0
0 0 0 0 0 0 0 0 0 0 0 0 0 0 0 0 0 0 47 6 58 3 65 86 67 67 86 86 67 19 59 59 0 0 0 0 0 0 0 0 0 0 0 0 0 0 0 0 0 0
0 0 0 0 0 0 0 0 0 0 0 0 0 0 0 0 0 0 47 6 65 65 65 95 94 67 67 67 67 19 59 59 59 59 0 0 0 0 0 0 0 0 0 0 0 0 0 0 0 0
0 0 0 0 0 0 0 0 0 0 0 0 0 0 0 0 0 0 47 6 6 29 21 21 94 94 67 19 19 19 79 79 79 59 0 0 0 0 0 0 0 0 0 0 0 0 0 0 0 0
0 0 0 0 0 0 0 0 0 0 0 0 0 0 0 47 47 47 47 47 47 29 21 21 21 94 67 13 19 93 93 93 79 59 88 88 88 88 88 88 88 0 0 0 0 0 0 0 0 0
0 0 0 0 0 0 0 0 0 0 0 0 0 0 0 47 1 1 1 1 29 29 21 50 21 94 32 13 19 19 19 93 79 77 77 77 77 77 77 77 88 0 0 0 0 0 0 0 0 0
0 0 0 0 0 0 0 0 0 0 0 0 0 0 0 47 1 62 62 62 62 21 21 50 21 57 57 13 13 13 19 93 79 93 93 93 93 93 93 77 88 0 0 0 0 0 0 0 0 0
0 0 0 0 0 0 0 0 0 0 0 0 0 0 0 47 1 62 97 97 97 97 50 50 50 50 50 50 50 13 19 93 93 93 19 19 19 19 93 96 88 0 0 0 0 0 0 0 0 0
0 0 0 0 0 0 0 0 0 0 0 0 0 0 0 47 1 62 97 61 61 61 61 14 14 14 14 14 50 13 19 19 19 19 19 37 37 37 91 96 88 0 0 0 0 0 0 0 0 0
0 0 0 0 0 0 0 0 0 0 0 0 0 0 0 47 1 62 97 61 0 0 0 0 0 0 0 14 50 13 13 13 13 13 19 36 91 91 91 96 88 0 0 0 0 0 0 0 0 0
0 0 0 0 0 0 0 0 0 0 0 0 0 0 47 47 1 62 97 61 0 0 0 0 0 0 0 14 50 50 50 50 50 13 13 36 91 96 96 96 88 0 0 0 0 0 0 0 0 0
0 0 0 0 0 0 0 0 0 0 0 0 0 0 47 1 1 62 97 61 0 0 0 0 0 0 0 14 14 14 14 14 50 50 13 36 91 96 88 88 88 0 0 0 0 0 0 0 0 0
0 0 0 0 0 0 0 0 0 0 0 0 0 47 47 1 62 62 97 61 61 0 0 0 0 0 0 0 0 0 0 14 14 50 16 48 91 96 88 0 0 0 0 0 0 0 0 0 0 0
0 0 0 0 0 0 0 0 0 0 0 0 0 47 33 1 62 90 97 92 61 0 0 0 0 0 0 0 0 0 0 0 14 50 11 48 48 96 30 0 0 0 0 0 0 0 0 0 0 0
0 0 0 0 0 0 0 0 0 0 52 52 52 52 52 1 62 90 90 90 90 10 0 0 0 0 0 0 0 0 0 0 14 50 50 50 84 84 30 0 0 0 0 0 0 0 0 0 0 0
0 0 0 0 0 0 0 0 0 0 52 49 35 75 75 75 62 90 0 0 0 0 0 0 0 0 0 0 0 0 0 0 14 14 14 14 14 30 30 0 0 0 0 0 0 0 0 0 0 0
0 0 0 0 0 0 0 0 0 0 52 46 46 46 22 22 22 90 89 0 0 0 0 0 0 0 0 0 0 0 0 0 0 0 0 0 0 0 0 0 0 0 0 0 0 0 0 0 0 0
0 0 0 0 0 0 0 0 0 0 55 55 55 2 22 89 41 41 89 0 0 0 0 0 0 0 0 0 0 0 0 0 0 0 0 0 0 0 0 0 0 0 0 0 0 0 0 0 0 0
0 0 0 0 0 0 0 0 0 0 0 0 0 0 0 89 89 89 89 0 0 0 0 0 0 0 0 0 0 0 0 0 0 0 0 0 0 0 0 0 0 0 0 0 0 0 0 0 0 0
0 0 0 0 0 0 0 0 0 0 0 0 0 0 0 0 0 0 0 0 0 0 0 0 0 0 0 0 0 0 0 0 0 0 0 0 0 0 0 0 0 0 0 0 0 0 0 0 0 0
0 0 0 0 0 0 0 0 0 0 0 0 0 0 0 0 0 0 0 0 0 0 0 0 0 0 0 0 0 0 0 0 0 0 0 0 0 0 0 0 0 0 0 0 0 0 0 0 0 0
0 0 0 0 0 0 0 0 0 0 0 0 0 0 0 0 0 0 0 0 0 0 0 0 0 0 0 0 0 0 0 0 0 0 0 0 0 0 0 0 0 0 0 0 0 0 0 0 0 0
0 0 0 0 0 0 0 0 0 0 0 0 0 0 0 0 0 0 0 0 0 0 0 0 0 0 0 0 0 0 0 0 0 0 0 0 0 0 0 0 0 0 0 0 0 0 0 0 0 0
0 0 0 0 0 0 0 0 0 0 0 0 0 0 0 0 0 0 0 0 0 0 0 0 0 0 0 0 0 0 0 0 0 0 0 0 0 0 0 0 0 0 0 0 0 0 0 0 0 0
0 0 0 0 0 0 0 0 0 0 0 0 0 0 0 0 0 0 0 0 0 0 0 0 0 0 0 0 0 0 0 0 0 0 0 0 0 0 0 0 0 0 0 0 0 0 0 0 0 0
0 0 0 0 0 0 0 0 0 0 0 0 0 0 0 0 0 0 0 0 0 0 0 0 0 0 0 0 0 0 0 0 0 0 0 0 0 0 0 0 0 0 0 0 0 0 0 0 0 0
0 0 0 0 0 0 0 0 0 0 0 0 0 0 0 0 0 0 0 0 0 0 0 0 0 0 0 0 0 0 0 0 0 0 0 0 0 0 0 0 0 0 0 0 0 0 0 0 0 0
