0 0 0 0 0 0 0 0 0 0 0 0 0 0 0 0 0 0 0 0 0 0 0 0 0 0 0 0 0 0 0 0 0 0 0 0 0 0 0 0 0 0 0 0 0 0 0 0 0 0
0 0 0 0 0 0 0 0 0 0 0 0 0 0 0 0 0 0 0 0 0 0 0 0 0 0 0 0 0 0 0 0 0 0 0 0 0 0 0 0 0 0 0 0 0 0 0 0 0 0
0 0 0 0 0 0 0 0 0 0 0 0 0 0 0 0 0 0 0 0 0 0 0 0 0 0 0 0 0 0 0 0 0 0 0 0 0 0 0 0 0 0 0 0 0 0 0 0 0 0
0 0 0 0 0 0 0 0 0 0 0 0 0 0 0 0 0 0 0 0 0 0 0 0 0 0 0 0 0 0 0 0 0 0 0 0 0 0 0 0 0 0 0 0 0 0 0 0 0 0
0 0 0 0 0 0 0 0 0 0 0 0 0 0 0 0 0 0 0 0 0 0 0 0 0 0 0 0 0 0 0 0 0 0 0 0 0 0 0 0 0 0 0 0 0 0 0 0 0 0
0 0 0 0 0 0 0 0 0 0 0 0 0 0 0 0 0 0 0 0 0 0 0 0 0 0 0 0 0 0 0 0 0 0 0 0 0 0 0 0 0 0 0 0 0 0 0 0 0 0
0 0 0 0 0 0 0 0 0 0 0 0 0 0 0 0 0 0 0 0 0 0 0 0 0 0 0 0 0 0 0 0 0 0 0 0 0 0 0 0 0 0 0 0 0 0 0 0 0 0
0 0 0 0 0 0 0 0 0 86 86 86 0 0 0 0 0 0 0 0 0 0 0 0 0 0 0 0 0 0 0 0 0 0 0 0 0 0 0 0 0 0 0 0 0 0 0 0 0 0
0 0 0 0 0 0 0 0 0 86 30 19 0 0 0 0 0 0 0 0 0 0 0 0 0 0 0 0 0 0 0 0 0 0 0 0 0 0 0 0 0 0 0 0 0 0 0 0 0 0
0 0 0 0 0 0 0 0 32 86 88 19 19 19 19 19 0 0 0 0 0 0 0 0 0 0 0 0 0 0 0 0 0 0 0 0 0 0 0 0 0 0 0 0 0 0 0 0 0 0
0 0 0 0 0 0 0 0 32 40 88 88 88 88 88 19 0 0 0 0 0 0 0 0 0 0 0 0 0 0 0 0 0 0 0 0 0 0 0 0 0 0 0 0 0 0 0 0 0 0
0 0 0 0 0 0 0 0 0 40 40 40 40 40 88 19 19 0 0 0 0 0 0 0 0 0 0 0 0 0 0 0 0 0 0 0 0 0 0 0 0 0 0 0 0 0 0 0 0 0
0 0 0 0 0 0 0 0 0 0 0 0 0 40 88 88 19 19 19 0 0 0 0 0 0 0 0 0 0 0 0 0 0 0 0 0 0 0 0 0 0 0 0 0 0 0 0 0 0 0
0 0 0 0 0 0 0 0 0 0 0 0 0 40 40 88 88 88 19 0 0 0 0 0 0 0 0 0 0 0 0 0 0 0 0 0 0 0 0 0 0 0 0 0 0 0 0 0 0 0
0 0 0 0 0 0 0 0 0 0 0 0 0 0 40 40 40 88 19 0 0 0 0 0 0 0 0 0 0 0 22 22 22 22 22 22 0 0 0 0 0 0 0 0 0 0 0 0 0 0
0 0 0 0 0 0 0 0 0 0 0 0 0 0 0 0 40 88 19 0 0 0 0 0 0 0 0 0 0 0 22 87 87 87 87 22 22 56 0 0 0 0 0 0 0 0 0 0 0 0
0 0 0 0 0 0 0 0 0 0 0 0 0 0 0 0 40 88 19 19 0 0 0 0 0 35 35 35 35 66 22 81 2 10 87 87 39 39 0 0 0 0 0 0 0 0 0 0 0 0
0 63 63 63 63 63 0 0 0 0 0 0 0 0 0 0 40 88 88 19 0 0 0 0 0 35 61 61 61 61 61 81 2 43 43 87 20 39 15 0 0 0 0 0 0 0 0 0 0 0
0 63 95 95 95 7 7 7 7 7 7 7 7 7 0 0 40 40 88 19 51 44 0 0 0 35 61 55 55 55 55 81 2 2 43 87 43 43 15 15 0 0 0 0 0 0 0 0 0 0
0 63 95 80 95 7 25 25 25 25 25 25 25 7 7 7 7 7 88 19 19 44 35 35 35 35 61 55 69 69 69 69 69 13 43 87 43 6 6 15 15 15 0 0 0 0 0 0 0 0
0 63 98 25 25 25 25 98 98 98 98 98 25 25 25 25 7 79 88 88 52 44 44 4 4 61 61 55 69 70 70 70 60 60 43 43 43 43 6 6 71 15 0 0 0 0 0 0 0 0
0 0 98 98 98 98 98 98 0 0 0 98 98 98 98 25 59 79 84 24 52 52 52 52 55 55 55 55 69 69 69 70 60 60 60 60 60 60 37 6 74 15 0 0 0 0 0 0 0 0
0 0 0 0 0 0 0 0 0 0 0 0 0 0 98 25 59 84 84 42 52 57 57 55 55 5 5 5 5 5 69 70 60 37 37 37 37 37 37 28 74 0 0 0 0 0 0 0 0 0
0 0 0 0 0 0 0 0 0 0 0 0 0 0 98 38 59 84 89 42 42 42 5 5 5 5 26 16 45 45 70 70 60 37 28 28 28 28 28 28 74 0 0 0 0 0 0 0 0 0
0 0 0 0 0 0 0 0 0 0 0 0 0 0 98 38 83 83 89 76 33 42 5 26 26 26 26 45 45 70 70 60 60 37 28 74 74 74 74 74 74 92 92 0 0 0 0 0 0 0
0 0 0 0 0 0 0 0 0 0 0 0 0 0 98 53 53 83 89 89 33 5 5 26 41 41 26 64 73 73 70 70 37 37 28 28 28 28 28 28 28 14 92 0 0 0 0 0 0 0
0 0 0 0 0 0 0 0 0 0 0 0 0 0 47 47 53 83 85 26 26 26 26 26 41 3 3 3 3 73 68 70 28 28 28 92 92 92 92 92 92 92 92 0 0 0 0 0 0 0
0 0 0 0 0 0 0 0 0 0 0 0 0 0 0 47 53 83 23 23 23 41 41 41 41 97 34 34 3 99 70 70 28 92 92 92 0 0 0 0 0 0 0 0 0 0 0 0 0 0
0 0 0 0 0 0 0 0 0 0 0 0 0 0 0 91 53 53 53 23 100 100 27 36 34 34 34 34 34 99 70 28 28 92 0 0 0 0 0 0 0 0 0 0 0 0 0 0 0 0
0 0 0 0 0 0 0 0 0 0 0 0 0 0 0 91 23 23 23 23 100 27 27 36 36 36 36 36 34 90 70 28 28 92 0 0 0 0 0 0 0 0 0 0 0 0 0 0 0 0
0 0 0 0 0 0 0 0 0 0 0 0 0 0 62 91 78 100 100 100 100 27 58 58 58 58 58 36 34 31 31 31 28 1 1 0 0 0 0 0 0 0 0 0 0 0 0 0 0 0
0 0 0 0 0 0 0 0 0 0 0 0 0 0 62 82 78 100 50 50 50 27 72 72 72 72 58 36 29 29 29 18 18 18 1 1 1 0 0 0 0 0 0 0 0 0 0 0 0 0
0 0 0 0 0 0 0 0 0 0 0 0 0 0 0 82 78 100 50 0 0 0 0 0 0 72 58 58 58 58 54 54 54 46 46 46 1 1 0 0 0 0 0 0 0 0 0 0 0 0
0 0 0 0 0 0 0 0 0 0 0 0 0 0 0 82 78 100 50 0 0 0 0 0 0 72 72 72 72 58 58 58 54 54 54 46 46 1 1 0 0 0 0 0 0 0 0 0 0 0
0 0 0 0 0 0 0 0 0 0 0 0 0 0 0 82 78 100 50 0 0 0 0 0 0 0 0 0 72 72 72 58 58 58 54 54 46 46 1 0 0 0 0 0 0 0 0 0 0 0
0 0 0 0 0 0 0 0 0 0 0 0 0 0 0 82 78 100 50 0 0 0 0 0 0 0 0 0 0 0 72 72 72 58 58 54 54 46 1 1 0 0 0 0 0 0 0 0 0 0
0 0 0 0 0 0 0 0 0 0 0 0 0 0 82 82 78 100 50 0 0 0 0 0 0 0 0 0 0 0 0 0 72 72 58 58 54 46 46 1 94 0 0 0 0 0 0 0 0 0
0 0 0 0 0 0 0 0 0 0 0 82 82 82 82 78 78 100 50 0 0 0 0 0 0 0 0 0 0 0 0 0 0 72 72 58 54 12 46 21 94 0 0 0 0 0 0 0 0 0
0 0 0 0 0 0 0 0 0 0 77 82 67 78 78 78 100 100 50 0 0 0 0 0 0 0 0 0 0 0 0 0 0 58 58 58 54 12 93 93 93 0 0 0 0 0 0 0 0 0
0 0 0 0 0 0 0 0 0 0 77 65 67 11 100 100 100 50 50 0 0 0 0 0 0 0 0 0 0 0 0 0 58 58 75 58 54 12 12 12 0 0 0 0 0 0 0 0 0 0
0 0 0 0 0 0 0 0 0 0 77 48 67 100 100 50 50 50 0 0 0 0 0 0 0 0 0 0 0 0 0 0 58 75 75 58 54 54 54 12 12 9 0 0 0 0 0 0 0 0
0 0 0 0 0 0 0 0 0 0 0 48 48 48 50 50 0 0 0 0 0 0 0 0 0 0 0 0 0 0 0 0 58 75 75 58 58 17 54 49 96 9 0 0 0 0 0 0 0 0
0 0 0 0 0 0 0 0 0 0 0 0 0 0 0 0 0 0 0 0 0 0 0 0 0 0 0 0 0 0 0 0 58 75 75 75 75 17 96 96 96 0 0 0 0 0 0 0 0 0
0 0 0 0 0 0 0 0 0 0 0 0 0 0 0 0 0 0 0 0 0 0 0 0 0 0 0 0 0 0 0 0 58 58 0 0 75 75 75 0 0 0 0 0 0 0 0 0 0 0
0 0 0 0 0 0 0 0 0 0 0 0 0 0 0 0 0 0 0 0 0 0 0 0 0 0 0 0 0 0 0 0 0 8 0 0 0 0 0 0 0 0 0 0 0 0 0 0 0 0
0 0 0 0 0 0 0 0 0 0 0 0 0 0 0 0 0 0 0 0 0 0 0 0 0 0 0 0 0 0 0 0 0 0 0 0 0 0 0 0 0 0 0 0 0 0 0 0 0 0
0 0 0 0 0 0 0 0 0 0 0 0 0 0 0 0 0 0 0 0 0 0 0 0 0 0 0 0 0 0 0 0 0 0 0 0 0 0 0 0 0 0 0 0 0 0 0 0 0 0
0 0 0 0 0 0 0 0 0 0 0 0 0 0 0 0 0 0 0 0 0 0 0 0 0 0 0 0 0 0 0 0 0 0 0 0 0 0 0 0 0 0 0 0 0 0 0 0 0 0
0 0 0 0 0 0 0 0 0 0 0 0 0 0 0 0 0 0 0 0 0 0 0 0 0 0 0 0 0 0 0 0 0 0 0 0 0 0 0 0 0 0 0 0 0 0 0 0 0 0
0 0 0 0 0 0 0 0 0 0 0 0 0 0 0 0 0 0 0 0 0 0 0 0 0 0 0 0 0 0 0 0 0 0 0 0 0 0 0 0 0 0 0 0 0 0 0 0 0 0
