0 0 0 0 0 0 0 0 0 0 0 0 0 0 0 0 0 0 0 0 0 0 0 0 0 0 0 0 0 0 0 0 0 0 0 0 0 0 0 0 0 0 0 0 0 0 0 0 0 0
0 0 0 0 0 0 0 0 0 0 0 0 0 0 0 0 0 0 0 0 0 0 0 0 0 0 0 0 0 0 0 0 0 0 0 0 0 0 0 0 0 0 0 0 0 0 0 0 0 0
0 0 0 0 0 0 0 0 0 0 0 0 0 0 0 0 0 0 0 0 0 0 0 0 0 0 0 0 0 0 0 0 0 0 0 0 0 0 0 0 0 0 0 0 0 0 0 0 0 0
0 0 0 0 0 0 0 0 0 0 0 0 0 0 0 0 0 0 0 0 0 0 0 0 0 0 0 0 0 0 0 0 0 0 0 0 0 0 0 0 0 0 0 0 0 0 0 0 0 0
0 0 0 0 0 0 0 0 0 0 0 0 0 0 0 0 0 0 0 0 0 0 0 0 0 0 0 0 0 0 0 0 0 0 0 0 0 12 12 0 0 0 0 0 0 0 0 0 0 0
0 0 0 0 0 0 0 0 0 0 0 0 0 0 0 0 0 0 0 0 0 0 0 0 0 0 0 0 0 0 0 0 0 0 0 0 0 93 68 68 68 0 0 0 0 0 0 0 0 0
0 0 0 0 0 0 0 0 0 0 0 0 0 0 0 0 0 0 0 0 0 0 0 0 0 0 0 0 0 0 0 0 0 0 0 0 93 93 89 38 77 0 0 0 0 35 35 35 35 35
0 0 0 0 0 0 0 0 0 0 0 0 0 0 0 0 0 0 0 0 0 0 0 0 0 0 0 0 0 0 0 0 0 0 0 93 93 89 89 35 77 0 0 0 0 35 9 9 9 35
0 0 0 0 0 0 0 0 0 0 0 0 0 0 0 0 0 0 0 0 0 0 0 0 0 0 0 0 0 0 0 0 0 0 0 93 89 89 35 35 77 0 0 35 35 35 35 35 35 0
0 0 0 0 0 0 0 0 0 0 0 0 0 0 0 0 0 0 0 0 0 0 0 0 0 0 0 0 0 0 0 0 0 0 0 93 89 35 35 77 77 0 0 35 0 0 0 0 0 0
0 0 0 51 51 51 0 61 24 0 0 0 0 0 0 0 0 0 0 0 0 0 0 0 0 0 0 0 0 0 0 0 0 0 0 93 89 35 77 77 35 35 35 35 0 0 0 0 0 0
0 0 0 51 7 51 51 51 24 20 20 20 20 20 20 0 0 0 0 0 0 0 0 0 0 0 0 0 0 0 0 0 0 0 0 93 89 35 35 35 35 0 0 0 0 0 0 0 0 0
0 0 0 0 97 97 97 97 97 20 97 97 97 97 20 20 20 20 0 0 0 0 0 0 0 0 0 0 0 0 0 0 0 0 0 93 89 35 0 0 0 0 0 0 0 0 0 0 0 0
0 0 0 0 0 0 0 0 97 97 97 98 98 97 97 97 97 20 0 0 0 0 0 0 0 0 0 0 0 0 0 0 0 0 0 93 89 35 0 0 0 0 0 0 0 0 0 0 0 0
0 0 0 0 0 0 0 0 0 0 67 98 73 73 60 60 97 20 0 0 0 0 0 0 0 0 0 0 0 34 34 34 34 52 93 93 89 35 0 0 0 0 0 0 0 0 0 0 0 0
0 0 0 0 0 0 0 0 0 0 67 32 73 18 6 60 97 20 0 0 0 0 0 0 0 0 0 0 34 34 25 25 25 52 89 89 89 35 0 0 0 0 0 0 0 0 0 0 0 0
0 0 0 0 0 0 0 0 0 0 0 32 73 18 6 60 97 20 20 20 0 100 100 100 100 0 0 0 34 25 25 82 89 89 89 35 35 35 0 0 0 0 0 0 0 0 0 0 0 0
0 0 0 0 0 0 0 0 0 0 0 32 73 18 6 60 97 97 97 20 56 56 26 26 81 81 81 34 34 25 15 15 89 35 35 35 64 0 0 0 0 0 0 0 0 0 0 0 0 0
0 0 0 0 0 0 0 0 0 0 0 32 73 18 6 60 60 60 97 29 29 29 29 21 21 21 81 81 25 25 15 13 13 35 10 10 10 0 0 0 0 0 0 0 0 0 0 0 0 0
0 0 0 0 0 0 0 0 0 0 0 32 73 18 6 6 6 60 60 60 60 60 60 60 60 21 21 21 25 39 15 23 53 53 10 71 71 71 71 71 0 0 0 0 0 0 0 0 0 0
0 0 0 0 0 0 0 0 0 0 0 32 73 18 18 18 6 27 27 60 27 27 27 27 60 1 1 57 57 39 23 23 49 49 49 49 49 49 49 71 71 71 71 0 0 0 0 0 0 0
0 0 0 0 0 0 0 0 0 0 0 32 73 73 73 18 14 8 27 27 27 8 30 22 22 22 75 75 39 39 66 66 66 66 66 66 66 66 49 49 49 54 71 0 0 0 0 0 0 0
0 0 0 0 0 0 0 0 0 0 0 32 32 32 73 55 14 8 8 8 27 8 43 47 22 76 75 28 39 66 66 91 91 91 91 91 91 66 66 66 49 95 71 0 0 0 0 0 0 0
0 0 0 0 0 0 0 0 0 0 0 0 32 32 55 55 14 14 14 8 27 8 43 47 47 47 47 28 66 66 91 91 96 96 96 96 91 91 91 85 96 95 71 0 0 0 0 0 0 0
0 0 0 0 0 0 0 0 0 0 32 32 32 55 55 43 43 43 43 8 8 8 43 43 43 43 87 28 28 84 91 96 96 95 95 96 96 96 96 96 96 95 71 0 0 0 0 0 0 0
0 0 0 0 0 0 0 0 0 0 32 11 11 55 43 43 40 40 43 43 43 43 43 31 31 87 87 69 28 84 91 91 96 95 95 95 95 95 95 95 95 95 71 71 71 0 0 0 0 0
0 0 0 0 0 0 0 0 0 0 32 11 16 55 43 40 40 40 40 40 40 40 40 31 87 87 99 69 28 84 84 91 96 95 95 95 95 95 95 95 95 95 95 95 71 0 0 0 0 0
0 0 0 0 0 0 0 0 0 0 32 11 58 55 43 40 40 31 31 31 31 31 31 31 87 99 99 69 28 28 84 91 96 96 96 95 95 95 95 96 96 96 96 95 71 0 0 0 0 0
0 0 0 0 0 0 0 0 0 0 32 90 58 72 31 31 31 31 72 72 72 72 72 72 87 99 36 69 5 28 84 91 91 91 96 96 96 96 96 96 44 44 44 83 71 0 0 0 0 0
0 0 0 0 0 0 0 0 0 0 0 90 58 72 72 72 72 72 72 19 19 19 19 19 19 99 36 36 5 28 84 84 84 91 96 91 91 91 91 96 44 83 83 83 0 0 0 0 0 0
0 0 0 0 0 0 0 0 0 0 46 90 58 58 58 58 58 41 19 19 59 59 99 99 99 99 80 63 5 28 28 28 84 91 91 91 84 84 91 96 44 83 79 0 0 0 0 0 0 0
0 0 0 0 0 0 0 0 0 0 0 90 90 90 90 70 70 41 59 59 59 59 86 80 80 80 80 63 5 5 5 28 84 84 84 84 84 28 48 96 44 17 79 0 0 0 0 0 0 0
0 0 0 0 0 0 0 0 0 0 0 92 88 88 88 70 59 59 59 0 0 59 86 45 37 37 42 63 63 63 5 28 28 28 28 28 28 28 48 44 44 74 79 0 0 0 0 0 0 0
0 0 0 0 0 0 0 0 0 0 0 0 0 94 33 33 33 0 0 0 0 59 86 45 37 37 0 0 0 63 5 5 5 5 48 48 48 48 48 44 79 79 79 0 0 0 0 0 0 0
0 0 0 0 0 0 0 0 0 0 0 0 0 0 0 0 0 0 0 0 0 59 86 45 45 37 37 37 0 63 63 63 63 62 62 62 62 65 65 44 79 0 0 0 0 0 0 0 0 0
0 0 0 0 0 0 0 0 0 0 0 0 0 0 0 0 0 0 0 0 0 59 86 86 45 45 45 37 0 0 0 0 63 63 63 63 62 62 3 3 3 0 0 0 0 0 0 0 0 0
0 0 0 0 0 0 0 0 0 0 0 0 0 0 0 0 0 0 0 0 0 59 59 86 86 86 45 37 0 0 0 0 0 0 0 63 63 2 2 50 0 0 0 0 0 0 0 0 0 0
0 0 0 0 0 0 0 0 0 0 0 0 0 0 0 0 0 0 0 0 0 0 59 59 59 86 45 37 0 0 0 0 0 0 0 0 0 0 0 0 0 0 0 0 0 0 0 0 0 0
0 0 0 0 0 0 0 0 0 0 0 0 0 0 0 0 0 0 0 0 0 0 0 78 86 86 45 37 0 0 0 0 0 0 0 0 0 0 0 0 0 0 0 0 0 0 0 0 0 0
0 0 0 0 0 0 0 0 0 0 0 0 0 0 0 0 0 0 0 0 0 0 0 78 86 45 45 37 0 0 0 0 0 0 0 0 0 0 0 0 0 0 0 0 0 0 0 0 0 0
0 0 0 0 0 0 0 0 0 0 0 0 0 0 0 0 0 0 0 0 0 0 78 78 86 45 37 37 0 0 0 0 0 0 0 0 0 0 0 0 0 0 0 0 0 0 0 0 0 0
0 0 0 0 0 0 0 0 0 0 0 0 0 0 0 0 0 0 0 0 0 0 78 86 86 45 37 0 0 0 0 0 0 0 0 0 0 0 0 0 0 0 0 0 0 0 0 0 0 0
0 0 0 0 0 0 0 0 0 0 0 0 0 0 0 0 0 0 0 0 0 0 78 86 4 45 37 0 0 0 0 0 0 0 0 0 0 0 0 0 0 0 0 0 0 0 0 0 0 0
0 0 0 0 0 0 0 0 0 0 0 0 0 0 0 0 0 0 0 0 0 0 78 78 45 45 37 0 0 0 0 0 0 0 0 0 0 0 0 0 0 0 0 0 0 0 0 0 0 0
0 0 0 0 0 0 0 0 0 0 0 0 0 0 0 0 0 0 0 0 0 0 0 37 37 37 37 0 0 0 0 0 0 0 0 0 0 0 0 0 0 0 0 0 0 0 0 0 0 0
0 0 0 0 0 0 0 0 0 0 0 0 0 0 0 0 0 0 0 0 0 0 0 0 0 0 0 0 0 0 0 0 0 0 0 0 0 0 0 0 0 0 0 0 0 0 0 0 0 0
0 0 0 0 0 0 0 0 0 0 0 0 0 0 0 0 0 0 0 0 0 0 0 0 0 0 0 0 0 0 0 0 0 0 0 0 0 0 0 0 0 0 0 0 0 0 0 0 0 0
0 0 0 0 0 0 0 0 0 0 0 0 0 0 0 0 0 0 0 0 0 0 0 0 0 0 0 0 0 0 0 0 0 0 0 0 0 0 0 0 0 0 0 0 0 0 0 0 0 0
0 0 0 0 0 0 0 0 0 0 0 0 0 0 0 0 0 0 0 0 0 0 0 0 0 0 0 0 0 0 0 0 0 0 0 0 0 0 0 0 0 0 0 0 0 0 0 0 0 0
0 0 0 0 0 0 0 0 0 0 0 0 0 0 0 0 0 0 0 0 0 0 0 0 0 0 0 0 0 0 0 0 0 0 0 0 0 0 0 0 0 0 0 0 0 0 0 0 0 0
