0 0 0 0 0 0 0 0 0 0 0 0 0 0 0 0 0 0 0 0 0 0 0 0 0 0 0 0 0 0 0 0 0 0 0 0 0 0 0 0 0 0 0 0 0 0 0 0 0 0
0 0 0 0 0 0 0 0 0 0 0 0 0 0 0 0 0 0 0 0 0 0 0 0 0 0 0 0 0 0 0 0 0 0 0 0 0 0 0 0 0 0 0 0 0 0 0 0 0 0
0 0 0 0 0 0 0 0 0 0 0 0 0 0 0 0 0 0 0 0 0 0 0 0 0 0 0 0 0 0 0 0 0 0 0 0 0 0 0 0 0 0 0 0 0 0 0 0 0 0
0 0 0 0 0 0 0 0 0 0 0 0 0 0 0 0 0 0 0 0 0 0 0 0 0 0 0 0 0 0 0 0 0 0 0 0 0 0 0 0 0 0 0 0 0 0 0 0 0 0
0 0 0 0 0 0 0 0 0 0 0 0 0 0 0 0 0 0 0 0 0 0 0 0 0 0 0 0 0 0 0 0 0 0 0 0 0 0 0 0 0 0 0 0 0 0 0 0 0 0
0 0 0 0 0 0 0 0 0 0 0 0 0 0 0 0 0 0 0 0 0 0 0 0 0 0 0 0 0 0 0 0 0 0 0 0 0 0 0 0 0 0 0 0 0 0 0 0 0 0
0 0 0 0 0 0 0 0 0 0 0 0 0 0 0 0 0 0 0 0 0 0 0 0 0 0 0 0 0 0 0 0 0 0 0 0 0 0 0 0 0 0 0 0 0 0 0 0 0 0
0 0 0 0 0 0 0 0 0 0 0 0 0 0 0 0 0 0 0 0 0 0 0 0 0 0 0 0 0 0 0 0 0 0 0 0 0 0 0 0 0 0 0 0 0 0 0 0 0 0
0 0 0 0 0 0 73 73 73 22 0 0 0 0 0 0 0 0 0 0 0 0 0 0 0 0 0 0 0 0 0 0 0 0 0 0 0 0 0 0 0 0 0 0 0 0 0 0 0 0
0 0 0 0 0 0 8 14 92 22 22 22 0 0 0 0 0 0 0 0 0 0 0 0 95 20 20 20 0 0 0 0 0 0 0 0 0 0 0 0 0 0 0 0 0 0 0 0 0 0
0 0 0 0 0 0 8 89 92 92 92 22 22 22 22 22 22 22 0 0 0 0 0 0 95 58 11 20 20 20 20 0 0 0 0 0 0 0 0 0 0 0 0 0 0 0 0 0 0 0
0 0 0 0 0 0 4 89 89 89 92 92 92 92 92 68 68 22 0 0 0 0 0 0 95 58 13 13 75 75 20 20 20 20 0 0 52 52 0 0 0 0 0 0 0 0 0 0 0 0
0 0 0 0 0 0 4 4 4 89 89 89 89 89 38 38 48 22 0 0 0 0 0 0 95 58 13 54 85 75 75 75 75 20 5 5 5 72 0 0 0 0 0 0 0 0 0 0 0 0
0 0 0 0 0 0 0 0 4 4 4 4 4 89 89 63 48 22 22 22 0 0 0 0 95 58 13 54 85 85 85 85 75 20 5 12 12 12 0 0 0 0 0 0 0 0 0 0 0 0
0 0 0 0 0 0 0 0 0 0 0 0 4 4 4 63 48 48 48 22 0 0 0 0 16 58 13 54 54 85 46 85 75 75 5 12 45 45 0 0 0 0 0 0 0 0 0 0 0 0
0 0 0 0 0 0 0 4 4 4 4 4 4 4 4 63 63 63 48 22 0 0 0 0 16 15 15 15 54 85 46 46 85 75 5 41 41 37 37 0 0 0 0 0 0 0 0 0 0 0
0 0 0 0 0 0 0 4 100 100 100 100 100 4 56 56 56 96 48 22 22 0 0 0 16 15 54 54 54 85 46 46 85 75 53 53 27 27 36 0 0 0 0 0 0 0 0 0 0 0
0 0 0 0 0 0 29 4 100 100 100 100 100 4 56 74 74 96 48 48 16 16 0 0 16 15 54 85 85 85 85 85 85 53 53 83 83 61 36 1 0 0 0 0 0 0 0 0 0 0
0 0 0 0 0 0 0 0 100 4 4 4 4 4 56 74 86 86 86 15 15 16 16 16 16 15 50 35 62 62 62 62 62 62 62 67 83 61 61 1 1 0 0 0 0 0 0 0 0 0
0 0 0 0 0 0 0 0 100 4 56 56 56 56 56 74 86 97 50 50 15 15 15 15 15 15 50 35 62 83 83 83 83 83 83 83 83 83 61 61 1 0 0 0 0 0 0 0 0 0
0 0 0 0 0 0 0 0 100 4 56 74 74 74 74 74 86 77 70 50 50 50 15 15 50 50 50 35 62 83 61 61 61 61 61 61 61 83 83 61 1 1 1 0 0 0 0 0 0 0
0 0 0 0 0 0 0 0 100 4 56 74 77 77 77 77 77 77 70 70 70 50 15 15 50 35 35 35 62 83 61 1 1 1 1 1 61 61 83 61 61 61 1 0 0 0 0 0 0 0
0 0 0 0 0 0 0 0 100 4 56 74 77 18 18 18 18 77 77 77 70 50 15 15 50 35 69 25 62 83 61 1 0 0 0 1 1 61 83 83 83 61 1 0 0 0 0 0 0 0
0 0 0 0 0 0 0 0 100 4 71 71 18 18 71 71 18 18 18 70 70 50 15 15 50 35 69 62 62 83 61 1 0 0 0 0 1 61 83 98 83 61 1 0 0 0 0 0 0 0
0 0 0 0 0 100 100 100 100 81 81 71 71 71 71 71 71 71 18 70 50 50 50 50 50 35 69 83 83 83 61 1 0 0 0 0 1 61 83 83 61 61 1 0 0 0 0 0 0 0
0 0 0 0 100 100 81 81 81 81 71 71 71 71 71 71 71 71 18 70 70 50 39 35 35 35 69 2 2 61 61 1 0 0 0 0 1 61 61 61 61 1 1 0 0 0 0 0 0 0
0 0 0 0 44 91 91 71 71 71 71 79 79 79 79 79 18 18 18 18 70 51 51 51 66 69 69 94 76 76 1 1 26 0 0 0 1 1 1 1 1 1 0 0 0 0 0 0 0 0
0 0 0 0 44 93 93 79 71 79 79 79 28 28 28 28 28 31 31 18 18 18 18 51 66 66 57 94 94 49 49 49 26 0 0 0 0 0 0 0 0 0 0 0 0 0 0 0 0 0
0 0 0 0 44 93 47 79 79 79 60 28 28 19 28 28 28 31 99 99 99 99 18 51 34 40 57 10 94 94 94 0 0 0 0 0 0 0 0 0 0 0 0 0 0 0 0 0 0 0
0 0 0 0 44 93 93 93 93 93 93 93 19 19 28 31 31 31 99 78 21 51 51 51 34 6 6 10 10 10 87 87 0 0 0 0 0 0 0 0 0 0 0 0 0 0 0 0 0 0
0 0 0 0 44 44 44 44 44 44 44 44 44 19 28 31 99 99 99 78 78 78 78 78 34 6 10 10 55 24 24 82 0 0 0 0 0 0 0 0 0 0 0 0 0 0 0 0 0 0
0 0 0 0 0 0 0 0 0 0 0 0 42 19 28 31 99 78 78 78 33 33 33 33 33 6 10 55 55 80 24 82 82 0 0 0 0 0 0 0 0 0 0 0 0 0 0 0 0 0
0 0 0 0 0 0 0 0 0 0 0 0 42 19 28 31 99 78 33 33 33 43 43 17 65 65 10 55 0 80 24 24 82 0 0 0 0 0 0 0 0 0 0 0 0 0 0 0 0 0
0 0 0 0 0 0 0 0 0 0 0 0 42 19 28 31 99 78 33 33 43 43 0 17 17 17 17 55 0 80 80 24 82 0 0 0 0 0 0 0 0 0 0 0 0 0 0 0 0 0
0 0 0 0 0 0 0 0 0 0 0 0 42 19 28 64 78 78 88 33 43 30 0 0 0 0 0 0 0 0 80 24 82 0 0 0 0 0 0 0 0 0 0 0 0 0 0 0 0 0
0 0 0 0 0 0 0 0 0 0 0 0 32 19 19 64 64 64 64 33 23 30 0 0 0 0 0 0 0 0 80 9 82 0 0 0 0 0 0 0 0 0 0 0 0 0 0 0 0 0
0 0 0 0 0 0 0 0 0 0 0 0 59 59 3 3 3 3 7 7 23 30 0 0 0 0 0 0 0 0 0 9 84 0 0 0 0 0 0 0 0 0 0 0 0 0 0 0 0 0
0 0 0 0 0 0 0 0 0 0 0 0 0 90 90 0 30 23 23 23 23 30 0 0 0 0 0 0 0 0 0 0 0 0 0 0 0 0 0 0 0 0 0 0 0 0 0 0 0 0
0 0 0 0 0 0 0 0 0 0 0 0 0 0 0 0 30 30 30 30 30 30 0 0 0 0 0 0 0 0 0 0 0 0 0 0 0 0 0 0 0 0 0 0 0 0 0 0 0 0
0 0 0 0 0 0 0 0 0 0 0 0 0 0 0 0 0 0 0 0 0 0 0 0 0 0 0 0 0 0 0 0 0 0 0 0 0 0 0 0 0 0 0 0 0 0 0 0 0 0
0 0 0 0 0 0 0 0 0 0 0 0 0 0 0 0 0 0 0 0 0 0 0 0 0 0 0 0 0 0 0 0 0 0 0 0 0 0 0 0 0 0 0 0 0 0 0 0 0 0
0 0 0 0 0 0 0 0 0 0 0 0 0 0 0 0 0 0 0 0 0 0 0 0 0 0 0 0 0 0 0 0 0 0 0 0 0 0 0 0 0 0 0 0 0 0 0 0 0 0
0 0 0 0 0 0 0 0 0 0 0 0 0 0 0 0 0 0 0 0 0 0 0 0 0 0 0 0 0 0 0 0 0 0 0 0 0 0 0 0 0 0 0 0 0 0 0 0 0 0
0 0 0 0 0 0 0 0 0 0 0 0 0 0 0 0 0 0 0 0 0 0 0 0 0 0 0 0 0 0 0 0 0 0 0 0 0 0 0 0 0 0 0 0 0 0 0 0 0 0
0 0 0 0 0 0 0 0 0 0 0 0 0 0 0 0 0 0 0 0 0 0 0 0 0 0 0 0 0 0 0 0 0 0 0 0 0 0 0 0 0 0 0 0 0 0 0 0 0 0
0 0 0 0 0 0 0 0 0 0 0 0 0 0 0 0 0 0 0 0 0 0 0 0 0 0 0 0 0 0 0 0 0 0 0 0 0 0 0 0 0 0 0 0 0 0 0 0 0 0
0 0 0 0 0 0 0 0 0 0 0 0 0 0 0 0 0 0 0 0 0 0 0 0 0 0 0 0 0 0 0 0 0 0 0 0 0 0 0 0 0 0 0 0 0 0 0 0 0 0
0 0 0 0 0 0 0 0 0 0 0 0 0 0 0 0 0 0 0 0 0 0 0 0 0 0 0 0 0 0 0 0 0 0 0 0 0 0 0 0 0 0 0 0 0 0 0 0 0 0
0 0 0 0 0 0 0 0 0 0 0 0 0 0 0 0 0 0 0 0 0 0 0 0 0 0 0 0 0 0 0 0 0 0 0 0 0 0 0 0 0 0 0 0 0 0 0 0 0 0
0 0 0 0 0 0 0 0 0 0 0 0 0 0 0 0 0 0 0 0 0 0 0 0 0 0 0 0 0 0 0 0 0 0 0 0 0 0 0 0 0 0 0 0 0 0 0 0 0 0
