0 0 0 0 0 0 0 0 0 0 0 0 0 0 0 0 0 0 0 0 0 0 0 0 0 0 0 0 0 0 0 0 0 0 0 0 0 0 0 0 0 0 0 0 0 0 0 0 0 0
0 0 0 0 0 0 0 0 0 0 0 0 0 0 0 0 0 0 0 0 0 0 0 0 0 0 0 0 0 0 0 0 0 0 0 0 0 0 0 0 0 0 0 0 0 0 0 0 0 0
0 0 0 0 0 0 0 0 0 0 0 0 0 0 0 0 0 0 0 0 0 0 0 0 0 0 0 0 0 0 0 0 0 0 0 0 0 0 0 0 0 0 0 0 0 0 0 0 0 0
0 0 0 0 0 0 0 0 0 0 0 0 0 0 0 0 0 0 0 0 0 0 0 0 0 0 0 0 0 0 0 0 0 0 0 0 0 0 0 0 0 0 0 0 0 0 0 0 0 0
0 0 0 0 0 0 0 0 0 0 0 0 0 0 0 0 0 0 0 0 0 0 0 0 0 0 0 0 0 0 0 0 0 0 0 0 0 0 0 0 0 0 0 0 0 0 0 0 0 0
0 0 0 0 0 0 0 0 0 0 0 0 0 0 0 0 0 0 0 0 0 0 0 0 0 0 0 0 0 0 0 0 0 0 0 0 0 0 0 0 0 0 0 0 0 0 0 0 0 0
0 0 0 0 0 0 0 0 0 0 0 0 0 0 0 0 0 0 0 0 0 0 0 0 0 0 0 0 0 0 0 0 0 0 0 0 0 0 0 0 0 0 0 0 0 0 0 0 0 0
0 0 0 0 0 0 0 0 0 0 0 0 0 0 0 0 0 0 0 0 0 0 0 0 0 0 0 0 0 0 0 0 0 0 0 0 0 0 0 0 0 0 0 0 0 0 0 0 0 0
0 0 0 0 0 0 0 0 0 0 0 0 0 0 0 0 0 0 0 0 0 0 0 0 0 0 0 0 0 0 0 0 0 0 0 0 0 0 0 0 0 0 0 0 0 0 0 0 0 0
0 0 0 0 0 0 0 0 0 0 0 0 0 0 54 54 54 54 0 0 0 0 0 0 0 0 0 0 0 0 0 0 0 0 0 0 0 0 0 0 0 0 0 0 0 0 0 0 0 0
0 0 0 0 0 0 0 0 0 0 0 0 0 0 33 67 67 50 0 0 0 0 0 0 0 0 0 0 0 0 0 0 0 0 0 0 0 0 0 0 0 0 0 0 0 0 0 0 0 0
0 0 0 0 0 0 0 0 0 0 0 0 0 0 33 44 23 50 0 0 0 0 0 0 0 0 0 0 1 0 0 0 0 0 0 0 0 0 0 0 0 0 0 0 0 0 0 0 0 0
0 0 0 0 0 0 0 0 0 0 0 0 0 0 33 96 23 50 50 0 50 50 50 50 50 51 51 51 51 51 51 0 0 0 100 100 100 0 0 0 0 0 0 0 0 0 0 0 0 0
0 0 0 0 0 0 0 0 0 0 0 0 0 0 91 96 23 23 50 50 50 97 97 97 97 51 53 53 87 20 51 0 0 0 26 57 40 0 0 0 0 0 0 0 0 0 0 0 0 0
0 0 0 0 0 0 0 0 0 0 0 0 0 0 91 96 96 23 23 50 97 97 62 62 53 53 53 12 47 20 51 0 0 0 26 3 40 40 0 0 0 0 0 0 0 0 0 0 0 0
0 0 0 0 0 0 0 0 0 0 0 0 0 0 91 91 96 96 23 50 97 62 62 24 12 53 53 12 47 20 51 0 0 0 26 3 49 73 73 77 77 0 0 0 0 0 0 0 0 0
0 0 0 0 0 0 0 0 0 0 0 0 0 0 0 91 91 96 23 50 97 62 24 24 12 53 53 12 47 20 51 0 0 0 26 3 49 98 85 85 77 0 0 0 0 0 0 0 0 0
0 0 0 0 0 0 0 0 0 0 0 0 0 0 0 0 91 96 23 23 97 62 24 12 12 53 53 12 47 20 51 51 51 51 26 3 39 39 39 85 77 0 0 0 0 0 0 0 0 0
0 0 0 0 0 0 0 0 0 0 0 0 0 0 0 0 45 96 96 23 23 62 24 24 12 53 12 12 47 20 51 51 20 20 20 3 47 30 39 85 77 0 0 0 0 0 0 0 0 0
0 0 0 0 0 0 0 0 0 0 0 0 0 0 0 0 70 70 96 96 23 62 62 24 12 53 12 47 47 20 20 20 20 47 47 47 47 13 85 85 77 0 0 0 0 0 0 0 0 0
0 0 0 0 0 0 0 0 0 0 0 0 0 0 0 0 70 42 42 95 23 23 62 24 12 53 12 47 47 47 47 47 47 47 13 13 13 13 85 77 77 0 0 0 0 0 0 0 0 0
0 0 0 0 0 0 0 0 0 0 0 0 0 0 0 0 59 59 80 95 23 23 62 24 12 12 12 47 47 47 13 13 13 13 13 85 85 85 85 77 0 0 0 0 0 0 0 0 0 0
0 0 0 0 0 0 0 0 0 0 0 0 0 0 0 0 0 6 80 95 23 23 62 24 64 64 64 64 47 47 13 85 85 85 85 85 77 77 77 77 0 0 0 0 0 0 0 0 0 0
0 0 0 0 0 0 0 0 0 0 0 80 80 80 80 80 80 80 80 95 23 95 62 24 24 92 92 64 64 64 13 85 85 85 9 9 77 0 0 0 0 0 0 0 0 0 0 0 0 0
0 0 0 0 0 0 0 0 82 80 80 80 48 48 48 48 48 48 48 95 95 95 69 69 24 75 29 63 56 64 15 15 15 85 32 9 9 9 74 0 0 0 0 0 0 0 0 0 0 0
0 0 0 0 0 0 0 0 82 83 48 48 48 17 17 17 86 86 48 48 90 90 90 75 75 75 29 99 99 64 99 99 15 72 32 9 36 36 74 0 0 0 0 0 0 0 0 0 0 0
0 0 0 0 0 0 0 0 82 83 58 17 17 17 86 86 86 90 90 90 90 35 35 35 35 88 29 52 99 99 99 52 19 72 32 9 9 36 36 36 0 0 0 0 0 0 0 0 0 0
0 0 0 0 0 0 0 0 82 82 82 82 82 17 86 76 90 90 35 35 35 35 60 89 89 88 65 52 52 52 52 52 72 72 32 32 9 9 9 36 0 0 0 0 0 0 0 0 0 0
0 0 0 0 0 0 0 0 0 0 0 0 82 17 86 76 41 35 35 25 60 60 60 94 68 68 65 65 65 65 72 72 72 10 10 32 9 93 9 36 0 0 0 0 0 0 0 0 0 0
0 0 0 0 0 0 0 0 0 0 0 0 82 17 86 76 76 76 86 25 60 61 61 94 28 68 68 68 68 38 38 14 14 14 10 32 32 32 36 36 0 0 0 0 0 0 0 0 0 0
0 0 0 0 0 0 0 0 0 0 0 0 82 17 86 86 86 86 86 25 60 61 61 61 28 7 7 7 7 7 7 7 7 14 10 10 36 36 36 0 0 0 0 0 0 0 0 0 0 0
0 0 0 0 0 0 0 0 0 0 0 0 82 17 17 17 17 86 25 25 60 61 0 0 0 0 0 0 0 0 0 0 7 14 14 10 36 36 0 0 0 0 0 0 0 0 0 0 0 0
0 0 0 0 0 0 0 0 0 0 0 37 82 55 55 86 86 86 25 60 60 61 0 0 0 0 0 0 0 0 0 0 7 7 14 10 10 36 0 0 0 0 0 0 0 0 0 0 0 0
0 0 0 0 0 0 0 0 0 0 0 37 43 43 81 81 25 25 25 60 61 61 0 0 0 0 0 0 0 0 0 0 0 7 14 14 10 36 0 0 0 0 0 0 0 0 0 0 0 0
0 0 0 0 0 0 0 0 0 0 0 37 46 81 81 81 25 84 60 60 61 0 0 0 0 0 0 0 0 0 0 0 0 7 7 14 10 36 0 0 0 0 0 0 0 0 0 0 0 0
0 0 0 0 0 0 0 0 0 0 0 0 46 16 25 25 25 84 21 61 61 0 0 0 0 0 0 0 0 0 0 0 0 7 7 14 10 36 0 0 0 0 0 0 0 0 0 0 0 0
0 0 0 0 0 0 0 0 0 0 0 0 0 16 79 84 84 84 27 27 0 0 0 0 0 0 0 0 0 0 0 0 0 7 14 14 10 36 0 0 0 0 0 0 0 0 0 0 0 0
0 0 0 0 0 0 0 0 0 0 0 0 0 31 31 31 27 27 27 0 0 0 0 0 0 0 0 0 0 0 0 0 0 7 14 10 10 36 36 0 0 0 0 0 0 0 0 0 0 0
0 0 0 0 0 0 0 0 0 0 0 0 0 0 0 0 0 0 0 0 0 0 0 0 0 0 0 0 0 0 0 0 0 7 14 14 5 5 66 66 0 0 0 0 0 0 0 0 0 0
0 0 0 0 0 0 0 0 0 0 0 0 0 0 0 0 0 0 0 0 0 0 0 0 0 0 0 0 0 0 0 0 0 7 7 11 11 11 11 66 0 0 0 0 0 0 0 0 0 0
0 0 0 0 0 0 0 0 0 0 0 0 0 0 0 0 0 0 0 0 0 0 0 0 0 0 0 0 0 0 0 0 0 0 7 7 7 7 11 66 66 66 0 0 0 0 0 0 0 0
0 0 0 0 0 0 0 0 0 0 0 0 0 0 0 0 0 0 0 0 0 0 0 0 0 0 0 0 0 0 0 0 0 0 0 0 78 11 11 11 11 66 0 0 0 0 0 0 0 0
0 0 0 0 0 0 0 0 0 0 0 0 0 0 0 0 0 0 0 0 0 0 0 0 0 0 0 0 0 0 0 0 0 0 0 0 0 0 34 8 4 66 0 0 0 0 0 0 0 0
0 0 0 0 0 0 0 0 0 0 0 0 0 0 0 0 0 0 0 0 0 0 0 0 0 0 0 0 0 0 0 0 0 0 0 0 0 0 34 8 8 18 18 18 18 0 0 0 0 0
0 0 0 0 0 0 0 0 0 0 0 0 0 0 0 0 0 0 0 0 0 0 0 0 0 0 0 0 0 0 0 0 0 0 0 0 0 0 34 34 34 34 0 0 18 18 71 2 0 0
0 0 0 0 0 0 0 0 0 0 0 0 0 0 0 0 0 0 0 0 0 0 0 0 0 0 0 0 0 0 0 0 0 0 0 0 0 0 0 0 0 0 0 0 0 22 22 2 0 0
0 0 0 0 0 0 0 0 0 0 0 0 0 0 0 0 0 0 0 0 0 0 0 0 0 0 0 0 0 0 0 0 0 0 0 0 0 0 0 0 0 0 0 0 0 0 0 0 0 0
0 0 0 0 0 0 0 0 0 0 0 0 0 0 0 0 0 0 0 0 0 0 0 0 0 0 0 0 0 0 0 0 0 0 0 0 0 0 0 0 0 0 0 0 0 0 0 0 0 0
0 0 0 0 0 0 0 0 0 0 0 0 0 0 0 0 0 0 0 0 0 0 0 0 0 0 0 0 0 0 0 0 0 0 0 0 0 0 0 0 0 0 0 0 0 0 0 0 0 0
0 0 0 0 0 0 0 0 0 0 0 0 0 0 0 0 0 0 0 0 0 0 0 0 0 0 0 0 0 0 0 0 0 0 0 0 0 0 0 0 0 0 0 0 0 0 0 0 0 0
