0 0 0 0 0 0 0 0 0 0 0 0 0 0 0 0 0 0 0 0 0 0 0 0 0 0 0 0 0 0 0 0 0 0 0 0 0 0 0 0 0 0 0 0 0 0 0 0 0 0
0 0 0 0 0 0 0 0 0 0 0 0 0 0 0 0 0 0 0 0 0 0 0 0 0 0 0 0 0 0 0 0 0 0 0 0 0 0 0 0 0 0 0 0 0 0 0 0 0 0
0 0 0 0 0 0 0 0 0 0 0 0 0 0 0 0 0 0 0 0 0 0 0 0 0 0 0 0 0 0 0 0 0 0 0 0 0 0 0 0 0 0 0 0 0 0 0 0 0 0
0 0 0 0 0 0 0 0 0 0 0 0 0 0 0 0 0 0 0 0 0 0 0 0 0 0 0 0 0 0 0 0 0 0 0 0 0 0 0 0 0 0 0 0 0 0 0 0 0 0
0 0 0 0 0 0 0 0 0 0 0 0 0 0 0 0 0 0 0 0 0 0 0 0 0 0 0 0 0 0 0 0 0 0 0 0 0 0 0 0 0 0 0 0 0 0 0 0 0 0
0 0 0 0 0 0 0 0 39 39 39 39 0 0 0 0 0 0 0 0 0 0 0 0 0 0 0 0 0 0 0 0 0 0 0 0 0 0 0 0 0 0 0 0 0 0 0 0 0 0
0 0 0 0 0 0 0 23 23 6 6 39 0 0 0 0 0 0 0 0 0 0 0 0 0 0 0 0 0 0 0 0 0 0 0 0 0 0 0 0 0 0 0 0 0 0 0 0 0 0
0 0 0 0 0 0 0 58 20 88 6 39 39 0 0 0 0 0 0 0 0 0 0 0 0 0 0 0 0 0 0 0 0 0 0 45 45 45 45 45 40 0 0 0 0 0 0 0 0 0
0 0 0 0 0 0 0 82 20 88 6 6 39 39 39 39 80 0 0 0 0 0 0 0 0 0 0 0 0 0 0 0 0 0 0 45 62 62 62 62 40 98 0 0 0 0 0 0 0 0
0 0 0 0 0 0 0 0 20 88 88 6 6 6 6 63 80 0 0 0 0 0 0 0 0 0 0 0 0 0 0 0 0 0 0 45 62 89 89 15 15 98 0 0 0 0 0 0 0 0
0 0 0 0 0 0 0 0 20 20 88 88 88 88 6 63 0 0 0 0 0 0 0 0 0 0 0 0 0 0 0 0 0 0 0 45 62 62 89 0 0 0 0 0 0 0 0 0 0 0
0 0 0 0 0 0 0 0 0 20 20 20 20 88 6 63 0 0 0 0 0 0 0 0 0 0 0 0 0 0 0 0 0 0 0 45 45 62 89 0 0 0 0 0 0 0 0 0 0 0
0 0 0 0 0 0 0 0 0 0 0 0 20 88 6 63 63 63 63 0 0 0 0 0 0 0 0 0 0 0 0 0 0 0 0 45 45 62 89 0 0 0 0 0 0 0 0 0 0 0
0 0 0 0 0 0 0 0 0 0 0 0 20 88 43 43 43 43 63 0 0 0 0 0 0 0 0 0 0 0 0 0 0 0 0 45 62 62 89 0 0 0 0 0 0 0 0 0 0 0
0 0 0 0 0 0 0 0 0 0 0 0 20 88 43 17 17 43 63 63 63 0 0 0 0 0 0 0 0 0 0 0 0 0 0 45 62 89 89 0 0 0 0 0 0 0 0 0 0 0
0 0 0 0 0 0 0 0 0 0 0 0 20 79 79 46 17 43 43 43 22 22 0 0 0 0 0 0 0 0 0 0 1 1 1 45 62 89 0 0 0 0 0 0 0 0 0 0 0 0
0 0 0 0 0 0 0 0 0 0 0 18 18 79 17 17 17 17 17 43 51 22 3 3 3 3 3 3 3 3 1 1 1 33 33 33 62 89 0 0 0 0 0 0 0 0 0 0 0 0
0 0 0 0 0 0 0 0 0 18 18 18 76 76 17 32 32 32 17 17 51 12 12 12 12 12 12 12 12 33 33 33 33 33 73 73 73 89 57 0 0 0 0 0 0 0 0 0 0 0
0 0 0 0 0 0 0 0 0 18 76 76 76 17 17 32 64 32 32 17 51 12 51 51 44 44 26 26 9 33 73 73 73 73 73 70 70 70 57 0 0 0 0 0 0 0 0 0 0 0
0 0 0 0 0 0 0 0 0 18 76 17 17 17 32 32 64 93 32 17 51 51 51 10 10 36 36 24 9 73 73 70 70 70 70 70 34 34 34 0 0 0 0 0 0 0 0 0 0 0
0 0 0 0 0 0 0 0 0 18 64 32 32 32 32 64 64 93 32 17 17 17 17 17 99 99 36 24 73 73 70 70 34 34 34 34 34 0 0 0 0 0 0 0 0 0 0 0 0 0
0 0 0 0 0 0 0 0 0 47 64 64 64 64 64 64 83 93 32 32 32 32 32 32 32 99 36 24 73 70 70 34 34 0 0 0 0 0 0 0 0 0 0 0 0 0 0 0 0 0
0 0 0 0 0 0 0 0 0 47 83 83 83 83 83 83 83 93 93 93 93 32 32 32 32 99 36 24 73 70 85 85 77 77 0 0 0 0 0 0 0 0 0 0 0 0 0 0 0 0
0 0 0 0 0 0 0 0 0 47 11 25 25 25 25 25 25 25 25 25 93 32 49 99 99 99 36 24 73 70 85 85 87 53 0 0 0 0 0 0 0 0 0 0 0 0 0 0 0 0
0 0 0 0 0 0 0 0 0 47 47 47 0 0 0 0 25 25 25 93 93 32 49 65 36 36 36 24 73 70 70 87 87 13 0 0 0 0 0 0 0 0 0 0 0 0 0 0 0 0
0 0 0 0 0 0 0 0 0 0 0 0 0 0 0 0 25 54 93 93 32 32 49 52 52 74 24 24 94 94 60 87 13 13 0 0 0 0 0 0 0 0 0 0 0 0 0 0 0 0
0 0 0 0 0 0 0 0 0 0 0 0 0 0 0 0 25 54 21 91 91 84 84 84 52 74 94 94 94 90 90 87 13 0 0 0 0 0 0 0 0 0 0 0 0 0 0 0 0 0
0 0 0 0 0 0 0 0 0 0 0 0 0 0 0 0 25 54 21 28 28 28 84 8 52 74 94 96 90 90 69 69 13 0 0 0 0 0 0 0 0 0 0 0 0 0 0 0 0 0
0 0 0 0 0 0 0 0 0 0 0 0 0 0 0 0 25 54 21 97 16 68 68 8 31 74 55 96 90 69 69 0 0 0 0 0 0 0 0 0 0 0 0 0 0 0 0 0 0 0
0 0 0 0 0 0 0 0 0 0 0 0 0 0 0 0 25 54 54 97 16 4 68 14 31 75 55 66 90 69 0 0 0 0 0 0 0 0 0 0 0 0 0 0 0 0 0 0 0 0
0 0 0 0 0 0 0 0 0 0 0 0 0 0 0 0 25 25 35 35 16 4 4 4 31 55 55 66 86 69 0 0 0 0 0 0 0 0 0 0 0 0 0 0 0 0 0 0 0 0
0 0 0 0 0 0 0 0 0 0 0 0 0 0 0 0 0 0 35 16 16 7 29 4 100 100 100 66 86 69 69 0 0 0 0 0 0 0 0 0 0 0 0 0 0 0 0 0 0 0
0 0 0 0 0 0 0 0 0 0 0 0 0 0 0 0 35 35 35 16 7 7 29 4 4 4 100 71 86 86 69 69 69 69 69 69 69 0 0 0 0 0 0 0 0 0 0 0 0 0
0 0 0 0 0 0 0 0 0 0 0 0 0 0 0 0 35 16 16 16 7 0 29 29 29 4 72 72 72 86 86 86 86 86 86 86 69 0 0 0 0 0 0 0 0 0 0 0 0 0
0 35 35 35 35 35 0 0 0 0 0 0 0 0 0 0 35 42 7 7 7 0 0 0 29 4 4 4 72 72 78 78 78 78 78 86 69 69 69 69 69 0 0 0 0 0 0 0 0 0
0 35 67 67 67 35 35 35 0 0 0 0 0 0 0 35 35 42 7 0 0 0 0 0 29 29 29 4 48 50 50 50 50 50 78 86 86 86 86 86 69 0 0 0 0 0 0 0 0 0
0 0 35 67 67 67 67 35 35 35 35 0 0 0 35 35 42 42 7 0 0 0 0 0 0 0 29 50 50 50 41 41 41 50 78 78 78 78 78 86 69 0 0 0 0 0 0 0 0 0
0 0 35 67 67 67 67 35 0 0 35 35 0 0 35 42 42 7 7 0 0 0 0 0 0 0 30 30 30 50 50 41 41 50 50 50 50 50 78 86 69 69 0 0 0 0 0 0 0 0
0 0 35 35 35 35 35 35 0 0 0 35 35 35 35 42 7 7 0 0 0 0 0 0 0 0 0 0 30 30 50 41 41 41 41 41 41 50 78 86 86 69 69 0 0 0 0 0 0 0
0 0 0 0 0 0 0 0 0 0 0 0 35 42 42 42 7 0 0 0 0 0 0 0 0 0 0 0 0 30 50 41 0 0 0 0 41 50 78 78 86 86 69 0 0 0 0 0 0 0
0 0 0 0 0 0 0 0 0 0 0 35 35 42 7 7 7 0 0 0 0 0 0 0 0 0 0 0 0 30 50 41 0 0 0 0 41 50 50 86 2 86 61 61 0 0 0 0 0 0
0 0 0 0 0 0 0 0 0 0 0 59 42 42 7 0 0 0 0 0 0 0 0 0 0 0 0 0 0 30 50 41 0 0 0 0 41 41 92 86 86 86 27 56 0 0 0 0 0 0
0 0 0 0 0 0 0 0 0 0 0 19 42 7 7 0 0 0 0 0 0 0 0 0 0 0 0 0 0 30 50 41 0 0 0 0 0 0 92 92 92 92 27 0 0 0 0 0 0 0
0 0 0 0 0 0 0 0 0 0 0 37 42 7 0 0 0 0 0 0 0 0 0 0 0 0 0 0 0 30 50 41 0 0 0 0 0 0 0 0 0 92 27 0 0 0 0 0 0 0
0 0 0 0 0 0 0 0 0 0 0 37 42 7 0 0 0 0 0 0 0 0 0 0 0 0 0 30 30 30 50 41 0 0 0 0 0 0 0 0 0 92 27 0 0 0 0 0 0 0
0 0 0 0 0 0 0 0 0 0 0 37 42 7 0 0 0 0 0 0 0 0 0 0 0 0 0 30 81 50 50 41 0 0 0 0 0 0 0 0 0 92 27 27 0 0 0 0 0 0
0 0 0 0 0 0 0 0 0 0 0 37 42 7 0 0 0 0 0 0 0 0 0 0 0 0 0 30 30 41 38 41 0 0 0 0 0 0 0 0 0 92 92 27 0 0 0 0 0 0
0 0 0 0 0 0 0 0 0 0 0 37 42 7 0 0 0 0 0 0 0 0 0 0 0 0 0 0 0 41 41 41 0 0 0 0 0 0 0 0 0 92 95 27 0 0 0 0 0 0
0 0 0 0 0 0 0 0 0 0 0 37 37 5 0 0 0 0 0 0 0 0 0 0 0 0 0 0 0 0 0 0 0 0 0 0 0 0 0 0 0 92 92 0 0 0 0 0 0 0
0 0 0 0 0 0 0 0 0 0 0 0 0 0 0 0 0 0 0 0 0 0 0 0 0 0 0 0 0 0 0 0 0 0 0 0 0 0 0 0 0 0 0 0 0 0 0 0 0 0
