0 0 0 0 0 0 0 0 0 0 0 0 0 0 0 0 0 0 0 0 0 0 0 0 0 0 0 0 0 0 0 0 0 0 0 0 0 0 0 0 0 0 0 0 0 0 0 0 0 0
0 0 0 0 0 0 0 0 0 0 0 0 0 0 0 0 0 0 0 0 0 0 0 0 0 0 0 0 0 0 0 0 0 0 0 0 0 0 0 0 0 0 0 0 0 0 0 0 0 0
0 0 0 0 0 0 0 0 0 0 0 0 0 0 0 0 0 0 0 0 0 0 0 0 0 0 0 0 0 0 0 0 0 0 0 0 0 0 0 0 0 0 0 0 0 0 0 0 0 0
0 0 0 0 0 0 0 0 0 0 0 0 0 0 0 0 0 0 0 0 0 0 0 0 0 0 0 0 0 0 0 0 0 0 0 0 0 0 0 0 0 0 0 0 0 0 0 0 0 0
0 0 0 0 0 0 0 0 0 0 0 0 0 0 8 8 0 0 0 0 0 0 0 0 0 0 0 0 0 0 0 0 0 0 0 0 0 0 0 0 0 0 0 0 0 0 0 0 0 0
0 0 0 0 0 0 0 0 0 0 0 0 0 0 8 11 62 0 0 0 0 0 0 0 0 0 0 0 0 0 0 0 0 0 0 0 0 0 0 0 0 0 0 0 0 0 0 0 0 0
0 0 0 0 0 0 0 0 0 0 0 0 0 0 8 8 62 0 0 0 0 0 0 0 0 0 0 0 0 0 0 0 0 0 0 0 0 0 0 0 0 0 0 0 0 0 0 0 0 0
0 0 0 0 0 0 0 0 0 0 0 0 0 8 8 62 62 0 0 0 0 0 0 0 0 0 0 0 0 0 0 0 0 0 0 0 0 0 0 0 0 0 0 0 0 0 0 0 0 0
0 0 0 0 0 0 0 0 0 0 0 0 0 8 62 62 0 0 0 0 0 0 0 0 0 0 0 0 0 0 0 0 0 0 0 0 0 0 0 0 0 0 0 0 0 0 0 0 0 0
0 0 0 0 0 0 0 0 0 0 0 0 8 8 62 9 9 9 9 0 0 0 0 0 0 0 0 0 0 0 0 0 0 0 0 0 0 0 0 0 0 0 0 0 0 0 0 0 0 0
0 0 0 0 0 0 0 0 0 0 0 8 8 62 62 62 62 62 9 0 0 0 0 0 0 0 0 0 0 0 0 0 0 0 0 0 0 0 0 0 0 0 0 0 0 0 0 0 0 0
0 0 0 0 0 0 0 0 0 0 0 76 37 37 77 77 77 62 9 9 0 0 0 0 0 0 0 0 0 0 0 0 0 0 0 0 0 0 0 0 0 0 0 0 0 0 0 0 0 0
0 0 0 0 0 0 0 0 0 0 0 76 57 90 63 63 77 62 62 9 0 0 0 0 0 0 0 0 0 0 0 0 0 0 0 0 0 0 0 0 0 0 0 0 0 0 0 0 0 0
0 0 0 0 0 0 0 0 0 0 0 28 57 90 90 63 77 77 62 9 9 9 9 9 68 68 68 68 68 68 0 48 48 48 0 0 0 0 0 0 0 0 0 0 0 0 0 0 0 0
0 0 0 0 0 0 0 0 0 0 0 28 57 57 90 63 63 77 62 9 62 47 47 71 71 64 64 64 64 68 0 99 39 3 3 15 0 0 0 0 0 0 0 0 0 0 0 0 0 0
0 0 0 0 0 0 0 0 0 0 0 28 28 57 90 90 63 77 62 62 62 77 20 20 79 79 79 79 64 68 68 99 39 33 10 15 0 0 0 0 0 0 0 0 0 0 0 0 0 0
0 0 0 0 0 0 0 0 0 0 0 0 28 57 57 90 63 77 77 62 62 77 91 18 18 18 18 79 64 64 64 64 39 88 10 0 0 0 0 0 0 0 0 0 0 0 0 0 0 0
0 0 0 0 0 0 0 0 0 0 0 0 28 28 57 21 63 63 77 62 62 77 18 18 44 44 18 79 64 50 50 50 50 88 10 0 0 0 0 0 0 0 0 0 0 0 0 0 0 0
0 0 0 0 0 0 0 0 0 0 0 0 0 28 57 96 96 63 77 62 62 77 18 44 44 44 18 79 79 79 13 13 88 88 10 0 0 0 0 0 0 0 0 0 0 0 0 0 0 0
0 0 0 0 0 0 0 0 0 0 0 0 0 28 57 57 96 63 77 77 77 77 18 44 44 18 18 18 70 1 1 65 88 10 10 58 58 58 58 58 58 0 0 0 0 0 0 0 0 0
0 0 0 0 0 0 0 0 0 0 0 0 0 28 28 57 96 63 63 63 63 63 18 44 18 52 69 61 70 95 65 65 89 89 89 89 58 89 89 89 58 0 0 0 0 0 0 0 0 0
0 0 0 0 0 0 0 0 0 0 0 0 0 0 28 57 96 96 96 96 63 85 18 44 18 18 69 61 55 95 65 65 89 31 31 89 58 89 31 89 58 0 0 0 0 0 0 0 0 0
0 0 0 0 0 0 0 0 0 0 0 0 0 0 28 57 57 57 57 96 63 29 18 44 44 18 69 78 55 55 55 81 89 31 31 89 89 89 31 89 58 23 0 0 0 0 0 0 0 0
0 0 0 0 0 0 0 0 0 0 0 0 0 0 28 28 28 28 56 96 60 29 18 18 18 18 18 78 89 89 89 89 89 31 31 31 31 31 31 89 32 23 0 0 0 0 0 0 0 0
0 0 0 0 0 0 0 0 0 0 0 0 0 0 0 0 0 83 56 56 60 29 29 29 18 18 78 78 78 78 89 31 31 31 27 27 27 27 27 27 32 23 0 0 0 0 0 0 0 0
0 0 0 0 0 0 0 0 0 0 0 0 0 0 0 0 0 83 83 56 60 60 60 29 18 45 45 36 36 78 12 31 27 27 27 27 23 23 23 23 23 23 0 0 0 0 0 0 0 0
0 0 0 0 0 0 0 0 0 0 0 0 0 0 0 0 0 0 83 56 56 56 60 29 29 29 14 14 36 86 12 31 31 31 31 27 23 23 23 23 23 23 23 23 23 23 0 0 0 0
0 0 0 0 0 0 0 0 0 0 0 0 0 0 0 0 0 0 83 83 56 56 60 60 22 22 22 25 36 86 12 12 12 12 31 27 27 27 27 27 27 27 27 27 27 23 0 0 0 0
0 0 0 0 0 0 0 0 0 0 0 0 0 0 0 0 83 83 83 83 56 40 40 66 66 25 25 25 67 86 86 43 43 12 31 31 31 31 31 31 31 31 31 31 27 23 0 0 0 0
0 0 0 0 0 0 0 46 46 83 83 83 0 83 83 83 83 56 56 56 56 40 41 41 41 41 17 35 67 73 74 43 43 12 12 12 12 12 12 12 12 12 12 31 27 23 0 0 0 0
0 0 0 0 0 0 0 46 51 51 5 83 83 83 56 56 56 56 40 40 40 40 41 7 7 17 17 73 73 73 43 43 43 43 94 94 94 94 94 94 94 94 12 31 27 23 0 0 0 0
0 0 0 0 0 0 34 34 51 92 5 56 56 56 56 40 40 40 40 41 41 41 41 7 100 100 80 80 80 80 80 80 80 43 94 54 54 54 54 54 54 94 94 26 27 23 0 0 0 0
0 0 0 0 0 0 34 75 75 92 40 56 40 40 40 40 41 41 41 41 7 7 7 7 100 100 100 100 100 100 100 100 80 43 94 54 0 0 0 0 54 54 54 26 98 98 0 0 0 0
0 0 0 0 0 0 34 49 30 30 40 40 40 41 41 41 41 93 93 7 7 100 100 100 100 0 0 0 0 0 0 80 80 43 94 54 0 0 0 0 0 0 97 97 97 0 0 0 0 0
0 0 0 0 0 0 34 42 42 30 30 41 41 41 93 93 93 93 93 24 100 100 0 0 0 0 0 0 0 0 0 6 43 43 94 54 0 0 0 0 0 0 0 0 0 0 0 0 0 0
0 0 0 0 0 0 0 0 42 42 42 41 93 93 93 19 19 19 100 100 100 0 0 0 0 0 0 0 0 0 0 53 43 94 94 54 0 0 0 0 0 0 0 0 0 0 0 0 0 0
0 0 0 0 0 0 0 0 0 0 42 38 93 19 19 19 0 0 0 0 0 0 0 0 0 0 0 0 0 0 0 53 43 43 94 54 0 0 0 0 0 0 0 0 0 0 0 0 0 0
0 0 0 0 0 0 0 0 0 0 16 38 19 19 0 0 0 0 0 0 0 0 0 0 0 0 0 0 0 0 0 53 53 43 94 54 0 0 0 0 0 0 0 0 0 0 0 0 0 0
0 0 0 0 0 0 0 0 0 0 16 38 87 0 0 0 0 0 0 0 0 0 0 0 0 0 0 0 0 0 0 0 53 43 94 54 54 0 0 0 0 0 0 0 0 0 0 0 0 0
0 0 0 0 0 0 0 0 0 0 16 84 84 0 0 0 0 0 0 0 0 0 0 0 0 0 0 0 0 0 0 0 53 43 94 2 54 82 0 0 0 0 0 0 0 0 0 0 0 0
0 0 0 0 0 0 0 0 0 0 0 0 0 0 0 0 0 0 0 0 0 0 0 0 0 0 0 0 0 0 0 0 53 43 72 2 4 82 0 0 0 0 0 0 0 0 0 0 0 0
0 0 0 0 0 0 0 0 0 0 0 0 0 0 0 0 0 0 0 0 0 0 0 0 0 0 0 0 0 0 0 0 53 59 59 59 4 0 0 0 0 0 0 0 0 0 0 0 0 0
0 0 0 0 0 0 0 0 0 0 0 0 0 0 0 0 0 0 0 0 0 0 0 0 0 0 0 0 0 0 0 0 4 4 4 4 4 0 0 0 0 0 0 0 0 0 0 0 0 0
0 0 0 0 0 0 0 0 0 0 0 0 0 0 0 0 0 0 0 0 0 0 0 0 0 0 0 0 0 0 0 0 0 0 0 0 0 0 0 0 0 0 0 0 0 0 0 0 0 0
0 0 0 0 0 0 0 0 0 0 0 0 0 0 0 0 0 0 0 0 0 0 0 0 0 0 0 0 0 0 0 0 0 0 0 0 0 0 0 0 0 0 0 0 0 0 0 0 0 0
0 0 0 0 0 0 0 0 0 0 0 0 0 0 0 0 0 0 0 0 0 0 0 0 0 0 0 0 0 0 0 0 0 0 0 0 0 0 0 0 0 0 0 0 0 0 0 0 0 0
0 0 0 0 0 0 0 0 0 0 0 0 0 0 0 0 0 0 0 0 0 0 0 0 0 0 0 0 0 0 0 0 0 0 0 0 0 0 0 0 0 0 0 0 0 0 0 0 0 0
0 0 0 0 0 0 0 0 0 0 0 0 0 0 0 0 0 0 0 0 0 0 0 0 0 0 0 0 0 0 0 0 0 0 0 0 0 0 0 0 0 0 0 0 0 0 0 0 0 0
0 0 0 0 0 0 0 0 0 0 0 0 0 0 0 0 0 0 0 0 0 0 0 0 0 0 0 0 0 0 0 0 0 0 0 0 0 0 0 0 0 0 0 0 0 0 0 0 0 0
0 0 0 0 0 0 0 0 0 0 0 0 0 0 0 0 0 0 0 0 0 0 0 0 0 0 0 0 0 0 0 0 0 0 0 0 0 0 0 0 0 0 0 0 0 0 0 0 0 0
