0 0 0 0 0 0 0 0 0 0 0 0 0 0 0 0 0 0 0 0 0 0 0 0 0 0 0 0 0 0 0 0 0 0 0 0 0 0 0 0 0 0 0 0 0 0 0 0 0 0
0 0 0 0 0 0 0 0 0 0 0 0 0 0 0 0 0 0 0 0 0 0 0 0 0 0 0 0 0 0 0 0 0 0 0 0 0 0 0 0 0 0 0 0 0 0 0 0 0 0
0 0 0 0 0 0 0 0 0 0 0 0 0 0 0 0 0 0 0 0 0 0 0 0 0 0 0 0 0 0 0 0 0 0 0 0 0 0 0 0 0 0 0 0 0 0 0 0 0 0
0 0 0 0 0 0 0 0 0 0 0 0 0 0 0 0 0 0 0 0 0 0 0 0 0 0 0 0 0 0 0 0 0 0 0 0 0 0 0 0 0 0 0 0 0 0 0 0 0 0
0 0 0 0 0 0 0 0 0 0 0 0 0 0 0 0 0 0 0 0 0 0 0 0 0 0 0 0 0 0 0 0 0 0 0 0 0 0 0 0 0 0 0 0 0 0 0 0 0 0
0 0 0 0 0 0 0 0 0 0 0 0 0 0 0 0 0 0 0 0 0 0 0 0 0 0 0 0 0 0 0 0 0 0 0 0 0 0 0 0 0 0 0 0 0 0 0 0 0 0
0 0 0 0 0 0 0 0 0 0 0 0 0 0 0 0 0 0 0 0 0 0 0 0 0 0 0 0 0 0 0 0 0 0 0 0 0 0 0 0 0 0 0 0 0 0 0 0 0 0
0 0 0 0 0 0 0 0 0 0 0 0 0 0 0 0 0 0 0 0 0 0 0 0 0 0 0 0 0 0 0 0 0 0 0 0 0 0 0 0 0 0 0 0 0 0 0 0 0 0
0 0 0 0 0 0 0 0 0 0 0 0 0 0 0 0 0 0 0 0 0 0 0 0 0 0 0 0 0 0 0 0 0 0 0 0 0 0 0 0 0 0 0 0 0 0 0 0 0 0
0 0 0 0 0 0 0 0 0 0 0 0 0 0 0 0 0 0 0 0 0 0 0 0 0 0 0 0 0 0 0 0 0 0 0 0 0 0 0 0 0 0 0 0 0 0 0 0 0 0
0 0 0 0 0 0 0 0 0 0 0 0 0 0 0 0 0 0 0 0 0 0 0 0 0 0 0 0 0 0 0 0 0 0 0 0 0 0 0 70 70 70 70 73 6 0 0 0 0 0
0 0 0 0 0 0 0 0 0 0 0 0 7 7 0 0 0 0 0 0 0 0 0 0 0 0 0 0 0 0 0 0 0 0 0 0 0 0 0 70 88 2 42 73 0 0 0 0 0 0
0 0 0 0 0 0 0 0 0 0 0 0 39 1 0 0 0 0 0 0 0 0 0 0 0 0 0 0 0 0 0 0 0 0 0 0 0 0 70 70 88 99 42 73 0 0 0 0 0 0
0 0 0 0 0 0 0 0 0 0 0 0 12 1 0 0 0 0 0 52 52 52 0 0 0 0 0 0 0 0 0 0 0 0 0 0 0 0 70 88 88 99 98 73 0 0 0 0 0 0
0 0 0 0 0 0 0 0 0 0 0 0 12 51 51 50 0 0 0 72 59 52 45 45 45 45 45 0 96 96 96 96 96 96 96 96 96 96 70 88 99 99 98 0 0 0 0 0 0 0
0 0 0 0 0 0 0 0 0 0 0 0 12 76 58 50 50 50 50 50 59 13 13 13 13 13 45 0 96 87 87 87 87 87 87 87 87 88 88 88 99 98 98 0 0 0 0 0 0 0
0 0 0 0 0 0 0 0 0 0 0 0 12 4 58 58 50 50 58 41 41 41 44 44 11 13 45 38 96 87 21 21 21 21 21 21 87 21 99 99 99 98 0 0 0 0 0 0 0 0
0 0 0 0 0 0 0 0 0 0 0 0 24 4 4 58 58 50 58 16 10 89 89 35 11 13 96 96 96 87 21 98 98 98 98 21 21 21 98 98 98 98 0 0 0 0 0 0 0 0
0 0 0 0 0 0 0 0 0 0 0 0 24 24 4 4 58 50 58 16 34 34 74 35 11 13 96 87 87 87 21 98 0 0 98 98 98 98 98 0 0 0 0 0 0 0 0 0 0 0
0 0 0 0 0 0 0 0 0 0 0 0 0 24 24 4 58 58 58 16 16 34 74 35 11 13 96 87 21 21 21 98 0 0 0 0 0 0 0 0 0 0 0 0 0 0 0 0 0 0
0 0 0 0 0 0 0 0 0 0 0 0 0 0 24 4 4 4 34 34 34 34 74 35 11 13 96 87 21 98 98 98 0 0 0 0 0 0 0 0 0 0 0 0 0 0 0 0 0 0
0 0 0 0 0 0 0 0 0 0 0 0 0 0 24 24 23 23 23 66 74 74 74 35 11 13 13 87 21 21 32 98 98 0 0 0 0 0 0 0 0 0 0 0 0 0 0 0 0 0
0 0 0 0 0 0 0 0 0 0 0 0 0 0 0 24 18 43 23 15 74 35 35 35 11 13 13 37 37 3 32 57 98 0 0 0 0 0 0 0 0 0 0 0 0 0 0 0 0 0
0 0 0 0 0 0 0 0 0 0 0 0 0 0 0 0 18 43 91 15 74 35 40 40 11 11 11 11 11 3 14 57 98 98 98 0 0 0 0 0 0 0 0 0 0 0 0 0 0 0
0 0 0 0 0 0 0 0 0 0 0 0 0 0 0 0 18 18 91 15 74 35 35 40 40 40 40 40 40 40 40 57 57 57 98 67 0 0 0 0 0 0 0 0 0 0 0 0 0 0
0 0 0 0 0 0 0 0 0 0 0 0 0 0 0 0 80 80 91 15 74 74 35 35 35 35 35 40 40 97 40 90 54 57 92 67 0 0 0 0 0 0 0 0 0 0 0 0 0 0
0 0 0 0 0 0 0 0 0 0 0 0 0 0 0 0 80 71 91 15 5 86 86 86 86 86 77 77 77 77 79 79 54 63 92 67 31 0 0 0 0 0 0 0 0 0 0 0 0 0
0 0 0 0 0 0 0 0 0 0 0 0 0 0 0 0 80 71 84 84 5 55 53 53 81 100 100 100 100 100 100 54 54 63 68 68 31 0 0 0 0 0 0 0 0 0 0 0 0 0
0 0 0 0 0 0 0 0 0 0 0 0 0 0 0 8 80 71 33 5 5 20 20 30 81 9 9 9 9 100 54 54 19 63 63 68 31 31 0 0 0 0 0 0 0 0 0 0 0 0
0 0 0 0 0 0 0 0 0 0 0 0 0 0 0 8 82 82 33 5 20 20 30 30 30 30 30 30 9 100 100 100 19 19 63 68 68 31 0 0 0 0 0 0 0 0 0 0 0 0
0 0 0 0 0 0 0 0 0 0 0 0 8 8 8 8 82 33 33 5 20 30 30 83 83 83 83 30 9 9 28 100 100 19 63 63 68 31 0 0 0 0 0 0 0 0 0 0 0 0
0 0 0 0 0 0 0 0 0 0 0 0 8 82 82 82 82 33 5 5 20 30 83 83 0 95 83 30 30 9 28 28 100 19 19 63 68 31 0 0 0 0 0 0 0 0 0 0 0 0
0 0 0 0 0 0 0 0 8 8 8 8 8 82 33 33 33 33 5 20 20 30 83 0 0 95 78 78 30 9 28 28 100 100 19 63 68 31 0 0 0 0 0 0 0 0 0 0 0 0
0 0 0 0 0 0 0 8 8 82 82 82 82 82 33 5 5 5 5 20 30 30 83 0 0 0 78 30 30 9 28 28 28 100 19 63 68 31 31 94 0 0 0 0 0 0 0 0 0 0
0 0 0 0 0 0 8 8 82 82 33 33 33 33 33 5 20 20 20 20 30 83 83 0 0 0 78 30 9 9 28 65 28 100 19 63 68 68 61 94 0 0 0 0 0 0 0 0 0 0
0 0 0 0 0 0 8 49 82 33 33 5 5 5 5 5 20 30 30 30 30 83 0 0 0 0 78 30 9 28 28 65 28 28 64 64 64 75 61 94 94 0 0 0 0 0 0 0 0 0
0 0 0 0 0 0 8 8 82 33 29 20 20 20 20 20 20 30 83 83 83 83 0 0 0 0 78 30 9 28 56 65 65 69 69 25 25 75 27 27 94 0 0 0 0 0 0 0 0 0
0 0 0 0 0 0 0 8 82 33 29 29 29 29 29 29 60 30 83 0 0 0 0 0 0 0 78 30 9 28 56 0 65 65 65 65 25 25 25 27 94 94 0 0 0 0 0 0 0 0
0 0 0 0 0 0 0 8 82 33 33 33 33 33 33 29 29 29 83 0 0 0 0 0 0 0 78 30 9 28 56 0 0 0 0 26 26 26 85 27 47 94 0 0 0 0 0 0 0 0
0 0 0 0 0 0 0 8 82 29 29 29 29 29 29 29 83 83 83 0 0 0 0 0 0 0 78 30 9 28 56 0 0 0 0 0 0 48 85 62 47 94 0 0 0 0 0 0 0 0
0 0 0 0 0 0 0 8 8 29 83 83 83 83 83 83 83 0 0 0 0 0 0 0 0 0 78 30 9 28 56 0 0 0 0 0 0 48 48 62 94 94 0 0 0 0 0 0 0 0
0 0 0 0 0 0 8 8 29 29 83 0 0 0 0 0 0 0 0 0 0 0 0 0 0 0 78 30 9 28 56 0 0 0 0 0 0 0 17 62 0 0 0 0 0 0 0 0 0 0
0 0 0 0 0 0 22 29 29 46 83 0 0 0 0 0 0 0 0 0 0 0 0 0 0 0 78 30 9 28 56 0 0 0 0 0 0 0 0 0 0 0 0 0 0 0 0 0 0 0
0 0 0 0 0 0 22 93 36 46 0 0 0 0 0 0 0 0 0 0 0 0 0 0 0 0 78 78 28 28 56 0 0 0 0 0 0 0 0 0 0 0 0 0 0 0 0 0 0 0
0 0 0 0 0 0 22 22 36 0 0 0 0 0 0 0 0 0 0 0 0 0 0 0 0 0 0 56 56 56 56 0 0 0 0 0 0 0 0 0 0 0 0 0 0 0 0 0 0 0
0 0 0 0 0 0 0 0 0 0 0 0 0 0 0 0 0 0 0 0 0 0 0 0 0 0 0 0 0 0 0 0 0 0 0 0 0 0 0 0 0 0 0 0 0 0 0 0 0 0
0 0 0 0 0 0 0 0 0 0 0 0 0 0 0 0 0 0 0 0 0 0 0 0 0 0 0 0 0 0 0 0 0 0 0 0 0 0 0 0 0 0 0 0 0 0 0 0 0 0
0 0 0 0 0 0 0 0 0 0 0 0 0 0 0 0 0 0 0 0 0 0 0 0 0 0 0 0 0 0 0 0 0 0 0 0 0 0 0 0 0 0 0 0 0 0 0 0 0 0
0 0 0 0 0 0 0 0 0 0 0 0 0 0 0 0 0 0 0 0 0 0 0 0 0 0 0 0 0 0 0 0 0 0 0 0 0 0 0 0 0 0 0 0 0 0 0 0 0 0
0 0 0 0 0 0 0 0 0 0 0 0 0 0 0 0 0 0 0 0 0 0 0 0 0 0 0 0 0 0 0 0 0 0 0 0 0 0 0 0 0 0 0 0 0 0 0 0 0 0
