0 0 0 0 0 0 0 0 0 0 0 0 0 0 0 0 0 0 0 0 0 0 0 0 0 0 0 0 0 0 0 0 0 0 0 0 0 0 0 0 0 0 0 0 0 0 0 0 0 0
0 0 0 0 0 0 0 0 0 0 0 0 0 0 0 0 0 0 0 0 0 0 0 0 0 0 0 0 0 0 0 0 0 0 0 0 0 0 0 0 0 0 0 0 0 0 0 0 0 0
0 0 0 0 0 0 0 0 0 0 0 0 0 0 0 0 0 0 0 0 0 0 0 0 0 0 0 0 0 0 0 0 0 0 0 0 0 0 0 0 0 0 0 0 0 0 0 0 0 0
0 0 0 0 0 0 0 0 0 0 0 0 0 0 0 0 0 0 0 0 0 0 0 0 0 0 0 0 0 0 0 0 0 0 0 0 0 0 0 0 0 0 0 0 0 0 0 0 0 0
0 0 0 0 0 0 0 0 0 0 0 0 0 0 0 0 0 0 0 0 0 0 0 0 0 0 0 0 0 0 0 0 0 0 0 0 0 0 0 0 0 0 0 0 0 0 0 0 0 0
0 0 0 0 0 0 0 0 0 0 0 0 0 0 0 0 0 0 0 0 0 0 0 0 0 0 0 0 0 0 0 0 0 0 0 0 0 0 0 0 0 0 0 0 0 0 0 0 0 0
0 0 0 0 0 0 0 0 0 0 0 0 0 0 0 0 33 33 0 0 0 0 0 0 0 0 0 0 0 0 0 0 0 0 0 0 0 0 0 0 0 0 0 0 0 0 0 0 0 0
0 0 0 0 0 0 0 0 0 0 0 0 0 0 0 67 67 68 68 68 68 0 0 0 0 0 0 0 0 0 0 0 0 0 0 0 0 0 0 0 0 0 0 0 0 0 0 0 0 0
0 0 0 0 0 0 0 0 0 0 0 0 0 0 0 67 44 44 9 9 68 0 0 0 0 0 0 0 0 0 0 0 0 0 0 0 0 0 0 0 0 0 0 0 0 0 0 0 0 0
0 0 0 0 0 0 0 0 0 0 0 0 0 0 67 67 44 17 84 9 68 0 0 0 0 0 0 0 0 0 0 0 0 0 0 0 0 0 0 0 0 0 0 0 0 0 0 0 0 0
0 0 0 0 0 0 0 0 0 0 0 0 32 73 67 44 44 17 84 9 68 0 0 0 0 0 0 0 0 0 0 0 0 0 0 0 0 0 0 0 0 0 0 0 0 0 0 0 0 0
0 0 0 0 0 0 0 0 0 0 0 0 71 73 73 44 17 17 84 9 68 0 0 0 0 0 0 0 0 0 0 0 100 100 100 0 0 0 0 0 0 0 0 0 0 0 0 0 0 0
0 0 0 0 0 0 0 0 0 0 0 70 71 71 73 85 17 84 84 94 68 0 0 0 0 0 0 0 0 0 0 37 100 64 72 0 0 0 0 0 0 0 0 0 0 0 0 0 0 0
0 0 0 0 0 0 0 0 0 0 0 70 75 43 43 43 17 84 94 94 46 0 0 0 0 0 37 37 37 37 37 37 23 64 7 7 0 0 0 0 0 0 0 0 0 0 0 0 0 0
0 0 0 0 0 0 0 0 0 0 0 0 0 0 78 43 17 84 94 94 46 0 0 0 0 37 37 16 16 16 16 16 23 64 29 79 0 0 0 0 0 0 0 0 0 0 0 0 0 0
0 0 0 0 0 0 0 0 0 0 0 0 78 78 78 62 17 84 84 94 46 0 0 0 0 37 16 16 82 82 82 82 82 82 29 79 79 79 0 0 0 0 0 0 0 0 0 0 0 0
0 0 0 0 0 0 0 0 0 0 0 0 78 62 62 62 53 53 84 94 46 0 0 0 0 37 16 82 82 18 18 26 26 82 29 59 59 79 0 0 0 0 0 0 0 0 0 0 0 0
0 0 0 0 0 0 0 0 0 0 0 78 78 62 35 35 35 53 84 94 46 0 0 0 0 47 16 82 18 18 74 52 26 82 29 69 59 79 0 0 0 0 0 0 0 0 0 0 0 0
0 0 0 0 0 0 0 0 0 0 0 78 10 62 35 22 35 53 84 94 46 0 46 46 46 47 16 82 18 74 74 52 26 82 30 69 59 79 0 79 79 79 79 79 79 0 0 0 0 0
0 0 0 0 0 0 0 0 0 0 0 78 10 28 22 22 35 53 84 94 46 46 46 19 19 19 19 82 18 74 52 52 41 41 30 69 59 79 79 79 59 59 59 59 79 79 0 0 0 0
0 0 0 0 0 0 0 0 0 0 0 78 10 28 28 22 35 53 84 94 94 19 19 19 1 1 19 82 18 74 52 52 52 8 8 69 59 79 79 59 59 79 79 59 59 79 79 0 0 0
0 0 0 0 0 0 0 0 0 0 0 78 10 10 28 22 35 53 84 84 89 89 89 89 89 82 82 82 18 74 74 74 74 20 92 69 59 59 59 59 79 79 79 59 2 59 79 0 0 0
0 0 0 0 0 0 0 0 0 0 0 78 78 10 28 22 35 53 53 87 89 87 87 87 38 38 18 82 18 74 20 20 20 20 92 59 59 79 79 79 79 79 79 59 59 59 79 0 0 0
0 0 0 0 0 0 0 0 0 0 0 0 78 10 28 22 35 35 35 87 87 87 36 36 36 91 18 18 18 74 20 92 92 92 92 59 79 79 79 79 79 79 79 79 79 79 79 0 0 0
0 0 0 0 0 0 0 0 0 0 0 0 78 10 28 22 22 22 35 36 36 36 36 65 65 91 74 18 18 74 20 92 59 59 59 59 79 79 79 79 79 79 0 0 0 0 0 0 0 0
0 0 0 0 0 0 0 0 0 0 0 0 78 10 28 28 28 22 22 22 66 66 95 65 15 65 74 18 18 74 20 92 92 92 92 59 59 59 59 59 59 79 0 0 0 0 0 0 0 0
0 0 0 0 0 0 0 0 0 0 0 0 78 10 10 10 66 66 66 66 66 99 95 65 65 65 74 74 74 74 20 20 20 20 92 92 92 92 92 92 59 27 0 0 0 0 0 0 0 0
0 0 0 0 0 0 0 0 0 0 0 0 78 78 78 78 78 78 78 78 99 99 95 95 95 65 65 65 65 65 65 88 45 20 92 92 20 20 20 92 93 27 0 0 0 0 0 0 0 0
0 0 0 0 0 0 0 0 0 0 0 0 97 86 86 99 99 99 99 99 99 57 95 58 95 95 13 13 4 21 65 63 45 20 20 20 20 45 45 96 93 27 0 0 0 0 0 0 0 0
0 0 0 0 0 0 0 0 0 0 0 0 97 39 31 31 57 57 57 57 57 57 54 58 58 58 58 3 3 21 6 77 45 45 20 20 45 45 96 96 27 27 0 0 0 0 0 0 0 0
0 0 0 0 0 0 0 0 0 0 0 0 97 97 31 34 34 54 54 54 54 54 54 54 54 54 51 51 3 3 3 3 3 45 45 45 45 96 96 81 81 24 0 0 0 0 0 0 0 0
0 0 0 0 0 0 0 0 0 0 0 0 0 97 31 5 80 80 76 76 76 76 76 76 76 98 98 55 55 55 3 56 56 56 96 96 96 96 81 81 0 0 0 0 0 0 0 0 0 0
0 0 0 0 0 0 0 0 0 0 0 0 0 97 97 5 5 80 76 0 0 0 0 0 0 0 0 0 0 55 3 56 96 96 96 81 81 81 81 0 0 0 0 0 0 0 0 0 0 0
0 0 0 0 0 0 0 0 0 0 0 0 0 0 97 97 5 80 76 0 0 0 0 0 0 0 0 0 0 55 3 56 96 60 60 60 60 0 0 0 0 0 0 0 0 0 0 0 0 0
0 0 0 0 0 0 0 0 0 0 0 0 0 0 5 5 5 80 76 0 0 0 0 0 0 0 0 0 0 55 3 56 96 96 96 96 60 0 0 0 0 0 0 0 0 0 0 0 0 0
0 0 0 0 0 0 0 0 0 0 0 0 0 12 12 80 80 80 76 0 0 0 0 0 0 0 0 0 0 55 3 56 56 56 56 42 60 40 40 0 0 0 0 0 0 0 0 0 0 0
0 0 0 0 0 0 0 0 0 0 0 0 0 12 48 48 76 76 76 0 0 0 0 0 0 0 0 0 0 55 3 3 3 3 56 42 25 25 40 0 0 0 0 0 0 0 0 0 0 0
0 0 0 0 0 0 0 0 0 0 0 0 0 12 48 0 0 0 0 0 0 0 0 0 0 0 0 0 0 55 55 55 55 61 50 42 11 49 40 0 0 0 0 0 0 0 0 0 0 0
0 0 0 0 0 0 0 0 0 0 0 0 0 12 48 0 0 0 0 0 0 0 0 0 0 0 0 0 0 0 0 0 55 83 83 83 11 49 0 0 0 0 0 0 0 0 0 0 0 0
0 0 0 0 0 0 0 0 0 0 0 0 0 12 90 0 0 0 0 0 0 0 0 0 0 0 0 0 0 0 0 0 14 14 14 14 14 49 0 0 0 0 0 0 0 0 0 0 0 0
0 0 0 0 0 0 0 0 0 0 0 0 0 0 0 0 0 0 0 0 0 0 0 0 0 0 0 0 0 0 0 0 0 0 0 0 0 0 0 0 0 0 0 0 0 0 0 0 0 0
0 0 0 0 0 0 0 0 0 0 0 0 0 0 0 0 0 0 0 0 0 0 0 0 0 0 0 0 0 0 0 0 0 0 0 0 0 0 0 0 0 0 0 0 0 0 0 0 0 0
0 0 0 0 0 0 0 0 0 0 0 0 0 0 0 0 0 0 0 0 0 0 0 0 0 0 0 0 0 0 0 0 0 0 0 0 0 0 0 0 0 0 0 0 0 0 0 0 0 0
0 0 0 0 0 0 0 0 0 0 0 0 0 0 0 0 0 0 0 0 0 0 0 0 0 0 0 0 0 0 0 0 0 0 0 0 0 0 0 0 0 0 0 0 0 0 0 0 0 0
0 0 0 0 0 0 0 0 0 0 0 0 0 0 0 0 0 0 0 0 0 0 0 0 0 0 0 0 0 0 0 0 0 0 0 0 0 0 0 0 0 0 0 0 0 0 0 0 0 0
0 0 0 0 0 0 0 0 0 0 0 0 0 0 0 0 0 0 0 0 0 0 0 0 0 0 0 0 0 0 0 0 0 0 0 0 0 0 0 0 0 0 0 0 0 0 0 0 0 0
0 0 0 0 0 0 0 0 0 0 0 0 0 0 0 0 0 0 0 0 0 0 0 0 0 0 0 0 0 0 0 0 0 0 0 0 0 0 0 0 0 0 0 0 0 0 0 0 0 0
0 0 0 0 0 0 0 0 0 0 0 0 0 0 0 0 0 0 0 0 0 0 0 0 0 0 0 0 0 0 0 0 0 0 0 0 0 0 0 0 0 0 0 0 0 0 0 0 0 0
0 0 0 0 0 0 0 0 0 0 0 0 0 0 0 0 0 0 0 0 0 0 0 0 0 0 0 0 0 0 0 0 0 0 0 0 0 0 0 0 0 0 0 0 0 0 0 0 0 0
0 0 0 0 0 0 0 0 0 0 0 0 0 0 0 0 0 0 0 0 0 0 0 0 0 0 0 0 0 0 0 0 0 0 0 0 0 0 0 0 0 0 0 0 0 0 0 0 0 0
