0 0 0 0 0 0 0 0 0 0 0 0 0 0 0 0 0 0 0 0 0 0 0 0 0 0 0 0 0 0 0 0 0 0 0 0 0 0 0 0 0 0 0 0 0 0 0 0 0 0
0 0 0 0 0 0 0 0 0 0 0 0 0 0 0 0 0 0 0 0 0 0 0 0 0 0 0 0 0 0 0 0 0 0 0 0 0 0 0 0 0 0 0 0 0 0 0 0 0 0
0 0 0 0 0 0 0 0 0 0 0 0 0 0 0 0 0 0 0 0 0 0 0 0 0 0 0 0 0 0 0 0 0 0 0 0 0 0 0 0 0 0 0 0 0 0 0 0 0 0
0 0 0 0 0 0 0 0 0 0 0 0 0 0 0 0 0 0 0 0 0 0 0 0 0 0 0 0 0 0 0 0 0 0 0 0 0 0 0 0 0 0 0 0 0 0 0 0 0 0
0 0 0 0 0 0 0 0 0 0 0 0 0 0 0 0 0 0 0 0 0 0 0 0 0 0 0 0 0 0 0 0 0 0 0 0 0 0 0 0 0 0 0 0 0 0 0 0 0 0
0 0 0 0 0 0 0 0 0 0 0 0 0 0 0 0 0 0 0 0 0 0 0 0 0 0 0 0 0 0 0 0 0 0 0 0 0 0 0 0 0 0 0 0 0 0 0 0 0 0
0 0 0 0 0 0 0 0 4 4 4 4 4 0 0 0 0 0 0 0 0 0 0 0 0 0 0 0 0 0 0 0 0 0 0 0 0 0 0 0 0 0 0 0 0 0 0 0 0 0
0 0 0 0 0 0 80 77 77 57 97 67 4 0 0 0 0 0 0 0 0 0 0 0 0 0 0 0 0 0 0 0 0 0 0 0 0 0 0 0 0 0 0 0 0 0 0 0 0 0
0 0 0 0 0 0 68 68 77 2 97 4 4 0 0 0 0 0 0 0 0 0 0 0 0 0 0 0 0 0 0 0 0 0 0 0 0 0 0 0 0 0 0 0 0 0 0 0 0 0
0 0 0 0 0 0 0 68 77 65 97 4 0 0 0 0 0 0 0 0 0 0 0 0 0 0 0 0 0 0 0 0 0 0 0 0 0 0 0 0 0 0 0 0 0 0 0 0 0 0
0 0 0 0 0 0 0 68 68 65 97 4 0 0 0 0 0 0 0 0 0 0 0 0 0 0 0 0 0 0 0 0 0 0 0 0 0 0 0 0 0 0 0 0 0 0 0 0 0 0
0 0 0 0 0 0 0 0 68 60 97 4 0 0 0 42 42 42 0 0 0 0 0 0 0 0 0 0 0 0 0 0 22 22 22 0 0 0 0 0 0 0 0 0 0 0 0 0 0 0
0 0 0 0 0 0 0 0 0 60 97 4 4 4 4 4 7 94 94 94 0 0 0 0 0 0 0 0 34 34 92 92 22 96 84 0 0 0 0 0 0 0 0 0 0 0 0 0 0 0
0 0 0 0 0 0 0 0 0 60 97 97 97 97 4 4 52 52 52 94 94 0 0 0 0 0 0 0 34 69 69 70 70 96 100 0 0 0 0 0 0 0 0 0 0 0 0 0 0 0
0 0 0 0 0 0 0 0 0 60 60 60 60 97 4 4 52 98 81 81 94 94 94 0 0 0 0 0 34 75 66 66 8 96 100 36 0 36 36 36 0 0 0 0 0 0 0 0 0 0
0 0 0 0 0 0 0 0 0 0 0 0 60 97 97 97 97 97 97 81 81 81 94 0 0 0 0 0 34 75 86 8 8 33 33 36 36 36 76 10 10 10 0 0 0 0 0 0 0 0
0 0 0 0 0 0 0 0 0 0 0 0 60 60 60 60 60 60 97 97 97 81 94 0 0 0 0 0 34 75 86 91 91 91 91 91 91 91 91 91 91 10 10 0 0 0 0 0 0 0
0 0 0 0 0 0 0 0 0 0 0 0 0 0 0 0 0 60 60 60 97 81 94 94 94 0 0 0 34 75 86 91 63 63 63 63 63 63 63 63 91 91 10 0 0 0 0 0 0 0
0 0 0 0 0 0 0 0 0 0 0 0 0 0 0 0 0 0 0 60 97 81 81 81 94 94 0 0 34 75 86 91 63 63 63 63 63 63 63 63 63 91 10 0 0 0 0 0 0 0
0 0 0 0 0 0 0 0 0 0 0 0 0 0 0 0 0 0 0 60 97 97 97 81 59 94 34 34 34 75 86 91 63 63 63 63 63 63 63 63 63 91 10 0 0 0 0 0 0 0
0 0 0 0 0 0 0 0 0 0 0 0 0 0 0 0 0 0 0 83 83 6 97 11 59 75 75 75 75 75 86 91 63 63 63 63 63 63 63 63 12 10 10 0 0 0 0 0 0 0
0 0 0 0 0 0 0 0 0 0 0 0 0 0 0 0 0 0 0 0 47 6 30 11 59 59 86 86 86 86 86 91 63 63 63 63 63 63 12 12 12 10 0 0 0 0 0 0 0 0
0 0 0 0 0 0 0 0 0 0 0 0 0 0 0 0 0 0 0 0 47 6 30 18 59 37 37 21 91 91 91 91 63 63 63 63 63 63 12 5 46 10 0 0 0 0 0 0 0 0
0 0 0 0 0 0 0 0 0 0 0 0 0 0 0 0 0 0 0 0 47 24 30 18 37 37 95 21 12 12 91 91 91 91 63 63 63 63 12 5 10 10 0 0 0 0 0 0 0 0
0 0 0 0 0 0 0 0 0 0 0 0 0 0 0 0 0 0 0 0 47 24 45 18 99 61 95 95 95 12 12 12 12 91 63 63 63 63 12 5 64 0 0 0 0 0 0 0 0 0
0 0 0 0 0 0 0 0 0 0 0 0 0 0 0 0 0 0 0 0 47 48 45 18 82 61 71 71 25 25 25 25 12 91 12 12 12 12 12 5 32 32 0 0 0 0 0 0 0 0
0 0 0 0 0 0 0 0 0 0 0 0 0 0 0 0 0 0 0 19 19 48 45 45 45 61 87 71 31 31 31 25 12 12 12 25 25 25 12 5 90 32 0 0 0 0 0 0 0 0
0 0 0 0 0 0 0 0 0 0 0 0 0 0 0 0 58 58 58 58 48 48 48 73 1 1 87 20 20 26 31 25 12 12 25 25 15 25 25 15 90 32 0 0 0 0 0 0 0 0
0 0 0 0 0 0 0 0 0 0 0 0 0 0 58 58 58 89 89 89 48 50 73 73 1 88 88 20 14 26 31 25 25 25 25 15 15 15 15 15 90 32 35 0 0 0 0 0 0 0
0 0 0 0 0 0 0 0 0 0 0 0 0 0 58 89 89 89 13 13 13 50 62 9 1 20 20 20 14 26 31 15 15 15 15 15 90 90 90 90 90 28 35 0 0 0 0 0 0 0
0 0 0 0 0 0 0 0 0 0 58 58 58 58 58 89 13 13 13 23 40 40 62 9 9 9 20 14 14 26 31 74 90 90 90 90 90 35 35 35 35 35 35 0 0 0 0 0 0 0
0 0 0 0 0 0 0 58 58 58 58 89 89 89 89 89 13 23 23 23 0 40 54 54 9 9 20 14 17 26 44 74 55 55 55 35 35 35 0 0 0 0 0 0 0 0 0 0 0 0
0 0 0 0 0 0 0 58 85 89 89 89 13 13 13 13 13 23 0 0 0 40 49 49 9 20 20 14 17 26 74 74 74 74 55 27 0 0 0 0 0 0 0 0 0 0 0 0 0 0
0 0 0 0 0 0 0 79 79 89 13 13 13 23 23 23 23 23 0 0 0 56 49 93 9 20 14 14 17 53 53 53 53 74 55 55 55 0 0 0 0 0 0 0 0 0 0 0 0 0
0 0 0 0 0 0 0 0 39 39 13 23 23 23 0 0 0 0 0 0 0 56 49 38 9 20 14 17 17 0 0 0 53 74 74 74 55 55 55 0 0 0 0 0 0 0 0 0 0 0
0 0 0 0 0 0 0 0 0 39 3 23 0 0 0 0 0 0 0 0 0 56 56 38 9 20 14 14 29 0 0 0 53 53 53 74 74 74 55 55 55 55 55 0 0 0 0 0 0 0
0 0 0 0 0 0 0 0 0 0 0 0 0 0 0 0 0 0 0 0 0 0 56 38 9 20 20 14 29 0 0 0 0 0 53 53 53 74 74 74 74 43 55 0 0 0 0 0 0 0
0 0 0 0 0 0 0 0 0 0 0 0 0 0 0 0 0 0 0 0 0 0 56 38 9 9 20 14 29 0 0 0 0 0 0 0 53 53 53 53 51 43 55 0 0 0 0 0 0 0
0 0 0 0 0 0 0 0 0 0 0 0 0 0 0 0 0 0 0 0 0 0 56 38 9 20 20 14 29 0 0 0 0 0 0 0 0 0 0 43 43 43 55 55 55 0 0 0 0 0
0 0 0 0 0 0 0 0 0 0 0 0 0 0 0 0 0 0 0 0 0 0 56 38 9 20 14 14 29 0 0 0 0 0 0 0 0 0 0 0 0 43 43 43 55 0 0 0 0 0
0 0 0 0 0 0 0 0 0 0 0 0 0 0 0 0 0 0 0 0 0 0 56 38 38 14 14 29 29 0 0 0 0 0 0 0 0 0 0 0 0 0 0 43 55 0 0 0 0 0
0 0 0 0 0 0 0 0 0 0 0 0 0 0 0 0 0 0 0 0 0 0 56 56 29 29 29 29 0 0 0 0 0 0 0 0 0 0 0 0 0 0 0 43 55 43 43 43 78 0
0 0 0 0 0 0 0 0 0 0 0 0 0 0 0 0 0 0 0 0 0 0 0 0 0 0 0 0 0 0 0 0 0 0 0 0 0 0 0 0 0 0 0 43 43 43 72 16 78 0
0 0 0 0 0 0 0 0 0 0 0 0 0 0 0 0 0 0 0 0 0 0 0 0 0 0 0 0 0 0 0 0 0 0 0 0 0 0 0 0 0 0 0 0 0 41 72 78 78 0
0 0 0 0 0 0 0 0 0 0 0 0 0 0 0 0 0 0 0 0 0 0 0 0 0 0 0 0 0 0 0 0 0 0 0 0 0 0 0 0 0 0 0 0 0 0 0 0 0 0
0 0 0 0 0 0 0 0 0 0 0 0 0 0 0 0 0 0 0 0 0 0 0 0 0 0 0 0 0 0 0 0 0 0 0 0 0 0 0 0 0 0 0 0 0 0 0 0 0 0
0 0 0 0 0 0 0 0 0 0 0 0 0 0 0 0 0 0 0 0 0 0 0 0 0 0 0 0 0 0 0 0 0 0 0 0 0 0 0 0 0 0 0 0 0 0 0 0 0 0
0 0 0 0 0 0 0 0 0 0 0 0 0 0 0 0 0 0 0 0 0 0 0 0 0 0 0 0 0 0 0 0 0 0 0 0 0 0 0 0 0 0 0 0 0 0 0 0 0 0
0 0 0 0 0 0 0 0 0 0 0 0 0 0 0 0 0 0 0 0 0 0 0 0 0 0 0 0 0 0 0 0 0 0 0 0 0 0 0 0 0 0 0 0 0 0 0 0 0 0
0 0 0 0 0 0 0 0 0 0 0 0 0 0 0 0 0 0 0 0 0 0 0 0 0 0 0 0 0 0 0 0 0 0 0 0 0 0 0 0 0 0 0 0 0 0 0 0 0 0
