0 0 0 0 0 0 0 0 0 0 0 0 0 0 0 0 0 0 0 0 0 0 0 0 0 0 0 0 0 0 0 0 0 0 0 0 0 0 0 0 0 0 0 0 0 0 0 0 0 0
0 0 0 0 0 0 0 0 0 0 0 0 0 0 0 0 0 0 0 0 0 0 0 0 0 0 0 0 0 0 0 0 0 0 0 0 0 0 0 0 0 0 0 0 0 0 0 0 0 0
0 0 0 0 0 0 0 0 0 0 0 0 0 0 0 0 0 0 0 0 0 0 0 0 0 0 0 0 0 0 0 0 0 0 0 0 0 0 0 0 0 0 0 0 0 0 0 0 0 0
0 0 0 0 0 0 0 0 0 0 0 0 0 0 0 0 0 0 0 0 0 0 0 0 0 0 0 0 0 0 0 0 0 74 74 100 100 0 0 0 0 0 0 0 0 0 0 0 0 0
0 0 0 0 0 0 0 0 0 0 0 0 0 0 0 0 0 0 0 0 0 0 0 0 0 0 0 0 0 0 0 0 0 74 53 1 100 100 100 0 0 0 0 0 0 0 0 0 0 0
0 0 0 0 0 0 0 0 0 0 0 0 0 0 0 0 0 0 0 0 0 0 0 0 0 0 0 0 0 0 0 0 0 74 53 1 1 1 100 0 0 0 0 0 0 0 0 0 0 0
0 0 0 0 0 0 0 0 0 0 0 0 0 0 0 0 0 0 0 0 0 0 0 0 0 0 0 0 0 0 0 0 0 74 53 53 53 1 100 0 0 0 0 0 0 0 0 0 0 0
0 0 0 0 0 0 0 0 0 0 0 0 0 0 0 0 0 0 0 0 0 0 0 0 0 0 0 0 0 0 0 0 0 74 74 74 53 1 100 0 0 0 0 0 0 0 0 0 0 0
0 0 0 0 0 0 0 0 0 0 86 86 86 16 16 0 0 0 0 0 0 0 0 0 0 0 0 0 0 0 0 0 0 0 0 74 53 1 100 0 0 0 0 0 0 0 0 0 0 0
0 0 0 0 0 0 0 0 0 38 38 39 28 28 16 16 0 0 0 0 0 0 0 0 0 0 0 74 74 74 74 74 74 74 74 74 53 1 100 100 84 0 0 0 0 0 0 0 0 0
0 0 0 0 0 0 0 0 42 38 11 11 11 28 28 16 0 0 0 0 0 0 0 0 0 0 0 74 88 88 88 88 88 88 88 88 53 1 25 100 9 0 0 0 0 0 0 0 0 0
0 0 0 0 0 0 0 0 42 8 93 93 11 11 28 16 0 0 0 0 0 0 0 0 0 18 18 18 88 2 13 57 62 62 62 62 53 1 69 69 9 0 0 0 0 0 0 0 0 0
0 0 0 0 0 0 0 0 42 64 64 93 93 11 28 16 0 0 0 0 0 0 0 0 0 18 65 65 65 2 72 97 62 63 63 62 62 62 62 9 9 0 0 0 0 0 0 0 0 0
0 0 0 0 0 0 0 0 42 42 64 64 93 11 28 16 16 16 0 0 0 0 0 0 0 18 65 2 2 2 72 97 62 63 63 63 63 63 63 63 0 0 0 0 0 0 0 0 0 0
0 0 0 0 0 0 0 0 0 42 42 64 93 11 28 28 28 16 0 0 0 0 0 0 0 18 65 2 72 72 72 7 62 63 0 0 0 0 0 0 0 0 0 0 0 0 0 0 0 0
0 0 0 0 0 0 0 0 0 0 42 64 93 11 11 11 28 16 0 0 0 0 18 18 18 18 65 2 72 7 7 7 5 63 0 0 0 0 0 0 0 0 0 0 0 0 0 0 0 0
0 0 0 0 0 0 0 0 0 0 42 64 93 93 93 11 28 16 0 0 0 0 18 65 65 65 65 2 72 72 7 7 5 63 0 0 0 0 0 0 0 0 0 0 0 0 0 0 0 0
0 0 0 0 0 0 0 0 0 42 42 64 64 64 93 11 28 16 0 0 0 0 18 65 2 2 2 2 2 72 72 7 5 63 63 0 0 0 0 0 0 0 0 0 0 0 0 0 0 0
0 0 0 0 0 0 0 17 17 42 64 64 64 64 93 11 50 16 18 18 18 18 18 65 2 51 51 51 51 51 72 7 5 55 98 0 0 0 0 0 0 0 0 0 0 0 0 0 0 0
0 0 0 0 0 0 0 17 34 34 64 93 93 93 93 93 50 16 18 65 65 65 65 65 2 36 30 72 51 72 72 94 5 20 98 98 0 0 0 0 0 0 0 0 0 0 0 0 0 0
0 0 0 0 0 0 0 17 34 49 49 93 91 91 91 93 50 50 50 50 2 2 2 2 2 36 10 72 72 72 94 94 35 20 4 98 0 0 0 0 0 0 0 0 0 0 0 0 0 0
0 0 0 0 0 0 0 17 34 49 44 91 91 81 91 93 93 93 93 93 93 73 33 36 36 36 10 12 94 94 94 35 35 56 4 98 0 0 0 0 0 0 0 0 0 0 0 0 0 0
0 0 0 0 0 0 0 17 34 49 81 81 81 81 91 91 91 91 91 91 93 54 54 36 36 54 10 12 21 21 35 35 99 99 4 98 0 0 0 0 0 0 0 0 0 0 0 0 0 0
0 0 0 0 0 0 0 17 34 52 52 52 52 81 81 81 81 81 81 91 75 75 54 54 54 54 70 12 83 21 99 99 99 98 98 98 0 0 0 0 0 0 0 0 0 0 0 0 0 0
0 0 0 0 0 0 0 17 17 17 17 17 52 52 52 52 52 52 81 91 32 32 32 70 70 70 70 21 21 21 99 98 98 98 0 0 0 0 0 0 0 0 0 0 0 0 0 0 0 0
0 0 0 0 0 0 0 0 0 0 0 17 17 17 17 17 17 52 81 81 81 47 67 70 22 70 21 21 99 99 99 80 0 0 0 0 0 0 0 0 0 0 0 0 0 0 0 0 0 0
0 0 0 0 0 0 0 0 0 0 0 0 0 0 0 0 17 52 52 52 87 47 85 85 22 70 70 21 61 61 61 80 0 0 0 0 0 0 0 0 0 0 0 0 0 0 0 0 0 0
0 0 0 0 0 0 0 0 0 0 0 0 0 0 0 0 17 17 17 87 87 46 85 76 22 22 45 45 45 6 61 80 80 80 0 0 0 0 0 0 0 0 0 0 0 0 0 0 0 0
0 0 0 0 0 0 0 0 0 0 0 0 0 0 0 0 0 90 87 87 46 46 85 76 76 76 76 76 76 76 61 78 78 80 80 0 0 0 0 0 0 0 0 0 0 0 0 0 0 0
0 0 0 0 0 0 0 0 0 0 0 0 0 0 0 0 0 90 95 48 46 24 85 27 71 71 71 71 71 40 40 40 78 78 80 0 0 0 0 0 0 0 0 0 0 0 0 0 0 0
0 0 0 0 0 0 0 0 0 0 0 0 0 0 0 0 0 0 0 48 26 24 27 27 31 77 77 77 71 71 71 40 40 78 80 0 0 0 0 0 0 0 0 0 0 0 0 0 0 0
0 0 0 0 0 0 0 0 0 0 0 0 0 0 0 0 0 0 0 37 26 24 27 31 31 77 15 77 77 77 71 71 40 78 80 80 0 0 0 0 0 0 0 0 0 0 0 0 0 0
0 0 0 0 0 0 0 0 0 0 0 0 0 0 0 0 0 37 37 37 26 24 27 31 77 77 15 15 15 77 77 71 40 78 78 80 0 0 0 0 0 0 0 0 0 0 0 0 0 0
0 0 0 0 0 0 0 0 0 0 0 0 0 0 0 0 0 37 26 26 26 24 27 31 77 15 15 0 15 15 77 71 40 40 78 80 0 0 0 0 0 0 0 0 0 0 0 0 0 0
0 0 0 0 0 0 0 0 0 0 0 0 0 0 0 0 37 37 26 24 24 24 27 31 77 15 0 0 0 15 77 71 71 40 78 80 0 0 0 0 0 0 0 0 0 0 0 0 0 0
0 0 0 0 0 0 0 0 0 0 0 0 0 0 0 37 37 26 26 24 27 27 27 31 77 15 0 0 0 15 77 77 40 40 78 80 0 0 0 0 0 0 0 0 0 0 0 0 0 0
0 0 0 0 0 0 0 0 0 0 0 0 0 37 37 37 26 26 24 24 27 31 31 31 77 15 0 0 82 82 82 89 89 78 78 80 0 0 0 0 0 0 0 0 0 0 0 0 0 0
0 0 0 0 0 0 0 0 0 0 0 0 0 37 79 79 26 14 24 27 27 31 77 77 77 15 0 0 41 96 96 89 78 78 80 80 0 0 0 0 0 0 0 0 0 0 0 0 0 0
0 0 0 0 0 0 0 0 0 0 0 0 37 37 79 79 26 14 77 92 31 31 77 15 15 15 0 0 0 96 89 89 78 80 80 0 0 0 0 0 0 0 0 0 0 0 0 0 0 0
0 0 0 0 37 37 37 37 37 37 37 37 37 79 79 79 26 68 77 77 77 77 77 15 0 0 0 0 0 96 89 59 78 80 0 0 0 0 0 0 0 0 0 0 0 0 0 0 0 0
0 0 0 0 37 79 79 79 79 79 79 79 79 79 0 79 43 68 77 29 29 15 15 15 0 0 0 0 0 96 89 89 80 80 0 0 0 0 0 0 0 0 0 0 0 0 0 0 0 0
0 0 0 0 37 79 0 0 0 0 0 0 0 0 0 0 43 68 60 68 43 15 0 0 0 0 0 0 0 96 96 19 19 58 58 0 0 0 0 0 0 0 0 0 0 0 0 0 0 0
0 0 0 0 37 79 0 0 0 0 0 0 0 0 0 0 43 68 68 68 43 0 0 0 0 0 0 0 0 0 96 96 96 96 23 0 0 0 0 0 0 0 0 0 0 0 0 0 0 0
0 0 0 0 37 79 0 0 0 0 0 0 0 0 0 0 43 43 43 43 43 0 0 0 0 0 0 0 0 0 0 0 0 0 0 0 0 0 0 0 0 0 0 0 0 0 0 0 0 0
0 0 0 0 37 79 0 0 0 0 0 0 0 0 0 0 0 0 0 0 0 0 0 0 0 0 0 0 0 0 0 0 0 0 0 0 0 0 0 0 0 0 0 0 0 0 0 0 0 0
0 0 0 3 37 79 0 0 0 0 0 0 0 0 0 0 0 0 0 0 0 0 0 0 0 0 0 0 0 0 0 0 0 0 0 0 0 0 0 0 0 0 0 0 0 0 0 0 0 0
0 0 0 3 66 79 0 0 0 0 0 0 0 0 0 0 0 0 0 0 0 0 0 0 0 0 0 0 0 0 0 0 0 0 0 0 0 0 0 0 0 0 0 0 0 0 0 0 0 0
0 0 0 3 3 3 0 0 0 0 0 0 0 0 0 0 0 0 0 0 0 0 0 0 0 0 0 0 0 0 0 0 0 0 0 0 0 0 0 0 0 0 0 0 0 0 0 0 0 0
0 0 0 0 0 0 0 0 0 0 0 0 0 0 0 0 0 0 0 0 0 0 0 0 0 0 0 0 0 0 0 0 0 0 0 0 0 0 0 0 0 0 0 0 0 0 0 0 0 0
0 0 0 0 0 0 0 0 0 0 0 0 0 0 0 0 0 0 0 0 0 0 0 0 0 0 0 0 0 0 0 0 0 0 0 0 0 0 0 0 0 0 0 0 0 0 0 0 0 0
