0 0 0 0 0 0 0 0 0 0 0 0 0 0 0 0 0 0 0 0 0 0 0 0 0 0 0 0 0 0 0 0 0 0 0 0 0 0 0 0 0 0 0 0 0 0 0 0 0 0
0 0 0 0 0 0 0 0 0 0 0 0 0 0 0 0 0 0 0 0 0 0 0 0 0 0 0 0 0 0 0 0 0 0 0 0 0 0 0 0 0 0 0 0 0 0 0 0 0 0
0 0 0 0 0 0 0 0 0 0 0 0 0 0 0 0 0 0 0 0 0 0 0 0 0 0 0 0 0 0 0 0 0 0 0 0 0 0 0 0 0 0 0 0 0 0 0 0 0 0
0 0 0 0 0 0 0 0 0 0 0 0 0 0 0 0 0 0 0 0 0 0 0 0 0 0 0 0 0 0 0 0 0 0 0 0 0 0 0 0 0 0 0 0 0 0 0 0 0 0
0 0 0 0 0 0 0 0 0 0 0 0 0 0 0 0 0 0 0 0 0 0 0 0 0 0 0 0 0 0 0 0 0 0 0 0 0 0 0 0 0 0 0 0 0 0 0 0 0 0
0 0 0 0 0 0 0 0 0 0 0 0 0 0 0 0 0 0 0 0 0 0 24 24 24 24 0 0 0 0 0 0 0 0 0 0 0 0 0 0 0 0 0 0 0 0 0 0 0 0
0 0 0 0 0 0 0 0 0 0 0 0 0 0 0 0 0 0 0 0 0 24 24 78 78 24 0 0 0 0 0 0 0 0 0 0 0 0 0 0 0 0 0 0 0 0 0 0 0 0
0 0 0 0 0 0 0 0 0 0 0 0 0 0 0 0 0 0 0 0 24 24 81 72 78 24 0 0 0 0 0 0 0 0 0 0 0 0 0 0 0 54 54 54 54 0 0 0 0 0
0 0 0 0 0 0 0 0 0 0 0 0 0 0 0 0 0 0 0 0 24 81 81 72 78 24 0 0 0 0 0 0 0 0 0 0 0 0 0 0 0 5 2 18 87 0 0 0 0 0
0 0 0 0 0 0 0 0 0 0 0 0 0 0 0 0 0 0 0 0 24 81 72 72 78 24 0 0 0 0 0 0 0 0 0 0 0 0 0 0 0 5 92 14 87 90 0 0 0 0
0 0 0 0 0 0 0 0 0 0 0 0 0 0 0 0 0 0 0 0 24 81 72 78 78 24 0 0 0 0 0 0 0 0 0 0 5 5 5 5 5 5 92 96 96 90 0 0 0 0
0 0 0 0 0 0 0 0 0 0 0 0 0 0 41 43 0 0 0 0 24 81 72 78 24 24 0 0 0 0 0 0 0 0 0 0 5 92 92 92 92 92 92 77 95 95 0 0 0 0
0 0 0 0 0 0 0 0 0 0 0 0 0 82 41 20 20 0 0 0 24 81 72 78 24 0 0 0 0 0 0 0 0 0 0 5 5 92 77 77 77 77 77 77 0 0 0 0 0 0
0 0 0 0 0 0 0 0 0 0 0 61 82 82 80 80 20 20 0 0 24 81 72 78 24 24 0 0 40 40 40 5 5 5 5 5 92 92 77 0 0 0 0 0 0 0 0 0 0 0
0 0 0 0 0 0 0 0 93 93 93 93 93 51 51 80 80 20 0 0 24 81 72 78 78 24 0 24 40 67 67 67 92 92 92 92 92 77 77 0 0 0 0 0 0 0 0 0 0 0
0 0 0 0 0 0 0 0 93 33 33 33 33 33 51 51 80 20 20 0 24 81 72 72 78 24 24 24 78 67 50 34 34 85 77 77 77 77 0 0 0 0 0 0 0 0 0 0 0 0
0 0 0 0 0 0 93 93 93 33 25 25 25 33 33 51 80 80 20 20 24 81 81 72 78 78 78 78 78 72 50 70 85 85 0 0 0 0 0 0 0 0 0 0 0 0 0 0 0 0
0 0 0 0 0 0 93 33 33 33 25 25 25 25 33 51 69 81 81 81 24 24 81 72 72 72 72 72 72 72 44 70 83 0 0 0 0 0 0 0 0 0 0 0 0 0 0 0 0 0
0 0 0 0 0 0 93 33 25 25 25 25 25 25 33 33 69 16 28 81 81 81 81 72 72 15 15 15 15 15 44 70 83 0 0 0 0 0 0 0 0 0 0 0 0 0 0 0 0 0
0 0 0 0 0 0 93 33 25 25 25 25 25 25 25 33 55 16 72 72 72 72 72 72 15 15 49 49 49 15 44 70 83 0 0 0 0 0 0 0 0 0 0 0 0 0 0 0 0 0
0 0 0 0 0 0 93 93 33 32 25 25 25 25 25 33 55 11 11 11 11 11 11 72 15 49 49 76 49 68 76 70 83 0 0 0 0 0 0 0 0 0 0 0 0 0 0 0 0 0
0 0 0 0 0 0 0 93 33 33 33 33 25 25 25 33 33 33 33 33 33 33 11 72 15 49 76 76 76 76 76 70 83 83 0 0 0 0 0 0 0 0 0 0 0 0 0 0 0 0
0 0 0 0 0 0 0 93 93 93 93 33 33 33 33 33 93 65 65 65 65 33 11 11 15 49 76 70 70 70 70 70 66 57 0 0 0 0 0 0 0 0 0 0 0 0 0 0 0 0
0 0 0 0 0 0 0 0 0 0 93 93 93 93 93 93 93 65 88 88 88 88 11 99 15 49 76 76 76 76 76 76 76 57 0 0 0 0 0 0 0 0 0 0 0 0 0 0 0 0
0 0 0 0 0 0 0 0 0 0 0 0 0 71 52 65 65 65 88 62 62 12 11 86 15 49 49 49 49 49 49 49 57 57 57 0 0 0 0 0 0 0 0 0 0 0 0 0 0 0
0 0 0 0 0 0 0 0 0 0 0 0 0 9 52 65 100 88 88 62 74 74 74 86 15 48 49 49 45 21 21 49 56 38 57 0 0 0 0 0 0 0 0 0 0 0 0 0 0 0
0 0 0 0 0 0 52 52 52 52 52 52 52 52 52 65 100 30 62 62 74 27 74 8 8 48 48 22 45 21 21 57 57 57 57 0 0 0 0 0 0 0 0 0 0 0 0 0 0 0
0 0 0 0 0 0 52 65 65 65 65 65 65 65 65 65 100 100 62 74 74 27 74 74 31 31 45 45 45 45 21 57 57 0 0 0 0 0 0 0 0 0 0 0 0 0 0 0 0 0
0 0 0 0 0 0 23 65 100 100 100 100 100 100 100 100 100 100 62 74 84 27 27 27 27 27 27 27 27 45 21 21 57 0 0 0 0 0 0 0 0 0 0 0 0 0 0 0 0 0
0 0 0 0 0 0 23 46 100 62 62 62 62 62 62 62 62 62 62 74 84 59 59 59 59 59 59 59 27 45 45 21 57 57 0 0 0 0 0 0 0 0 0 0 0 0 0 0 0 0
0 0 0 0 0 0 23 46 47 91 91 91 91 91 91 91 91 60 74 74 84 59 0 0 0 0 0 59 27 27 45 21 21 57 0 0 0 0 0 0 0 0 0 0 0 0 0 0 0 0
0 0 0 0 0 0 23 23 47 42 42 42 42 42 42 42 91 60 97 84 84 59 0 0 0 0 0 59 59 27 45 45 21 57 0 0 0 0 0 0 0 0 0 0 0 0 0 0 0 0
0 0 0 0 0 0 0 23 23 23 10 10 10 10 10 42 91 91 97 84 1 59 0 0 0 0 0 0 59 27 27 45 21 57 57 57 0 0 0 0 0 0 0 0 0 0 0 0 0 0
0 0 0 0 0 0 0 0 0 0 0 0 0 10 42 42 42 91 37 84 89 59 0 0 0 0 0 0 59 27 98 45 21 21 21 57 57 0 0 0 0 0 0 0 0 0 0 0 0 0
0 0 0 0 0 0 0 0 0 0 0 0 0 10 42 19 94 94 37 89 89 0 0 0 0 0 0 0 59 27 98 53 21 75 21 21 57 57 7 0 0 0 0 0 0 0 0 0 0 0
0 0 0 0 0 0 0 0 0 0 0 0 0 10 42 19 37 37 37 89 0 0 0 0 0 0 0 0 59 27 98 75 75 75 75 21 21 3 7 0 0 0 0 0 0 0 0 0 0 0
0 0 0 0 0 0 0 0 0 0 0 0 0 10 42 19 73 89 89 89 0 0 0 0 0 0 0 0 59 27 98 75 75 75 75 75 21 21 7 0 0 0 7 7 63 0 0 0 0 0
0 0 0 0 0 0 0 0 0 0 0 0 0 10 42 64 73 0 0 0 0 0 0 0 0 0 0 0 59 27 98 98 98 75 6 75 75 21 7 7 7 7 7 79 0 0 0 0 0 0
0 0 0 0 0 0 0 0 0 0 0 0 0 10 10 64 17 0 0 0 0 0 0 0 0 0 0 0 59 27 27 27 98 75 6 75 35 21 21 21 21 29 29 79 0 0 0 0 0 0
0 0 0 0 0 0 0 0 0 0 0 0 0 39 17 17 17 0 0 0 0 0 0 0 0 0 0 0 59 59 59 98 98 75 6 75 75 75 75 13 6 6 36 79 0 0 0 0 0 0
0 0 0 0 0 0 0 0 0 0 0 0 0 0 0 0 0 0 0 0 0 0 0 0 0 0 0 0 0 0 59 98 75 75 6 6 6 6 6 6 6 58 36 26 0 0 0 0 0 0
0 0 0 0 0 0 0 0 0 0 0 0 0 0 0 0 0 0 0 0 0 0 0 0 0 0 0 0 0 0 59 98 75 75 6 58 58 58 58 58 58 58 26 26 0 0 0 0 0 0
0 0 0 0 0 0 0 0 0 0 0 0 0 0 0 0 0 0 0 0 0 0 0 0 0 0 0 0 0 0 59 98 4 75 6 6 58 58 26 26 26 26 26 0 0 0 0 0 0 0
0 0 0 0 0 0 0 0 0 0 0 0 0 0 0 0 0 0 0 0 0 0 0 0 0 0 0 0 0 0 59 59 75 75 75 6 6 58 58 0 0 0 0 0 0 0 0 0 0 0
0 0 0 0 0 0 0 0 0 0 0 0 0 0 0 0 0 0 0 0 0 0 0 0 0 0 0 0 0 0 0 59 59 59 75 75 6 6 58 0 0 0 0 0 0 0 0 0 0 0
0 0 0 0 0 0 0 0 0 0 0 0 0 0 0 0 0 0 0 0 0 0 0 0 0 0 0 0 0 0 0 0 0 59 59 75 75 6 58 0 0 0 0 0 0 0 0 0 0 0
0 0 0 0 0 0 0 0 0 0 0 0 0 0 0 0 0 0 0 0 0 0 0 0 0 0 0 0 0 0 0 0 0 0 59 59 75 6 58 0 0 0 0 0 0 0 0 0 0 0
0 0 0 0 0 0 0 0 0 0 0 0 0 0 0 0 0 0 0 0 0 0 0 0 0 0 0 0 0 0 0 0 0 0 0 59 75 6 58 0 0 0 0 0 0 0 0 0 0 0
0 0 0 0 0 0 0 0 0 0 0 0 0 0 0 0 0 0 0 0 0 0 0 0 0 0 0 0 0 0 0 0 0 0 0 59 75 6 58 0 0 0 0 0 0 0 0 0 0 0
0 0 0 0 0 0 0 0 0 0 0 0 0 0 0 0 0 0 0 0 0 0 0 0 0 0 0 0 0 0 0 0 0 0 0 59 59 58 58 0 0 0 0 0 0 0 0 0 0 0
