0 0 0 0 0 0 0 0 0 0 0 0 0 0 0 0 0 0 0 0 0 0 0 0 0 0 0 0 0 0 0 0 0 0 0 0 0 0 0 0 0 0 0 0 0 0 0 0 0 0
0 0 0 0 0 0 0 0 0 0 0 0 0 0 0 0 0 0 0 0 0 0 0 0 0 0 0 0 0 0 0 0 0 0 0 0 0 0 0 0 0 0 0 0 0 0 0 0 0 0
0 0 0 0 0 0 0 0 0 0 0 0 0 0 0 0 0 0 0 0 0 0 0 0 0 0 0 0 0 0 0 0 0 0 0 0 0 0 0 0 0 0 0 0 0 0 0 0 0 0
0 0 0 0 0 0 0 0 0 0 0 0 0 0 0 0 0 0 0 0 0 0 0 0 0 0 0 0 0 0 0 0 0 0 0 0 0 0 0 0 0 0 0 0 0 0 0 0 0 0
0 0 0 0 0 0 90 90 0 0 0 0 0 33 33 33 33 33 0 0 0 0 0 0 0 0 0 0 0 0 0 0 0 0 0 0 0 0 0 0 0 0 0 0 0 0 0 0 0 0
0 0 0 0 0 0 90 66 93 93 93 0 0 33 18 18 18 71 71 0 0 0 0 0 0 0 0 0 0 0 0 0 0 0 0 0 0 0 0 0 0 0 0 0 0 0 0 0 0 0
0 0 0 0 0 0 90 90 90 90 93 0 0 33 18 25 25 29 71 0 0 0 0 0 0 0 0 0 0 0 0 0 0 0 0 0 0 0 0 0 0 0 0 13 64 64 64 0 0 0
0 0 0 0 0 0 0 90 93 93 93 0 33 33 18 25 29 29 71 0 0 0 0 0 0 0 0 0 0 0 0 0 0 0 0 0 0 0 0 100 100 100 20 20 20 42 64 0 0 0
0 0 0 0 0 0 0 90 35 46 93 0 33 18 18 25 29 71 71 0 0 0 0 0 0 0 0 0 0 0 0 0 0 0 0 0 0 0 0 100 40 40 40 20 47 47 64 0 0 0
0 0 0 0 0 0 0 90 90 46 93 0 33 18 25 25 29 71 71 71 0 0 0 0 0 0 0 0 0 0 0 0 0 0 0 0 0 0 0 100 40 20 20 20 47 0 0 0 0 0
0 0 0 0 0 0 0 0 3 46 93 0 33 18 25 25 29 29 29 71 0 0 0 0 0 0 0 0 0 0 0 0 0 0 0 95 95 95 95 95 40 20 47 47 47 0 0 0 0 0
0 0 0 0 0 0 0 0 3 46 93 93 93 18 18 25 25 25 29 71 0 0 0 0 0 0 0 0 0 0 0 0 0 0 0 95 80 80 80 80 80 20 47 54 54 54 0 0 0 0
0 0 0 0 0 0 0 0 3 46 46 93 46 46 18 18 18 25 29 71 0 0 0 0 0 0 0 0 0 0 0 0 0 0 0 95 80 47 47 47 47 47 47 47 47 54 0 0 0 0
0 0 0 0 0 0 0 0 3 3 46 46 46 18 18 34 18 25 29 71 71 71 71 71 69 0 0 0 0 0 0 0 95 95 95 95 80 47 36 36 36 36 36 36 47 54 54 0 0 0
0 0 0 0 0 0 0 0 0 3 46 24 18 18 34 34 18 25 29 29 29 29 29 15 69 0 0 0 0 0 0 0 95 80 80 80 80 47 36 53 53 53 53 36 36 53 54 0 0 0
0 0 0 0 0 0 0 0 0 3 46 34 34 34 34 34 18 10 10 10 10 10 29 15 52 52 52 52 0 0 0 0 95 80 47 47 47 47 36 53 54 54 53 53 53 53 54 0 0 0
0 0 0 0 0 0 0 0 0 3 3 3 3 3 3 34 18 10 39 37 37 10 29 1 1 1 1 52 52 0 0 0 73 80 60 36 36 36 36 53 54 54 54 54 54 54 54 0 0 0
0 0 0 0 0 0 0 0 0 0 0 0 0 3 3 34 18 91 91 27 37 10 29 1 68 68 1 86 52 0 0 73 73 85 60 36 53 53 53 53 54 0 0 0 0 0 0 0 0 0
0 0 0 0 0 0 0 0 0 0 0 0 0 3 81 34 34 34 34 27 37 10 29 1 68 28 59 86 52 52 0 73 85 85 12 12 53 54 54 54 54 0 0 0 0 0 0 0 0 0
0 0 0 0 0 0 0 0 0 0 0 0 0 3 72 72 72 72 72 27 37 10 29 1 68 68 59 86 86 52 73 73 85 12 12 26 26 54 0 0 0 0 0 0 0 0 0 0 0 0
0 0 0 0 0 0 0 0 0 0 0 0 0 3 3 3 3 3 72 27 37 1 1 1 1 68 59 59 86 52 73 85 85 12 26 26 0 0 0 0 0 0 0 0 0 0 0 0 0 0
0 0 0 0 0 0 0 0 0 0 0 0 0 0 0 3 3 7 72 27 37 37 68 68 68 68 27 59 86 52 73 85 12 12 26 0 0 0 0 0 0 0 0 0 0 0 0 0 0 0
0 0 0 0 0 0 0 0 0 0 0 0 0 0 0 3 7 7 41 27 27 27 68 27 27 27 27 99 86 82 73 85 12 26 26 0 0 0 0 0 0 0 0 0 0 0 0 0 0 0
0 0 0 0 0 0 0 0 0 0 0 0 0 0 0 3 7 41 41 62 62 27 27 27 99 99 99 99 85 85 85 85 12 45 26 0 0 0 0 0 0 0 0 0 0 0 0 0 0 0
0 0 0 0 0 0 0 0 0 0 0 0 0 0 0 3 7 41 62 88 62 27 27 99 99 77 77 77 77 77 77 77 77 45 26 0 0 0 0 0 0 0 0 0 0 0 0 0 0 0
0 0 0 0 0 0 0 0 0 0 0 0 0 0 0 3 7 41 62 62 62 27 27 99 48 48 48 77 11 11 11 4 45 45 26 0 0 0 0 0 0 0 0 0 0 0 0 0 0 0
0 0 0 0 0 0 0 0 0 0 0 0 0 0 0 3 7 41 41 41 62 62 63 99 48 49 48 77 77 77 11 4 43 26 26 0 0 0 0 0 0 0 0 0 0 0 0 0 0 0
0 0 0 0 0 0 0 0 0 0 0 0 0 0 0 3 7 7 7 41 41 62 48 48 48 49 48 48 48 77 11 4 43 0 0 0 0 0 0 0 0 0 0 0 0 0 0 0 0 0
0 0 0 0 0 0 0 0 0 0 0 0 0 0 0 3 3 3 7 7 41 41 48 8 5 49 49 49 48 32 11 4 43 22 0 0 0 0 0 0 0 0 0 0 0 0 0 0 0 0
0 0 0 0 0 0 0 0 0 0 0 0 0 0 0 0 0 3 3 7 89 89 89 8 5 5 19 17 19 32 4 4 67 22 0 0 0 0 0 0 0 0 0 0 0 0 0 0 0 0
0 0 0 0 0 0 0 0 0 0 0 0 0 0 0 0 0 0 3 58 89 8 8 8 38 21 19 19 19 21 4 2 2 22 98 0 0 0 0 0 0 0 0 0 0 0 0 0 0 0
0 0 0 0 0 0 0 0 0 0 0 0 0 0 0 0 76 58 58 58 89 8 23 94 38 21 21 21 21 21 21 21 2 2 98 0 0 0 0 0 0 0 0 0 0 0 0 0 0 0
0 0 0 0 0 0 0 0 0 0 0 0 0 76 76 76 76 89 89 89 89 8 23 94 38 38 38 38 38 38 38 21 21 2 98 98 98 98 0 0 0 0 0 0 0 0 0 0 0 0
0 0 0 0 0 0 0 76 76 76 76 76 76 76 89 89 89 89 6 50 50 8 23 94 94 94 94 94 94 94 38 38 21 2 2 2 2 98 98 98 0 0 0 0 0 0 0 0 0 0
0 0 0 0 0 0 76 76 89 89 89 89 89 89 89 6 6 6 6 61 96 8 23 23 23 23 23 23 23 94 94 38 21 2 79 79 2 2 2 98 0 0 0 0 0 0 0 0 0 0
0 0 0 0 0 0 76 89 89 6 6 6 6 6 6 6 16 61 61 61 96 55 23 23 14 14 14 14 23 23 94 38 21 2 79 79 2 9 2 98 97 0 0 0 0 0 0 0 0 0
0 0 0 0 65 76 76 89 6 6 84 84 84 84 84 74 16 57 75 96 96 55 87 23 14 0 0 14 14 23 94 38 21 2 79 79 2 2 70 70 97 0 0 0 0 0 0 0 0 0
0 0 0 0 65 84 56 6 6 84 84 65 65 65 65 65 65 57 75 51 83 83 87 23 14 0 0 0 14 23 94 38 21 2 79 79 44 92 92 30 97 0 0 0 0 0 0 0 0 0
0 0 0 0 65 84 84 84 84 84 65 65 0 0 0 0 0 0 0 51 51 23 23 23 14 0 0 0 14 23 94 38 21 2 79 78 78 78 30 30 0 0 0 0 0 0 0 0 0 0
0 0 0 0 65 65 65 65 65 65 65 0 0 0 0 0 0 0 0 0 14 14 14 14 14 0 0 0 14 23 94 38 38 79 79 78 0 0 0 0 0 0 0 0 0 0 0 0 0 0
0 0 0 0 0 0 0 0 0 0 0 0 0 0 0 0 0 0 0 0 0 0 0 0 0 0 0 0 14 23 94 79 79 79 78 78 0 0 0 0 0 0 0 0 0 0 0 0 0 0
0 0 0 0 0 0 0 0 0 0 0 0 0 0 0 0 0 0 0 0 0 0 0 0 0 0 0 0 14 23 31 31 78 78 78 0 0 0 0 0 0 0 0 0 0 0 0 0 0 0
0 0 0 0 0 0 0 0 0 0 0 0 0 0 0 0 0 0 0 0 0 0 0 0 0 0 0 0 14 14 14 0 0 0 0 0 0 0 0 0 0 0 0 0 0 0 0 0 0 0
0 0 0 0 0 0 0 0 0 0 0 0 0 0 0 0 0 0 0 0 0 0 0 0 0 0 0 0 0 0 0 0 0 0 0 0 0 0 0 0 0 0 0 0 0 0 0 0 0 0
0 0 0 0 0 0 0 0 0 0 0 0 0 0 0 0 0 0 0 0 0 0 0 0 0 0 0 0 0 0 0 0 0 0 0 0 0 0 0 0 0 0 0 0 0 0 0 0 0 0
0 0 0 0 0 0 0 0 0 0 0 0 0 0 0 0 0 0 0 0 0 0 0 0 0 0 0 0 0 0 0 0 0 0 0 0 0 0 0 0 0 0 0 0 0 0 0 0 0 0
0 0 0 0 0 0 0 0 0 0 0 0 0 0 0 0 0 0 0 0 0 0 0 0 0 0 0 0 0 0 0 0 0 0 0 0 0 0 0 0 0 0 0 0 0 0 0 0 0 0
0 0 0 0 0 0 0 0 0 0 0 0 0 0 0 0 0 0 0 0 0 0 0 0 0 0 0 0 0 0 0 0 0 0 0 0 0 0 0 0 0 0 0 0 0 0 0 0 0 0
0 0 0 0 0 0 0 0 0 0 0 0 0 0 0 0 0 0 0 0 0 0 0 0 0 0 0 0 0 0 0 0 0 0 0 0 0 0 0 0 0 0 0 0 0 0 0 0 0 0
0 0 0 0 0 0 0 0 0 0 0 0 0 0 0 0 0 0 0 0 0 0 0 0 0 0 0 0 0 0 0 0 0 0 0 0 0 0 0 0 0 0 0 0 0 0 0 0 0 0
