0 0 0 0 0 0 0 0 0 0 0 0 0 0 0 0 0 0 0 0 0 0 0 0 0 0 0 0 0 0 0 0 0 0 0 0 0 0 0 0 0 0 0 0 0 0 0 0 0 0
0 0 0 0 0 0 0 0 0 0 0 0 0 0 0 0 0 0 0 0 0 0 0 0 0 0 0 0 0 0 0 0 0 0 0 0 0 0 0 0 0 0 0 0 0 0 0 0 0 0
0 0 0 0 0 0 0 0 0 0 0 0 0 0 0 0 0 0 0 0 0 0 0 0 0 0 0 0 0 0 0 0 0 0 0 0 0 0 0 0 0 0 0 0 0 0 0 0 0 0
0 0 0 0 0 0 0 0 0 0 0 0 0 0 0 0 0 0 0 0 0 0 0 0 0 0 0 0 0 0 0 0 0 0 0 0 0 0 0 0 0 0 0 0 0 0 0 0 0 0
0 0 0 0 0 0 0 0 0 0 0 0 0 0 0 0 0 0 0 0 0 0 0 0 0 0 0 0 0 0 0 0 0 0 0 0 0 0 0 0 0 0 0 0 0 0 0 0 0 0
0 0 0 0 0 0 0 0 0 0 0 0 0 0 0 0 0 0 0 0 0 0 0 0 0 0 0 0 0 0 0 0 0 0 0 0 0 0 0 0 0 0 0 0 0 0 0 0 0 0
0 0 0 0 0 0 0 0 0 0 0 0 0 0 0 0 0 0 0 0 0 0 0 0 0 0 0 0 0 0 0 0 0 0 0 0 0 0 0 0 0 0 0 0 0 0 0 0 0 0
0 0 0 0 0 0 18 18 18 0 0 0 0 0 0 0 0 0 0 0 0 0 0 0 0 0 0 0 0 0 0 0 0 0 0 0 0 0 0 0 0 0 0 0 0 0 0 0 0 0
0 0 0 0 0 14 14 35 18 18 0 0 0 0 0 0 0 0 0 0 0 0 0 0 0 0 0 0 0 0 0 0 0 0 0 0 0 0 0 0 0 0 0 0 0 0 0 0 0 0
0 0 0 0 0 37 95 35 47 18 0 0 0 0 0 0 0 0 0 0 0 0 0 0 0 0 0 0 0 0 0 0 0 0 0 0 0 0 0 0 0 0 0 0 0 0 0 0 0 0
0 0 0 0 0 53 95 95 47 34 34 0 0 0 0 0 0 0 0 0 0 0 0 0 0 0 0 0 0 0 0 0 0 0 0 0 0 0 0 0 0 0 0 0 0 0 0 0 0 0
0 0 0 0 0 53 95 52 52 52 34 0 0 0 0 0 0 0 0 0 0 0 0 0 0 0 0 0 0 0 0 0 0 0 0 0 0 0 0 0 0 0 0 0 0 0 0 0 0 0
0 0 0 0 0 53 27 50 50 52 34 34 34 34 34 0 0 0 0 0 0 68 68 68 68 0 0 0 0 0 0 0 0 0 0 0 0 0 0 0 0 0 0 0 0 0 0 0 0 0
0 0 0 0 0 53 27 27 50 52 34 34 25 23 34 34 34 0 0 0 34 34 85 85 58 0 0 0 0 0 0 0 73 77 0 0 0 0 0 0 0 0 0 0 0 0 0 0 0 0
0 0 0 0 0 53 53 27 50 52 52 52 52 23 23 23 34 34 34 34 34 46 46 43 58 58 58 0 0 0 0 81 73 92 0 0 0 0 0 0 0 0 0 0 0 0 0 0 0 0
0 0 0 0 0 0 53 27 50 50 50 50 52 52 52 23 23 34 23 23 23 46 42 43 43 43 58 0 0 0 0 81 67 92 0 0 0 0 0 0 0 0 0 0 0 0 0 0 0 0
0 0 0 53 53 53 53 27 27 27 27 50 50 50 52 52 23 23 23 52 52 46 15 15 15 43 58 0 0 0 0 9 67 92 0 0 0 0 0 0 0 0 0 0 0 0 0 0 0 0
0 0 0 53 22 27 27 27 27 27 27 27 27 50 50 52 52 52 52 52 12 12 12 12 15 43 58 0 0 0 0 58 67 92 92 92 65 0 0 0 0 0 0 0 0 0 0 0 0 0
0 0 0 53 62 54 54 27 54 54 54 54 54 54 50 50 50 50 50 50 50 99 99 12 15 43 58 58 58 58 58 58 11 92 39 74 65 88 0 0 0 0 0 0 0 0 0 0 0 0
0 0 0 0 62 62 54 27 54 62 62 62 62 54 54 54 54 54 54 54 50 99 12 12 15 43 43 66 66 66 66 66 11 11 39 63 63 88 0 0 0 0 0 0 0 0 0 0 0 0
0 0 0 0 0 62 54 54 54 62 0 0 62 62 62 62 62 62 62 24 50 99 12 15 15 15 66 66 96 96 96 66 66 5 39 63 0 0 0 0 0 0 0 0 0 0 0 0 0 0
0 0 0 0 0 62 62 62 62 62 0 0 0 0 0 0 0 0 62 24 60 99 12 15 33 6 6 96 96 93 96 96 96 5 39 63 0 0 0 0 0 0 0 0 0 0 0 0 0 0
0 0 0 0 0 0 0 0 0 0 0 0 0 0 0 0 0 0 62 24 60 28 12 15 28 6 6 75 96 93 93 93 96 5 39 63 63 0 0 0 0 0 0 0 0 0 0 0 0 0
0 0 0 0 0 0 0 0 0 0 0 0 0 62 62 62 62 62 62 24 13 28 28 28 28 6 30 75 45 93 93 45 5 5 100 100 63 0 0 0 0 0 0 0 0 0 0 0 0 0
0 0 0 0 0 0 0 0 0 0 0 0 0 62 79 24 24 24 24 24 13 13 13 28 7 7 30 57 45 45 45 45 5 26 26 20 63 0 0 0 0 0 0 0 0 0 0 0 0 0
0 0 0 0 0 0 0 0 0 0 0 0 0 62 79 48 13 13 13 13 13 70 70 28 71 29 29 29 45 56 61 5 5 26 26 20 0 0 0 0 0 0 0 0 0 0 0 0 0 0
0 0 0 0 0 0 0 0 0 0 0 0 0 62 79 48 91 70 70 70 70 70 71 71 71 29 56 56 56 56 61 5 5 5 26 20 20 0 0 0 0 0 0 0 0 0 0 0 0 0
0 0 0 0 0 0 0 0 62 62 62 62 62 62 79 91 91 70 71 71 71 71 71 49 71 29 56 76 76 56 61 61 61 5 26 26 20 0 0 0 0 0 0 0 0 0 0 0 0 0
0 0 0 0 0 0 0 62 62 79 79 79 79 79 79 91 87 70 71 49 49 49 49 49 69 29 56 76 76 56 97 97 61 61 97 26 20 0 0 0 0 0 0 0 0 0 0 0 0 0
0 0 0 0 0 0 0 62 79 79 91 91 91 91 91 91 87 51 1 49 59 59 59 49 49 49 56 76 76 98 98 97 97 97 97 26 20 0 0 0 0 0 0 0 0 0 0 0 0 0
0 0 0 0 0 0 0 62 79 94 87 87 87 87 91 91 87 51 1 41 59 8 59 59 59 59 59 76 55 55 98 98 98 97 26 26 20 0 0 0 0 0 0 0 0 0 0 0 0 0
0 0 0 0 0 0 0 44 79 38 38 38 38 87 87 87 87 51 21 41 8 8 90 84 84 84 78 78 55 55 55 55 98 97 97 20 20 0 0 0 0 0 0 0 0 0 0 0 0 0
0 0 0 0 0 0 0 44 82 82 4 4 38 38 38 38 38 51 51 51 8 90 90 84 0 64 64 64 64 64 64 55 98 98 89 89 20 20 0 0 0 0 0 0 0 0 0 0 0 0
0 0 0 0 0 0 0 44 44 44 44 4 4 4 4 4 4 4 4 4 8 90 84 84 0 0 0 0 0 0 64 55 55 98 98 89 89 20 20 20 0 0 0 0 0 0 0 0 0 0
0 0 0 0 0 0 0 0 0 0 0 0 0 0 0 0 0 16 72 72 72 90 84 0 0 0 0 0 0 0 64 64 55 55 98 98 89 89 89 20 31 0 0 0 0 0 0 0 0 0
0 0 0 0 0 0 0 0 0 0 0 0 0 0 0 0 0 0 0 3 3 90 84 0 0 0 0 0 0 0 0 64 64 55 55 98 36 36 89 83 31 0 0 0 0 0 0 0 0 0
0 0 0 0 0 0 0 0 0 0 0 0 0 0 0 0 0 0 0 3 90 90 84 0 0 0 0 0 0 0 0 0 64 64 55 17 17 36 80 83 31 0 0 0 0 0 0 0 0 0
0 0 0 0 0 0 0 0 0 0 0 0 0 0 0 0 0 0 0 3 90 84 84 0 0 0 0 0 0 0 64 64 64 64 55 17 2 36 36 36 31 0 0 0 0 0 0 0 0 0
0 0 0 0 0 0 0 0 0 0 0 0 0 0 0 0 0 0 3 3 90 84 0 0 0 0 0 0 0 0 64 55 55 55 55 17 2 2 2 36 86 0 0 0 0 0 0 0 0 0
0 0 0 0 0 0 0 0 0 0 0 0 0 0 0 0 0 0 3 90 90 84 0 0 0 0 0 0 0 0 64 55 17 17 17 17 64 0 2 36 86 86 0 0 0 0 0 0 0 0
0 0 0 0 0 0 0 0 0 0 0 0 0 0 0 0 0 0 3 90 84 84 3 0 0 0 0 0 0 0 64 55 17 64 64 64 64 0 2 36 36 86 0 0 0 0 0 0 0 0
0 0 0 0 0 0 0 0 0 0 0 0 0 0 0 0 0 0 3 90 90 90 3 0 0 0 0 0 0 0 64 55 17 64 0 0 0 0 2 2 36 86 86 32 10 0 0 0 0 0
0 0 0 0 0 0 0 0 0 0 0 0 0 0 0 0 0 0 3 3 3 19 3 0 0 0 0 0 0 0 64 55 17 64 0 0 0 0 0 2 36 36 36 36 10 0 0 0 0 0
0 0 0 0 0 0 0 0 0 0 0 0 0 0 0 0 0 0 0 0 3 3 3 0 0 0 0 0 0 0 64 55 17 64 64 64 0 0 0 2 2 2 2 2 2 0 0 0 0 0
0 0 0 0 0 0 0 0 0 0 0 0 0 0 0 0 0 0 0 0 0 0 0 0 0 0 0 0 0 0 64 55 17 17 17 64 0 0 0 0 0 0 0 0 0 0 0 0 0 0
0 0 0 0 0 0 0 0 0 0 0 0 0 0 0 0 0 0 0 0 0 0 0 0 0 0 0 0 0 0 64 55 55 40 17 64 0 0 0 0 0 0 0 0 0 0 0 0 0 0
0 0 0 0 0 0 0 0 0 0 0 0 0 0 0 0 0 0 0 0 0 0 0 0 0 0 0 0 0 0 64 64 64 17 17 64 0 0 0 0 0 0 0 0 0 0 0 0 0 0
0 0 0 0 0 0 0 0 0 0 0 0 0 0 0 0 0 0 0 0 0 0 0 0 0 0 0 0 0 0 0 0 64 64 64 64 0 0 0 0 0 0 0 0 0 0 0 0 0 0
0 0 0 0 0 0 0 0 0 0 0 0 0 0 0 0 0 0 0 0 0 0 0 0 0 0 0 0 0 0 0 0 0 0 0 0 0 0 0 0 0 0 0 0 0 0 0 0 0 0
0 0 0 0 0 0 0 0 0 0 0 0 0 0 0 0 0 0 0 0 0 0 0 0 0 0 0 0 0 0 0 0 0 0 0 0 0 0 0 0 0 0 0 0 0 0 0 0 0 0
