0 0 0 0 0 0 0 0 0 0 0 0 0 0 0 0 0 0 0 0 0 0 0 0 0 0 0 0 0 0 0 0 0 0 0 0 0 0 0 0 0 0 0 0 0 0 0 0 0 0
0 0 0 0 0 0 0 0 0 0 0 0 0 0 0 0 0 0 0 0 0 0 0 0 0 0 0 0 0 0 0 0 0 0 0 0 0 0 0 0 0 0 0 0 0 0 0 0 0 0
0 0 0 0 0 0 0 0 0 0 0 0 0 0 0 0 0 0 0 0 0 0 0 0 0 0 0 0 0 0 0 0 0 0 0 0 0 0 0 0 0 0 0 0 0 0 0 0 0 0
0 0 0 0 0 0 0 0 0 0 0 0 0 0 0 0 0 0 0 0 0 0 0 0 0 0 0 0 0 0 0 0 0 0 0 0 0 0 0 0 0 0 0 0 0 0 0 0 0 0
0 0 0 0 0 0 0 0 0 0 0 0 0 0 0 0 0 0 0 0 0 0 0 0 0 0 0 0 0 0 0 0 0 0 0 0 0 0 0 0 0 0 0 0 0 0 0 0 0 0
0 0 0 0 0 0 0 0 0 0 0 0 0 0 0 0 0 0 0 0 0 0 0 0 0 0 0 0 0 0 0 0 0 0 0 0 0 0 0 0 0 0 0 0 0 0 0 0 0 0
0 0 0 0 0 0 0 0 0 0 0 0 0 0 0 0 0 0 0 0 0 0 0 0 0 0 0 0 0 0 0 0 0 0 0 0 0 0 0 0 0 0 0 0 0 0 0 0 0 0
0 0 0 0 0 0 0 0 0 0 0 0 0 0 0 0 0 0 0 0 0 0 0 0 0 0 0 0 0 0 0 0 0 0 0 0 0 0 0 0 0 0 0 0 0 0 0 0 0 0
0 0 0 0 0 0 0 0 0 0 0 0 0 0 0 0 0 0 0 0 0 0 0 0 0 0 0 0 0 0 0 0 0 0 0 0 0 0 0 0 63 63 63 0 0 0 0 0 0 0
0 0 0 0 0 0 0 0 0 0 0 0 0 0 0 0 0 0 0 0 0 0 0 0 0 0 0 0 0 0 0 0 0 0 0 0 0 0 0 63 63 62 3 0 0 0 0 0 0 0
0 0 0 0 0 0 0 0 0 0 0 0 0 0 0 0 0 0 0 0 0 0 0 0 0 0 0 0 0 0 0 0 0 0 0 0 0 0 0 63 94 94 3 26 0 0 0 0 0 0
0 0 0 0 0 0 0 0 0 0 91 91 91 91 91 0 0 0 0 0 0 0 0 0 0 0 0 0 0 0 0 0 0 0 0 0 0 0 0 63 94 53 53 26 0 0 0 0 0 0
0 0 0 0 0 0 0 0 0 0 91 2 2 2 91 0 0 0 0 0 0 0 0 0 0 0 0 0 0 0 0 0 0 0 0 0 0 0 63 63 94 53 31 31 0 0 0 0 0 0
0 0 0 0 0 0 0 0 0 0 91 2 24 2 91 0 7 7 7 7 0 0 0 0 0 0 0 0 0 0 0 0 0 0 0 0 0 0 64 94 94 53 0 0 0 0 0 0 0 0
0 0 0 0 0 0 0 0 0 96 91 20 16 2 91 91 7 57 55 9 0 0 0 0 0 0 0 0 0 0 0 0 0 0 0 0 0 0 64 77 19 53 0 0 0 0 0 0 0 0
0 0 0 0 0 0 0 0 0 96 20 20 16 2 2 91 57 57 87 9 9 9 0 0 0 0 0 0 0 0 0 0 0 0 64 64 64 64 64 78 19 53 0 0 0 0 0 0 0 0
0 0 0 0 0 0 0 0 0 93 93 48 16 16 2 2 2 45 87 87 87 9 0 0 0 0 0 0 0 0 0 0 0 0 64 78 78 78 78 78 53 53 0 0 0 0 0 0 0 0
0 0 0 0 0 0 0 0 0 0 0 48 48 16 16 16 16 45 45 45 87 9 0 0 0 0 0 0 0 0 0 0 64 64 64 78 53 53 53 53 53 0 0 0 0 0 0 0 0 0
0 0 0 0 0 0 0 0 0 0 0 0 48 48 48 48 16 16 16 45 87 9 9 9 0 59 59 59 0 0 0 0 64 78 78 78 53 0 0 0 0 0 0 0 0 0 0 0 0 0
0 0 0 0 0 0 0 0 0 0 0 0 0 0 0 48 48 48 16 45 87 87 87 11 11 11 46 59 0 0 64 64 64 78 53 53 53 0 0 0 0 0 0 0 0 0 0 0 0 0
0 0 0 0 0 0 0 0 0 0 0 0 0 0 0 0 0 48 16 45 45 45 87 87 71 73 46 64 64 64 64 78 78 78 53 0 0 0 0 0 0 0 0 0 0 0 0 0 0 0
0 0 0 0 0 0 0 0 0 0 0 0 0 48 48 48 48 48 16 16 16 45 45 1 71 73 60 60 60 78 78 78 53 53 53 53 0 0 0 0 0 0 0 0 0 0 0 0 0 0
0 0 0 4 4 4 4 4 4 4 4 4 4 48 4 4 4 4 4 67 16 16 16 16 71 73 60 15 30 30 22 22 22 22 22 53 0 0 0 0 0 0 0 0 0 0 0 0 0 0
0 0 0 4 39 39 39 39 39 39 39 39 4 4 4 67 67 67 67 67 85 85 85 85 71 73 73 15 99 99 99 99 99 68 22 53 0 0 0 0 0 0 0 0 0 0 0 0 0 0
0 0 0 4 39 0 0 0 0 0 39 4 4 67 67 67 85 85 85 85 85 42 42 42 71 71 73 51 99 81 81 81 13 13 22 53 0 0 0 0 0 0 0 0 0 0 0 0 0 0
0 0 0 4 39 0 0 0 0 0 39 4 34 34 85 85 85 42 42 42 42 42 90 90 90 71 71 51 99 99 99 81 13 95 95 95 95 95 95 95 44 0 0 0 0 0 0 0 0 0
0 0 4 4 39 0 0 0 0 0 39 4 17 36 42 85 85 42 41 41 80 69 90 23 25 25 25 25 25 83 99 81 13 95 95 95 8 8 8 18 44 0 0 0 0 0 0 0 0 0
0 0 4 39 39 39 0 0 0 0 39 39 17 41 42 42 42 42 41 29 80 69 92 23 35 35 61 61 61 61 99 81 13 95 95 95 13 75 14 18 44 0 0 0 0 0 0 0 0 0
0 0 4 4 37 39 0 0 0 0 0 39 28 41 41 41 41 41 41 29 80 33 92 92 92 35 81 81 81 81 81 81 13 95 95 13 13 14 14 44 44 0 0 0 0 0 0 0 0 0
0 0 0 0 39 39 0 0 0 0 0 0 28 28 28 28 28 28 28 29 80 33 33 33 33 35 89 12 12 12 81 14 13 13 13 13 14 14 0 0 0 0 0 0 0 0 0 0 0 0
0 0 0 0 0 0 0 0 0 0 0 0 0 0 0 0 29 29 29 29 80 38 10 89 89 89 89 12 12 12 81 14 14 14 14 14 14 0 0 0 0 0 0 0 0 0 0 0 0 0
0 0 0 0 0 0 0 0 0 0 0 0 0 0 0 29 29 49 49 49 49 38 21 21 79 79 89 89 12 12 81 14 56 56 56 0 0 0 0 0 0 0 0 0 0 0 0 0 0 0
0 0 0 0 0 0 0 0 0 0 0 0 0 0 0 29 49 49 21 21 21 21 21 32 32 79 79 89 89 12 81 14 14 14 56 56 56 56 56 56 56 0 0 0 0 0 0 0 0 0
0 0 0 0 0 0 0 0 0 0 0 0 0 0 0 29 49 21 21 47 47 47 47 47 0 0 79 79 89 12 81 81 81 14 56 14 14 14 14 14 56 0 0 0 0 0 0 0 0 0
0 0 0 0 0 0 0 0 0 0 0 0 0 0 0 29 49 21 47 47 0 0 0 0 0 0 0 79 89 12 12 12 81 14 14 14 81 81 81 14 56 0 0 0 0 0 0 0 0 0
0 0 0 0 0 0 0 0 0 0 0 0 0 0 0 29 49 21 47 0 0 0 0 0 0 0 0 79 89 89 12 12 81 81 81 81 81 86 86 56 56 0 0 0 0 0 0 0 0 0
0 0 0 0 0 0 0 0 0 0 0 0 0 0 0 29 49 21 47 0 0 0 0 0 0 0 0 79 79 89 12 12 12 12 12 86 86 86 56 56 56 66 0 0 0 0 0 0 0 0
0 0 0 0 0 0 0 0 0 0 0 29 29 29 29 29 49 21 47 0 0 0 0 0 0 0 0 0 79 89 12 12 12 12 12 86 84 86 40 40 54 66 66 0 0 0 0 0 0 0
0 0 0 0 0 0 0 0 0 98 29 29 49 49 49 29 49 21 47 0 0 0 0 0 0 0 0 0 79 89 12 12 12 12 86 86 84 50 84 40 54 54 66 0 0 0 0 0 0 0
0 0 0 0 0 0 0 0 0 98 5 27 21 21 49 49 49 21 47 0 0 0 0 0 0 0 0 0 79 89 89 12 12 86 86 76 84 84 84 40 40 54 66 0 0 0 0 0 0 0
0 0 0 0 0 0 0 0 0 98 5 5 5 21 21 21 21 21 47 0 0 0 0 0 0 0 0 0 79 79 89 12 12 86 76 76 72 74 84 84 40 54 6 6 6 6 0 0 0 0
0 0 0 0 0 0 0 0 0 98 98 98 5 47 47 47 47 47 47 0 0 0 0 0 0 0 0 0 0 79 89 89 86 86 76 72 72 74 88 88 100 54 65 65 65 6 0 0 0 0
0 0 0 0 0 0 0 0 0 0 98 5 5 0 0 0 0 0 0 0 0 0 0 0 0 0 0 0 0 79 79 79 76 76 76 76 72 82 82 70 100 65 65 0 65 6 0 0 0 0
0 0 0 0 0 0 0 0 0 98 98 5 0 0 0 0 0 0 0 0 0 0 0 0 0 0 0 0 0 0 0 52 52 52 52 76 72 70 70 70 65 65 0 0 65 6 0 0 0 0
0 0 0 0 0 0 0 0 0 98 97 5 0 0 0 0 0 0 0 0 0 0 0 0 0 0 0 0 0 0 0 0 0 0 52 76 72 43 65 65 65 0 0 0 65 6 0 0 0 0
0 0 0 0 0 0 0 0 0 98 98 0 0 0 0 0 0 0 0 0 0 0 0 0 0 0 0 0 0 0 0 0 0 0 52 76 72 43 0 0 0 0 0 0 65 6 0 0 0 0
0 0 0 0 0 0 0 0 0 0 0 0 0 0 0 0 0 0 0 0 0 0 0 0 0 0 0 0 0 0 0 0 0 0 52 52 43 43 0 0 0 0 0 0 65 6 0 0 0 0
0 0 0 0 0 0 0 0 0 0 0 0 0 0 0 0 0 0 0 0 0 0 0 0 0 0 0 0 0 0 0 0 0 0 0 0 0 0 0 0 0 0 0 0 65 6 6 0 0 0
0 0 0 0 0 0 0 0 0 0 0 0 0 0 0 0 0 0 0 0 0 0 0 0 0 0 0 0 0 0 0 0 0 0 0 0 0 0 0 0 0 0 0 0 65 58 6 0 0 0
0 0 0 0 0 0 0 0 0 0 0 0 0 0 0 0 0 0 0 0 0 0 0 0 0 0 0 0 0 0 0 0 0 0 0 0 0 0 0 0 0 0 0 0 65 65 0 0 0 0
