0 0 0 0 0 0 0 0 0 0 0 0 0 0 0 0 0 0 0 0 0 0 0 0 0 0 0 0 0 0 0 0 0 0 0 0 0 0 0 0 0 0 0 0 0 0 0 0 0 0
0 0 0 0 0 0 0 0 0 0 0 0 0 0 0 0 0 0 0 0 0 0 0 0 0 0 0 0 0 0 0 0 0 0 0 0 0 0 0 0 0 0 0 0 0 0 0 0 0 0
0 0 0 0 0 0 0 0 0 0 0 0 0 0 0 0 0 0 0 0 0 0 0 0 0 0 0 0 0 0 0 0 0 0 0 0 0 0 0 0 0 0 0 0 0 0 0 0 0 0
0 0 0 0 0 0 0 0 0 0 0 0 0 0 0 0 0 0 0 0 0 0 0 0 0 0 0 0 0 0 0 0 0 0 0 0 0 0 0 0 0 0 0 0 0 0 0 0 0 0
0 0 0 0 0 0 0 0 0 0 0 0 0 0 0 0 0 0 0 0 0 0 0 0 0 0 0 0 0 0 0 0 0 0 0 0 0 0 0 0 0 0 0 0 0 0 0 0 0 0
0 0 0 0 0 0 0 0 0 0 0 0 0 0 0 0 0 0 0 0 0 0 0 0 0 0 0 0 0 0 0 0 0 0 0 0 0 0 0 0 0 0 0 0 0 0 0 0 0 0
0 0 0 0 0 0 0 0 0 0 0 0 0 0 0 0 0 0 0 0 0 0 53 53 53 53 53 0 0 0 0 0 0 0 0 0 0 0 0 0 0 0 0 0 0 0 0 0 0 0
0 0 0 0 0 0 0 0 0 0 0 0 0 0 0 0 0 0 0 0 0 0 53 38 38 38 53 73 73 73 73 0 0 0 0 0 0 0 0 0 0 0 0 0 0 0 0 0 0 0
0 0 0 0 0 0 0 0 0 0 0 0 0 0 0 0 0 0 0 0 0 53 53 38 72 38 1 1 1 1 73 82 0 0 0 0 0 0 0 0 0 0 0 0 0 0 0 0 0 0
0 0 0 0 0 0 0 0 0 0 0 0 0 0 0 0 0 0 0 0 0 53 55 55 55 38 1 30 30 34 34 82 0 0 0 0 0 0 0 0 0 0 0 0 0 0 0 0 0 0
0 0 0 0 0 0 0 0 0 0 0 0 0 0 0 0 0 0 0 0 0 53 55 30 30 38 1 30 92 75 34 5 0 0 0 0 0 0 0 0 0 0 0 0 0 0 0 0 0 0
0 0 0 0 0 0 0 0 0 0 0 0 0 0 0 0 0 0 0 0 0 53 55 55 30 30 30 30 92 75 34 5 5 0 0 0 0 60 60 60 60 60 7 7 0 0 0 0 0 0
0 0 0 0 0 0 0 0 0 0 0 0 0 0 0 0 0 0 0 0 0 53 53 55 30 30 92 92 92 75 34 34 5 0 0 0 0 50 27 27 27 94 94 7 0 0 0 0 0 0
0 0 0 0 0 0 6 35 35 83 85 85 0 0 0 0 85 85 85 85 85 85 53 55 30 30 92 75 75 75 75 34 5 0 0 0 0 70 70 21 27 26 94 7 0 0 0 0 0 0
0 0 0 0 0 0 6 84 56 56 56 85 85 85 0 0 85 53 53 53 53 53 53 55 30 92 92 92 92 92 75 34 5 0 0 0 0 0 5 21 57 26 94 7 0 0 0 0 0 0
0 0 0 0 0 0 6 25 25 25 56 56 56 85 85 85 85 53 36 36 36 53 53 55 55 55 68 68 68 92 75 34 5 0 5 5 5 5 5 21 57 94 94 7 0 0 0 0 0 0
0 0 0 0 0 0 0 0 0 25 25 25 56 56 56 85 85 53 39 55 36 53 53 36 36 55 68 78 78 52 75 21 5 5 5 21 21 21 21 21 57 94 7 7 0 0 0 0 0 0
0 0 0 0 0 0 0 0 0 0 0 25 25 25 56 85 85 53 42 55 36 36 36 36 55 55 68 78 52 52 76 21 21 21 21 21 57 57 57 57 57 94 7 0 0 0 0 0 0 0
0 0 0 0 0 0 0 0 0 0 0 0 0 25 56 56 56 56 42 55 55 55 36 36 55 68 68 78 52 81 81 81 81 81 57 57 57 94 94 94 94 94 7 0 0 0 0 0 0 0
0 0 0 0 0 0 0 0 0 0 0 0 0 25 25 25 97 56 42 42 42 55 55 55 55 68 78 78 52 81 88 88 88 98 98 98 98 98 3 3 7 7 7 0 0 0 0 0 0 0
0 0 0 0 0 0 0 0 0 0 0 0 0 0 0 25 97 67 67 67 42 42 42 42 42 68 78 52 52 81 16 16 88 98 98 88 88 88 88 54 7 0 0 0 0 0 0 0 0 0
0 0 0 0 0 0 0 0 0 0 0 0 0 0 0 25 97 97 18 67 67 67 67 67 67 68 78 52 28 28 28 16 88 88 88 88 16 16 16 54 54 0 0 0 0 0 0 0 0 0
0 0 0 0 0 0 0 0 0 0 0 0 0 0 0 25 25 18 18 40 40 40 40 40 67 68 78 51 51 12 28 16 16 16 16 16 16 63 16 9 54 0 0 0 0 0 0 0 0 0
0 0 0 0 0 0 0 0 0 0 0 0 0 0 0 0 46 18 40 40 67 67 67 67 67 68 61 61 49 12 28 28 28 28 28 28 28 28 37 9 54 0 0 0 0 0 0 0 0 0
0 0 0 0 0 0 0 0 0 0 0 0 0 0 0 0 46 18 40 67 67 68 68 68 68 68 68 4 49 12 12 12 12 12 58 37 37 37 37 9 54 0 0 0 0 0 0 0 0 0
0 0 0 0 0 0 0 0 0 0 0 0 0 0 46 46 46 18 40 67 66 11 44 44 44 44 49 49 49 12 71 71 71 29 58 58 9 9 9 9 54 0 0 0 0 0 0 0 0 0
0 0 0 0 0 0 0 0 0 0 0 0 0 0 46 18 18 18 40 67 66 64 44 65 65 44 44 44 48 12 71 31 71 29 29 96 96 54 54 54 54 0 0 0 0 0 0 0 0 0
0 0 0 0 0 0 0 0 0 0 0 0 0 46 46 18 40 40 40 67 89 64 65 65 91 91 10 10 48 93 71 31 71 23 0 0 0 0 0 0 0 0 0 0 0 0 0 0 0 0
0 0 0 0 0 0 0 0 0 0 0 46 46 46 18 18 40 80 89 89 89 15 65 19 19 87 87 74 74 93 31 31 69 23 0 0 0 0 0 0 0 0 0 0 0 0 0 0 0 0
0 0 0 0 0 0 0 0 0 0 0 46 86 18 18 2 2 2 2 15 15 15 65 62 19 19 20 20 20 20 31 69 69 0 0 0 0 0 0 0 0 0 0 0 0 0 0 0 0 0
0 0 0 0 0 0 0 0 0 0 0 43 43 43 24 24 41 41 41 41 65 65 65 62 62 19 19 19 19 20 31 69 69 0 0 0 0 0 0 0 0 0 0 0 0 0 0 0 0 0
0 0 0 0 0 0 0 0 0 0 79 79 79 43 24 77 77 32 32 32 32 62 62 62 62 62 62 62 19 20 31 31 69 0 0 0 0 0 0 0 0 0 0 0 0 0 0 0 0 0
0 0 0 0 0 0 0 0 0 0 79 43 43 43 24 77 32 32 0 0 0 0 0 0 0 0 0 62 19 20 20 31 69 0 0 0 0 0 0 0 0 0 0 0 0 0 0 0 0 0
0 0 0 0 0 0 0 0 0 0 79 47 24 24 24 77 32 0 0 0 0 0 0 0 0 0 0 62 19 19 20 31 69 69 0 0 0 0 0 0 0 0 0 0 0 0 0 0 0 0
0 0 0 0 0 0 0 0 0 0 79 79 79 77 77 77 32 0 0 0 0 0 0 0 0 0 0 62 62 19 20 31 31 69 69 69 0 0 0 0 0 0 0 0 0 0 0 0 0 0
0 0 0 0 0 0 0 0 0 0 0 79 79 77 100 32 32 0 0 0 0 0 0 0 0 0 0 0 62 19 20 20 31 31 31 69 0 0 0 0 0 0 0 0 0 0 0 0 0 0
0 0 0 0 0 0 0 0 0 0 0 79 77 77 100 90 0 0 0 0 0 0 0 0 0 0 0 0 62 19 14 20 20 20 31 69 0 0 0 0 0 0 0 0 0 0 0 0 0 0
0 0 0 0 0 0 0 0 0 0 79 79 77 100 100 90 0 0 0 0 0 0 0 0 0 0 0 0 62 33 14 17 17 20 31 69 0 0 0 0 0 0 0 0 0 0 0 0 0 0
0 0 0 0 0 0 79 79 79 79 79 77 77 100 90 90 0 0 0 0 0 0 0 0 0 0 0 0 14 14 14 0 17 20 31 69 0 0 0 0 0 0 0 0 0 0 0 0 0 0
0 0 0 0 0 0 95 77 77 77 77 77 100 100 90 0 0 0 0 0 0 0 0 0 0 0 0 0 0 0 0 0 17 20 31 69 0 0 0 0 0 0 0 0 0 0 0 0 0 0
0 0 0 0 0 0 95 45 100 100 100 100 100 90 90 0 0 0 0 0 0 0 0 0 0 0 0 0 0 0 0 0 17 20 31 22 22 0 0 0 0 0 0 0 0 0 0 0 0 0
0 0 0 0 0 0 95 90 90 90 90 90 90 90 0 0 0 0 0 0 0 0 0 0 0 0 0 0 0 0 0 0 17 20 59 59 8 0 0 0 0 0 0 0 0 0 0 0 0 0
0 0 0 0 0 0 13 13 0 0 0 0 0 0 0 0 0 0 0 0 0 0 0 0 0 0 0 0 0 0 0 0 17 99 99 8 8 0 0 0 0 0 0 0 0 0 0 0 0 0
0 0 0 0 0 0 0 0 0 0 0 0 0 0 0 0 0 0 0 0 0 0 0 0 0 0 0 0 0 0 0 0 17 17 17 17 0 0 0 0 0 0 0 0 0 0 0 0 0 0
0 0 0 0 0 0 0 0 0 0 0 0 0 0 0 0 0 0 0 0 0 0 0 0 0 0 0 0 0 0 0 0 0 0 0 0 0 0 0 0 0 0 0 0 0 0 0 0 0 0
0 0 0 0 0 0 0 0 0 0 0 0 0 0 0 0 0 0 0 0 0 0 0 0 0 0 0 0 0 0 0 0 0 0 0 0 0 0 0 0 0 0 0 0 0 0 0 0 0 0
0 0 0 0 0 0 0 0 0 0 0 0 0 0 0 0 0 0 0 0 0 0 0 0 0 0 0 0 0 0 0 0 0 0 0 0 0 0 0 0 0 0 0 0 0 0 0 0 0 0
0 0 0 0 0 0 0 0 0 0 0 0 0 0 0 0 0 0 0 0 0 0 0 0 0 0 0 0 0 0 0 0 0 0 0 0 0 0 0 0 0 0 0 0 0 0 0 0 0 0
0 0 0 0 0 0 0 0 0 0 0 0 0 0 0 0 0 0 0 0 0 0 0 0 0 0 0 0 0 0 0 0 0 0 0 0 0 0 0 0 0 0 0 0 0 0 0 0 0 0
0 0 0 0 0 0 0 0 0 0 0 0 0 0 0 0 0 0 0 0 0 0 0 0 0 0 0 0 0 0 0 0 0 0 0 0 0 0 0 0 0 0 0 0 0 0 0 0 0 0
