0 0 0 0 0 0 0 0 0 0 0 0 0 0 0 0 0 0 0 0 0 0 0 0 0 0 0 0 0 0 0 0 0 0 0 0 0 0 0 0 0 0 0 0 0 0 0 0 0 0
0 0 0 0 0 0 0 0 0 0 0 0 0 0 0 0 0 0 0 0 0 0 0 0 0 0 0 0 0 0 0 0 0 0 0 0 0 0 0 0 0 0 0 0 0 0 0 0 0 0
0 0 0 0 0 0 0 0 0 0 0 0 0 0 0 0 0 0 0 0 0 0 0 0 0 0 0 0 0 0 0 0 0 0 0 0 0 0 0 0 0 0 0 0 0 0 0 0 0 0
0 0 0 0 0 0 0 0 0 0 0 0 0 0 0 0 0 0 0 0 0 0 0 0 0 0 0 0 0 0 0 0 0 0 0 0 0 0 0 0 0 0 0 0 0 0 0 0 0 0
0 0 0 0 0 0 0 0 0 0 0 0 0 0 0 0 0 0 0 0 0 0 0 0 0 0 0 0 0 0 28 28 24 24 24 0 48 48 14 14 14 0 0 0 0 0 0 0 0 0
0 0 0 0 0 0 0 0 0 0 0 0 0 0 0 0 0 0 0 0 0 0 0 0 0 0 0 0 0 0 28 79 67 67 24 0 48 20 20 89 14 0 0 0 0 0 0 0 0 0
0 0 0 0 0 0 0 0 0 0 0 0 0 0 0 0 0 0 0 0 0 0 0 0 0 0 0 0 28 28 28 79 79 67 24 24 48 20 38 38 14 0 0 0 0 0 0 0 0 0
0 0 0 0 0 0 0 0 0 0 0 0 0 0 0 0 0 0 0 0 0 0 0 0 0 0 0 28 28 79 79 79 79 67 67 24 20 20 38 14 14 38 53 0 0 0 0 0 0 0
0 0 0 0 0 0 0 0 0 0 0 0 0 0 0 0 0 0 0 0 0 0 0 0 0 0 0 28 85 29 79 79 79 79 67 67 67 38 38 38 38 38 81 0 0 0 0 0 0 0
0 0 0 0 0 0 0 0 0 0 0 0 0 0 0 0 0 0 0 0 0 0 0 0 0 28 28 28 85 29 79 79 79 79 79 79 67 38 81 81 81 81 81 0 0 0 0 0 0 0
0 0 0 0 0 0 0 0 0 0 0 0 90 88 88 88 62 0 0 0 0 0 0 0 0 28 85 85 85 29 79 79 79 79 79 79 67 38 81 0 0 0 0 0 0 0 0 0 0 0
0 0 0 0 0 0 0 0 0 0 0 0 84 84 84 68 62 0 0 0 0 0 0 0 0 28 85 29 29 29 79 79 79 79 79 79 67 38 81 0 0 0 0 0 0 0 0 0 0 0
0 0 0 0 0 0 0 0 0 0 0 0 0 0 84 68 64 64 64 0 0 0 0 0 0 28 85 29 79 79 79 79 79 79 79 67 67 38 81 0 0 0 0 0 0 0 0 0 0 0
0 0 0 0 0 0 0 0 0 0 0 0 0 0 84 68 64 59 64 0 0 0 0 0 0 28 85 29 79 79 79 79 79 79 79 67 38 38 81 81 0 0 0 0 0 0 0 0 0 0
0 0 0 0 0 0 0 0 0 0 0 0 0 0 84 68 68 59 64 19 19 19 0 0 0 28 85 29 79 79 79 79 79 79 79 67 38 38 38 81 0 0 0 0 0 0 0 0 0 0
0 0 0 0 0 0 0 0 0 0 0 0 0 0 84 84 68 59 15 15 15 19 19 19 19 28 85 29 79 79 79 79 79 79 67 67 67 100 38 81 0 0 0 0 0 0 0 0 0 0
0 0 0 0 0 0 0 0 0 0 0 0 0 0 0 84 68 59 59 35 15 19 21 28 19 28 85 29 79 67 67 67 67 67 67 41 92 100 32 81 37 0 0 0 0 0 0 0 0 0
0 0 0 0 0 0 0 0 0 0 0 0 0 0 0 84 54 54 54 35 80 19 85 28 28 28 85 29 67 67 40 40 40 40 40 40 92 100 87 87 37 0 0 0 0 0 0 0 0 0
0 0 0 0 0 0 0 0 0 0 0 0 0 0 0 51 51 51 54 55 80 80 85 85 85 28 85 29 67 40 40 92 92 92 92 92 92 100 87 0 0 0 0 0 0 0 0 0 0 0
0 0 0 0 0 0 0 0 0 0 0 0 0 0 0 0 45 51 18 55 55 80 80 80 85 85 85 29 67 40 92 92 100 100 100 100 100 100 87 0 0 0 0 0 0 0 0 0 0 0
0 0 0 0 0 0 0 0 0 0 0 0 0 0 0 0 45 43 18 18 55 55 55 57 57 40 40 40 67 40 92 100 100 87 87 87 87 87 87 0 0 0 0 0 0 0 0 0 0 0
0 0 0 0 0 0 0 0 0 0 0 0 0 0 0 0 0 43 26 86 86 86 73 73 57 57 97 40 67 40 92 100 78 78 50 50 50 50 50 42 0 0 0 0 0 0 0 0 0 0
0 0 0 0 0 0 0 0 0 0 0 0 0 0 0 0 0 0 26 26 77 77 77 73 57 57 63 40 40 40 92 100 96 66 50 0 0 0 0 0 0 0 0 0 0 0 0 0 0 0
0 0 0 0 0 0 0 0 0 0 0 0 0 0 0 0 0 0 0 26 34 31 77 73 57 57 63 92 92 92 92 100 2 66 50 0 0 0 0 0 0 0 0 0 0 0 0 0 0 0
0 0 0 0 0 0 0 0 0 0 0 0 0 0 0 0 0 0 0 26 34 31 70 63 57 57 63 92 27 27 27 27 27 66 50 0 0 0 0 0 0 0 0 0 0 0 0 0 0 0
0 0 0 0 0 0 0 0 0 0 0 0 0 0 0 0 0 0 0 26 34 31 70 63 57 57 63 92 27 27 60 60 66 66 50 0 0 0 0 0 0 0 0 0 0 0 0 0 0 0
0 0 0 0 0 0 0 0 0 0 0 0 0 0 0 0 0 0 56 26 34 31 70 63 57 57 63 92 82 27 27 60 60 7 50 0 0 0 0 0 0 0 0 0 0 0 0 0 0 0
0 0 0 0 0 0 0 0 0 0 0 0 0 0 0 0 0 0 56 71 34 31 70 63 63 63 63 63 82 91 27 27 60 7 0 0 0 0 0 0 0 0 0 0 0 0 0 0 0 0
0 0 0 0 0 0 0 0 0 0 0 0 0 0 0 0 0 0 56 71 4 31 70 70 70 52 52 74 74 91 91 27 60 7 7 7 0 0 0 0 0 0 0 0 0 0 0 0 0 0
0 0 0 0 0 0 0 0 0 0 0 0 0 0 12 56 56 56 56 71 98 98 98 98 3 3 6 6 6 6 91 27 60 60 60 7 0 0 0 0 0 0 0 0 0 0 0 0 0 0
0 0 0 0 0 0 0 0 0 0 0 0 0 0 12 9 71 71 71 71 98 33 33 36 36 36 36 30 30 8 91 44 44 94 60 7 7 0 0 0 0 0 0 0 0 0 0 0 0 0
0 0 0 0 0 0 0 0 0 0 0 0 0 0 12 9 95 98 98 98 98 33 47 47 1 1 1 1 30 8 8 8 8 94 60 60 7 7 0 0 0 0 0 0 0 0 0 0 0 0
0 0 0 0 0 0 0 0 0 0 0 0 0 0 12 9 9 98 33 33 33 33 47 25 25 0 0 1 30 30 30 30 8 94 94 60 49 7 0 0 0 0 0 0 0 0 0 0 0 0
0 0 0 0 0 0 0 0 0 0 0 0 0 12 12 12 9 93 33 47 47 47 47 25 0 0 0 1 1 1 1 30 8 8 94 5 49 7 0 0 0 0 0 0 0 0 0 0 0 0
0 0 0 0 0 0 0 0 0 0 0 0 0 12 65 65 65 65 65 47 25 25 25 25 0 0 0 0 0 0 1 30 30 8 61 5 7 7 0 0 0 0 0 0 0 0 0 0 0 0
0 0 0 0 0 0 0 0 0 0 0 0 12 12 65 13 13 13 13 13 25 0 0 0 0 0 0 0 0 0 1 1 30 39 39 5 46 72 0 0 0 0 0 0 0 0 0 0 0 0
0 0 0 0 0 0 0 0 0 0 0 0 12 65 65 13 25 25 25 25 25 0 0 0 0 0 0 0 0 0 0 1 99 99 99 99 46 11 0 0 0 0 0 0 0 0 0 0 0 0
0 0 0 0 0 0 0 12 12 12 12 12 12 65 13 13 25 0 0 0 0 0 0 0 0 0 0 0 0 0 0 1 1 1 1 17 17 11 0 0 0 0 0 0 0 0 0 0 0 0
0 0 0 0 0 0 12 12 65 65 65 65 65 65 13 25 25 0 0 0 0 0 0 0 0 0 0 0 0 0 0 0 0 0 58 58 58 58 0 0 0 0 0 0 0 0 0 0 0 0
0 0 0 0 0 0 12 65 65 13 13 13 13 13 13 25 0 0 0 0 0 0 0 0 0 0 0 0 0 0 0 0 0 0 0 0 0 0 0 0 0 0 0 0 0 0 0 0 0 0
0 0 0 0 0 83 12 65 13 13 25 25 25 25 25 25 0 0 0 0 0 0 0 0 0 0 0 0 0 0 0 0 0 0 0 0 0 0 0 0 0 0 0 0 0 0 0 0 0 0
0 0 0 0 0 83 10 65 76 25 25 0 0 0 0 0 0 0 0 0 0 0 0 0 0 0 0 0 0 0 0 0 0 0 0 0 0 0 0 0 0 0 0 0 0 0 0 0 0 0
0 0 0 0 0 83 10 16 76 25 0 0 0 0 0 0 0 0 0 0 0 0 0 0 0 0 0 0 0 0 0 0 0 0 0 0 0 0 0 0 0 0 0 0 0 0 0 0 0 0
0 0 0 0 0 83 10 76 76 25 0 0 0 0 0 0 0 0 0 0 0 0 0 0 0 0 0 0 0 0 0 0 0 0 0 0 0 0 0 0 0 0 0 0 0 0 0 0 0 0
0 0 0 0 0 83 10 75 75 25 0 0 0 0 0 0 0 0 0 0 0 0 0 0 0 0 0 0 0 0 0 0 0 0 0 0 0 0 0 0 0 0 0 0 0 0 0 0 0 0
0 0 23 23 83 83 69 69 0 0 0 0 0 0 0 0 0 0 0 0 0 0 0 0 0 0 0 0 0 0 0 0 0 0 0 0 0 0 0 0 0 0 0 0 0 0 0 0 0 0
0 0 23 22 83 69 69 0 0 0 0 0 0 0 0 0 0 0 0 0 0 0 0 0 0 0 0 0 0 0 0 0 0 0 0 0 0 0 0 0 0 0 0 0 0 0 0 0 0 0
0 0 23 69 69 69 0 0 0 0 0 0 0 0 0 0 0 0 0 0 0 0 0 0 0 0 0 0 0 0 0 0 0 0 0 0 0 0 0 0 0 0 0 0 0 0 0 0 0 0
0 0 0 0 0 0 0 0 0 0 0 0 0 0 0 0 0 0 0 0 0 0 0 0 0 0 0 0 0 0 0 0 0 0 0 0 0 0 0 0 0 0 0 0 0 0 0 0 0 0
0 0 0 0 0 0 0 0 0 0 0 0 0 0 0 0 0 0 0 0 0 0 0 0 0 0 0 0 0 0 0 0 0 0 0 0 0 0 0 0 0 0 0 0 0 0 0 0 0 0
