0 0 0 0 0 0 0 0 0 0 0 0 38 38 38 0 0 0 0 0 0 0 0 0 0 0 0 0 0 0 0 0 0 0 0 0 0 0 0 0 0 0 0 0 0 0 0 0 0 0
0 0 0 0 0 0 0 0 0 0 0 0 38 67 67 60 60 60 0 0 0 0 0 0 0 0 0 0 0 0 0 0 0 0 0 0 0 0 0 0 0 0 0 0 0 0 0 0 0 0
0 0 0 0 0 0 0 0 0 0 0 0 38 67 67 67 67 60 0 0 0 0 0 0 0 0 0 0 0 0 0 0 0 0 0 0 0 0 0 0 0 0 0 0 0 0 0 0 0 0
0 0 0 0 0 0 0 0 0 0 0 0 38 67 67 67 67 60 60 0 0 0 0 0 0 0 0 0 0 0 0 0 0 0 0 0 0 0 0 0 0 0 0 0 0 0 0 0 0 0
0 0 0 0 0 0 0 0 0 0 0 0 38 38 38 38 38 38 60 0 0 0 0 0 0 0 0 0 0 0 0 0 0 0 0 0 0 0 0 0 0 0 0 0 0 0 0 0 0 0
0 0 0 0 0 0 0 0 0 0 38 38 38 38 60 60 38 60 60 0 0 0 0 0 0 0 0 0 0 0 0 0 0 0 0 0 0 0 0 0 0 0 0 0 0 0 0 0 0 0
0 0 0 0 0 0 0 0 0 11 11 55 55 55 44 60 38 60 0 0 0 0 0 0 0 0 0 0 0 0 0 0 0 0 0 0 0 0 0 0 0 0 0 0 0 0 0 0 0 0
0 0 0 0 0 0 0 0 0 48 42 55 44 44 44 60 60 60 0 0 0 0 0 0 0 0 0 0 0 0 0 0 0 0 0 0 0 0 0 0 0 0 0 0 0 0 0 0 0 0
0 0 0 0 0 0 0 0 0 0 42 55 44 44 96 96 0 0 0 0 0 0 0 0 0 0 0 0 0 0 0 0 0 0 0 0 0 0 0 0 0 0 0 0 0 0 0 0 0 0
0 0 0 0 0 0 0 0 0 0 42 55 55 44 44 96 0 0 0 0 0 0 0 0 0 0 0 0 0 0 0 0 0 0 0 0 0 0 0 0 0 0 0 0 0 0 0 0 0 0
0 0 0 0 0 0 0 0 0 0 42 42 55 55 44 96 0 0 0 0 0 0 0 0 0 0 0 0 0 0 0 0 0 0 0 0 0 0 0 0 0 0 0 0 0 0 0 0 0 0
0 0 0 0 0 0 0 0 0 0 0 42 42 55 44 96 96 96 96 96 96 0 0 0 0 0 0 0 0 0 0 0 0 0 0 0 0 0 0 0 0 89 89 89 0 0 0 0 0 0
0 0 0 0 0 0 0 0 0 0 0 0 42 55 44 44 44 44 44 44 96 0 0 0 0 0 0 0 0 0 0 0 0 0 0 0 0 0 0 0 46 89 12 89 0 0 0 0 0 0
0 0 0 0 0 0 0 0 0 0 0 0 42 55 55 55 55 64 64 39 96 0 0 0 0 0 0 0 0 0 0 0 0 0 0 0 0 0 0 0 46 71 76 89 0 0 0 0 0 0
0 0 0 0 0 0 0 0 0 0 0 0 42 42 42 42 55 10 72 39 96 0 0 0 0 0 0 0 0 0 0 0 0 0 0 0 0 0 46 46 46 71 37 89 0 0 0 0 0 0
0 0 0 0 0 0 0 0 0 0 0 0 0 0 0 42 42 10 62 39 96 0 0 0 0 91 91 91 91 91 91 57 57 46 46 46 46 46 46 71 71 71 37 37 37 37 0 0 0 0
0 0 0 0 0 0 0 0 0 0 0 0 0 0 0 0 42 95 62 39 96 0 0 0 0 91 96 96 5 5 49 49 18 18 18 85 85 71 46 71 56 56 56 56 56 37 0 0 0 0
0 0 0 0 0 0 0 0 0 0 0 0 81 81 81 53 53 95 62 39 96 0 0 0 0 91 96 40 40 68 49 75 75 75 75 75 78 71 46 71 71 71 71 71 56 37 0 0 0 0
0 0 0 0 0 0 0 0 0 0 0 0 81 1 1 1 1 1 62 39 96 0 0 0 0 91 96 40 52 68 75 75 79 79 79 79 79 71 71 71 77 77 77 71 56 37 0 0 0 0
0 0 0 0 0 0 0 0 0 0 0 0 81 1 100 74 74 1 62 39 96 96 96 0 0 91 96 2 52 75 75 79 79 77 77 77 77 77 77 77 77 16 16 56 56 37 0 0 0 0
0 0 0 0 0 0 0 0 0 0 0 0 81 1 35 98 74 74 74 39 39 39 96 96 96 91 96 2 58 75 79 79 77 77 16 16 16 16 16 16 16 16 56 56 37 37 0 0 0 0
0 0 0 0 0 0 0 0 0 0 0 0 81 1 1 98 98 98 74 74 74 39 39 39 96 96 96 2 58 79 79 77 77 16 16 56 56 56 56 56 56 56 56 37 37 0 0 0 0 0
0 0 0 0 0 0 0 0 0 0 0 0 81 81 1 1 1 98 98 98 74 74 74 82 96 96 2 2 58 79 77 77 77 16 56 56 37 37 37 37 37 37 37 37 0 0 0 0 0 0
0 0 0 0 0 0 0 0 0 0 0 0 0 81 81 81 1 1 1 98 98 98 98 82 82 2 2 58 58 79 79 24 70 16 16 16 16 0 0 0 0 0 0 0 0 0 0 0 0 0
0 0 0 0 0 0 0 0 0 0 0 0 0 0 0 81 81 81 1 34 34 34 98 83 82 58 58 58 45 45 27 24 70 6 26 63 0 0 0 0 0 0 0 0 0 0 0 0 0 0
0 0 0 0 0 0 0 0 0 0 0 0 0 0 0 0 0 81 61 61 54 34 34 83 45 45 45 45 45 25 27 70 70 6 26 63 63 0 0 0 0 0 0 0 0 0 0 0 0 0
0 0 0 0 0 0 0 0 0 0 0 0 0 0 0 0 0 81 21 21 54 86 87 83 19 19 19 19 19 25 9 70 15 6 26 26 63 0 0 0 0 0 0 0 0 0 0 0 0 0
0 0 0 0 0 0 0 0 0 0 0 0 0 0 0 0 0 81 21 93 54 86 69 83 36 36 36 36 19 29 29 29 15 6 6 26 63 63 0 0 0 0 0 0 0 0 0 0 0 0
0 0 0 0 0 0 0 0 0 0 0 0 0 0 0 0 0 81 21 93 80 86 69 36 36 20 20 36 19 14 4 4 15 15 6 26 26 63 63 63 0 0 0 0 0 0 0 0 0 0
0 0 0 0 0 0 0 0 0 0 0 0 0 0 0 0 0 81 21 93 80 90 69 97 20 20 20 36 19 14 32 4 4 15 6 6 26 26 26 63 0 0 0 0 0 0 0 0 0 0
0 0 0 0 0 0 0 0 0 0 0 0 0 41 81 81 81 81 21 93 80 97 97 97 20 50 20 36 19 14 32 32 4 15 7 6 6 6 26 63 63 63 63 0 0 0 0 0 0 0
0 0 0 0 0 0 0 0 0 0 0 0 0 41 8 21 21 21 21 13 80 20 20 20 20 50 20 36 19 14 3 32 4 15 7 7 7 6 26 26 26 26 63 0 0 0 0 0 0 0
0 0 0 0 0 0 0 0 0 0 0 0 0 41 41 41 99 99 13 13 50 50 50 50 50 50 20 36 19 14 3 32 4 15 7 7 7 6 6 6 6 26 6 22 0 0 0 0 0 0
0 0 0 0 0 0 0 0 0 0 0 0 0 0 0 66 99 47 47 50 50 28 28 28 28 59 20 36 19 14 3 32 4 15 15 7 7 0 0 0 6 6 6 0 0 0 0 0 0 0
0 0 0 0 0 0 0 0 0 0 0 0 0 0 0 0 99 47 50 50 23 28 51 51 17 59 20 36 19 14 3 32 4 4 15 15 7 0 0 0 0 0 0 0 0 0 0 0 0 0
0 0 0 0 0 0 0 0 0 0 0 0 0 0 0 0 33 47 50 23 23 28 51 51 65 59 20 20 14 14 3 32 32 4 4 15 7 0 0 0 0 0 0 0 0 0 0 0 0 0
0 0 0 0 0 0 0 0 0 0 0 0 0 33 33 33 33 47 50 23 23 28 51 73 65 59 59 59 59 65 3 3 32 32 4 15 7 7 0 0 0 0 0 0 0 0 0 0 0 0
0 0 0 0 0 0 0 0 0 0 0 0 0 33 47 47 47 47 50 23 23 28 51 73 65 65 65 65 65 65 0 3 3 32 4 15 15 7 0 0 0 0 0 0 0 0 0 0 0 0
0 0 0 0 0 0 0 0 0 0 0 0 88 33 94 84 50 50 50 23 23 28 51 73 0 0 0 0 0 0 0 0 3 32 4 4 15 7 0 0 0 0 0 0 0 0 0 0 0 0
0 0 0 0 0 0 0 0 0 0 0 0 88 94 94 94 94 23 23 23 23 28 51 73 0 0 0 0 0 0 0 0 3 32 32 4 15 7 92 92 92 92 92 0 0 0 0 0 0 0
0 0 0 0 0 0 0 0 0 0 0 0 88 94 23 23 23 23 0 0 23 28 51 73 0 0 0 0 0 0 0 0 3 3 32 4 15 15 92 30 30 30 92 92 0 0 0 0 0 0
0 0 0 0 0 0 0 0 0 0 0 0 88 94 23 0 0 0 0 0 23 28 51 73 0 0 0 0 0 0 0 0 0 3 32 4 4 15 92 30 30 30 30 92 0 0 0 0 0 0
0 0 0 0 0 0 0 0 0 0 0 88 88 94 23 0 0 0 0 0 23 28 51 73 0 0 0 0 0 0 0 0 0 3 32 32 32 31 31 30 30 30 30 92 0 0 0 0 0 0
0 0 0 0 0 0 0 0 0 0 0 88 94 94 23 0 0 0 0 0 23 28 51 73 0 0 0 0 0 0 0 0 0 3 3 3 3 3 31 31 30 30 30 92 0 0 0 0 0 0
0 0 0 0 0 0 0 0 0 0 0 88 94 23 23 0 0 0 0 0 23 28 51 73 0 0 0 0 0 0 0 0 0 0 0 0 0 0 0 31 30 30 30 92 92 0 0 0 0 0
0 0 0 0 0 0 0 0 0 0 0 88 94 43 23 0 0 0 0 0 23 28 51 73 0 0 0 0 0 0 0 0 0 0 0 0 0 0 0 31 30 30 30 30 92 0 0 0 0 0
0 0 0 0 0 0 0 0 0 0 0 88 94 94 88 0 0 0 0 0 23 28 51 73 0 0 0 0 0 0 0 0 0 0 0 0 0 0 0 31 30 30 30 30 92 0 0 0 0 0
0 0 0 0 0 0 0 0 0 0 0 88 88 88 88 0 0 0 0 0 23 28 51 73 0 0 0 0 0 0 0 0 0 0 0 0 0 0 0 0 92 92 92 92 92 0 0 0 0 0
0 0 0 0 0 0 0 0 0 0 0 0 0 0 0 0 0 0 0 0 73 51 51 73 0 0 0 0 0 0 0 0 0 0 0 0 0 0 0 0 0 0 0 0 0 0 0 0 0 0
0 0 0 0 0 0 0 0 0 0 0 0 0 0 0 0 0 0 0 0 73 73 73 73 0 0 0 0 0 0 0 0 0 0 0 0 0 0 0 0 0 0 0 0 0 0 0 0 0 0
